"Codice Istat","Comune","Regione","Provincia","Sigla Auto","CAP","Latitudine","Longitudine","Altitudine","Superfice","ITA-Femmine","ITA-Maschi","ITA-Totale","STR-Femmine","STR-Maschi","STR-Totale","POP-Femmine","POP-Maschi","POP-Totale","% Stranieri"
"1001","Agliè","PIEMONTE","Torino","TO","10011","45.3673","7.76752","315","13.3","1270","1173","2443","108","93","201","1378","1266","2644","7.6"
"1002","Airasca","PIEMONTE","Torino","TO","10060","44.9171","7.48935","257","15.7","1747","1808","3555","142","122","264","1889","1930","3819","6.9"
"1003","Ala di Stura","PIEMONTE","Torino","TO","10070","45.3152","7.30429","1.080","46.1","213","243","456","5","1","6","218","244","462","1.3"
"1004","Albiano d'Ivrea","PIEMONTE","Torino","TO","10010","45.4328","7.94763","230","11.7","844","831","1675","64","52","116","908","883","1791","6.5"
"1005","Alice Superiore","PIEMONTE","Torino","TO","10010","45.4598","7.77817","610","7.0","334","353","687","11","3","14","345","356","701","2.0"
"1006","Almese","PIEMONTE","Torino","TO","10040","45.1175","7.39499","364","17.9","3074","2936","6010","163","130","293","3237","3066","6303","4.6"
"1007","Alpette","PIEMONTE","Torino","TO","10080","45.4106","7.5803","957","5.7","137","132","269","4","4","8","141","136","277","2.9"
"1008","Alpignano","PIEMONTE","Torino","TO","10091","45.0929","7.5237","314","12.0","8313","7970","16283","350","260","610","8663","8230","16893","3.6"
"1009","Andezeno","PIEMONTE","Torino","TO","10020","45.0367","7.86739","306","7.5","909","914","1823","81","62","143","990","976","1966","7.3"
"1010","Andrate","PIEMONTE","Torino","TO","10010","45.5489","7.88296","836","9.3","222","255","477","19","16","35","241","271","512","6.8"
"1011","Angrogna","PIEMONTE","Torino","TO","10060","44.8436","7.22452","782","38.7","415","443","858","9","3","12","424","446","870","1.4"
"1012","Arignano","PIEMONTE","Torino","TO","10020","45.0378","7.9017","321","8.2","478","518","996","23","20","43","501","538","1039","4.1"
"1013","Avigliana","PIEMONTE","Torino","TO","10051","45.0763","7.40169","383","23.3","5880","5670","11550","341","238","579","6221","5908","12129","4.8"
"1014","Azeglio","PIEMONTE","Torino","TO","10010","45.4226","7.99541","260","9.9","642","610","1252","51","44","95","693","654","1347","7.1"
"1015","Bairo","PIEMONTE","Torino","TO","10010","45.3858","7.75839","365","7.2","408","389","797","11","8","19","419","397","816","2.3"
"1016","Balangero","PIEMONTE","Torino","TO","10070","45.2725","7.52039","440","12.9","1554","1470","3024","84","53","137","1638","1523","3161","4.3"
"1017","Baldissero Canavese","PIEMONTE","Torino","TO","10080","45.4097","7.74396","392","4.4","275","235","510","16","8","24","291","243","534","4.5"
"1018","Baldissero Torinese","PIEMONTE","Torino","TO","10020","45.0666","7.81306","421","15.5","1813","1843","3656","83","44","127","1896","1887","3783","3.4"
"1019","Balme","PIEMONTE","Torino","TO","10070","45.3017","7.21937","1.432","61.5","45","49","94","1","0","1","46","49","95","1.1"
"1020","Banchette","PIEMONTE","Torino","TO","10010","45.4596","7.85549","266","2.2","1515","1357","2872","227","181","408","1742","1538","3280","12.4"
"1021","Barbania","PIEMONTE","Torino","TO","10070","45.2913","7.63121","362","12.8","786","769","1555","36","32","68","822","801","1623","4.2"
"1022","Bardonecchia","PIEMONTE","Torino","TO","10052","45.0743","6.69605","1.312","132.3","1467","1435","2902","175","135","310","1642","1570","3212","9.7"
"1023","Barone Canavese","PIEMONTE","Torino","TO","10010","45.3261","7.87178","325","4.0","271","289","560","20","19","39","291","308","599","6.5"
"1024","Beinasco","PIEMONTE","Torino","TO","10092","45.0216","7.58215","265","6.8","8949","8413","17362","451","291","742","9400","8704","18104","4.1"
"1025","Bibiana","PIEMONTE","Torino","TO","10060","44.7987","7.28837","406","18.6","1559","1518","3077","164","135","299","1723","1653","3376","8.9"
"1026","Bobbio Pellice","PIEMONTE","Torino","TO","10060","44.8079","7.11933","732","93.9","277","271","548","10","8","18","287","279","566","3.2"
"1027","Bollengo","PIEMONTE","Torino","TO","10012","45.4713","7.93617","255","14.2","993","1028","2021","59","32","91","1052","1060","2112","4.3"
"1028","Borgaro Torinese","PIEMONTE","Torino","TO","10071","45.1518","7.65485","254","14.4","6693","6498","13191","250","179","429","6943","6677","13620","3.1"
"1029","Borgiallo","PIEMONTE","Torino","TO","10080","45.4162","7.66749","540","7.0","256","248","504","25","21","46","281","269","550","8.4"
"1030","Borgofranco d'Ivrea","PIEMONTE","Torino","TO","10013","45.5114","7.85614","253","13.3","1777","1648","3425","120","98","218","1897","1746","3643","6.0"
"1031","Borgomasino","PIEMONTE","Torino","TO","10031","45.3619","7.98897","260","12.5","410","359","769","36","30","66","446","389","835","7.9"
"1032","Borgone Susa","PIEMONTE","Torino","TO","10050","45.1228","7.24132","394","5.0","1073","1066","2139","90","91","181","1163","1157","2320","7.8"
"1033","Bosconero","PIEMONTE","Torino","TO","10080","45.268","7.76503","240","11.1","1461","1432","2893","95","68","163","1556","1500","3056","5.3"
"1034","Brandizzo","PIEMONTE","Torino","TO","10032","45.1768","7.83652","187","6.4","4060","3917","7977","229","196","425","4289","4113","8402","5.1"
"1035","Bricherasio","PIEMONTE","Torino","TO","10060","44.825","7.30352","400","22.6","2175","2136","4311","112","94","206","2287","2230","4517","4.6"
"1036","Brosso","PIEMONTE","Torino","TO","10080","45.4924","7.80282","797","11.3","237","210","447","9","4","13","246","214","460","2.8"
"1037","Brozolo","PIEMONTE","Torino","TO","10020","45.1177","8.06007","360","8.9","213","230","443","16","12","28","229","242","471","5.9"
"1038","Bruino","PIEMONTE","Torino","TO","10090","45.0208","7.46814","320","5.6","4117","4120","8237","141","101","242","4258","4221","8479","2.9"
"1039","Brusasco","PIEMONTE","Torino","TO","10020","45.1562","8.05995","170","14.4","832","779","1611","62","53","115","894","832","1726","6.7"
"1040","Bruzolo","PIEMONTE","Torino","TO","10050","45.1432","7.19072","455","12.4","751","717","1468","40","37","77","791","754","1545","5.0"
"1041","Buriasco","PIEMONTE","Torino","TO","10060","44.8728","7.41465","301","14.7","680","674","1354","24","27","51","704","701","1405","3.6"
"1042","Burolo","PIEMONTE","Torino","TO","10010","45.4833","7.93245","276","5.5","628","560","1188","27","13","40","655","573","1228","3.3"
"1043","Busano","PIEMONTE","Torino","TO","10080","45.3288","7.65674","317","5.1","749","741","1490","48","50","98","797","791","1588","6.2"
"1044","Bussoleno","PIEMONTE","Torino","TO","10053","45.1388","7.15028","440","37.4","3070","2761","5831","274","258","532","3344","3019","6363","8.4"
"1045","Buttigliera Alta","PIEMONTE","Torino","TO","10090","45.0664","7.43661","414","8.3","3117","3053","6170","118","98","216","3235","3151","6386","3.4"
"1046","Cafasse","PIEMONTE","Torino","TO","10070","45.2451","7.51806","409","10.0","1686","1652","3338","103","70","173","1789","1722","3511","4.9"
"1047","Caluso","PIEMONTE","Torino","TO","10014","45.3022","7.88967","303","39.5","3665","3324","6989","263","231","494","3928","3555","7483","6.6"
"1048","Cambiano","PIEMONTE","Torino","TO","10020","44.969","7.77578","253","14.2","3070","2955","6025","110","80","190","3180","3035","6215","3.1"
"1049","Campiglione-Fenile","PIEMONTE","Torino","TO","10060","44.8016","7.32544","365","11.1","669","654","1323","31","28","59","700","682","1382","4.3"
"1050","Candia Canavese","PIEMONTE","Torino","TO","10010","45.3281","7.88725","285","9.2","611","574","1185","56","45","101","667","619","1286","7.9"
"1051","Candiolo","PIEMONTE","Torino","TO","10060","44.9592","7.60054","237","11.9","2758","2670","5428","87","51","138","2845","2721","5566","2.5"
"1052","Canischio","PIEMONTE","Torino","TO","10080","45.3769","7.59205","659","11.7","138","149","287","5","2","7","143","151","294","2.4"
"1053","Cantalupa","PIEMONTE","Torino","TO","10060","44.9379","7.33666","459","11.1","1249","1177","2426","50","51","101","1299","1228","2527","4.0"
"1054","Cantoira","PIEMONTE","Torino","TO","10070","45.337","7.38699","750","23.1","270","281","551","1","2","3","271","283","554","0.5"
"1055","Caprie","PIEMONTE","Torino","TO","10040","45.1186","7.33166","374","16.4","1019","1033","2052","41","23","64","1060","1056","2116","3.0"
"1056","Caravino","PIEMONTE","Torino","TO","10010","45.3987","7.96156","257","11.5","471","472","943","33","19","52","504","491","995","5.2"
"1057","Carema","PIEMONTE","Torino","TO","10010","45.5826","7.80801","349","10.5","379","332","711","32","29","61","411","361","772","7.9"
"1058","Carignano","PIEMONTE","Torino","TO","10041","44.9059","7.67745","235","50.2","4355","4138","8493","362","301","663","4717","4439","9156","7.2"
"1059","Carmagnola","PIEMONTE","Torino","TO","10022","44.8459","7.71744","240","96.4","13157","12762","25919","1366","1278","2644","14523","14040","28563","9.3"
"1060","Casalborgone","PIEMONTE","Torino","TO","10020","45.1305","7.9411","205","20.2","879","849","1728","48","44","92","927","893","1820","5.1"
"1061","Cascinette d'Ivrea","PIEMONTE","Torino","TO","10010","45.481","7.90663","239","2.2","742","689","1431","29","31","60","771","720","1491","4.0"
"1062","Caselette","PIEMONTE","Torino","TO","10040","45.1078","7.48232","405","14.2","1378","1428","2806","74","51","125","1452","1479","2931","4.3"
"1063","Caselle Torinese","PIEMONTE","Torino","TO","10072","45.1746","7.64882","277","28.7","8811","8714","17525","441","333","774","9252","9047","18299","4.2"
"1064","Castagneto Po","PIEMONTE","Torino","TO","10090","45.1611","7.89248","473","11.6","842","851","1693","56","42","98","898","893","1791","5.5"
"1065","Castagnole Piemonte","PIEMONTE","Torino","TO","10060","45.2496","7.43891","244","17.3","1048","996","2044","84","65","149","1132","1061","2193","6.8"
"1066","Castellamonte","PIEMONTE","Torino","TO","10081","45.3755","7.71352","343","38.5","4707","4353","9060","463","394","857","5170","4747","9917","8.6"
"1067","Castelnuovo Nigra","PIEMONTE","Torino","TO","10080","45.4379","7.69382","828","28.6","181","216","397","14","6","20","195","222","417","4.8"
"1068","Castiglione Torinese","PIEMONTE","Torino","TO","10090","45.1178","7.8041","216","14.2","3121","3052","6173","117","73","190","3238","3125","6363","3.0"
"1069","Cavagnolo","PIEMONTE","Torino","TO","10020","45.1556","8.04884","177","12.4","1116","1099","2215","59","35","94","1175","1134","2309","4.1"
"1070","Cavour","PIEMONTE","Torino","TO","10061","44.7867","7.37358","300","49.1","2642","2600","5242","168","158","326","2810","2758","5568","5.9"
"1071","Cercenasco","PIEMONTE","Torino","TO","10060","44.8603","7.50358","256","13.1","874","877","1751","55","51","106","929","928","1857","5.7"
"1072","Ceres","PIEMONTE","Torino","TO","10070","45.3136","7.38868","704","27.9","491","499","990","40","26","66","531","525","1056","6.3"
"1073","Ceresole Reale","PIEMONTE","Torino","TO","10080","45.4322","7.23431","1.620","99.6","66","91","157","2","0","2","68","91","159","1.3"
"1074","Cesana Torinese","PIEMONTE","Torino","TO","10054","44.953","6.79369","1.354","121.3","422","479","901","59","47","106","481","526","1007","10.5"
"1075","Chialamberto","PIEMONTE","Torino","TO","10070","45.3619","7.34931","851","35.2","168","174","342","14","8","22","182","182","364","6.0"
"1076","Chianocco","PIEMONTE","Torino","TO","10050","45.1455","7.17378","550","18.6","823","807","1630","40","30","70","863","837","1700","4.1"
"1077","Chiaverano","PIEMONTE","Torino","TO","10010","45.4974","7.90063","329","12.0","1048","972","2020","44","42","86","1092","1014","2106","4.1"
"1078","Chieri","PIEMONTE","Torino","TO","10023","45.0089","7.82756","283","54.3","17067","15774","32841","1694","1427","3121","18761","17201","35962","8.7"
"1079","Chiesanuova","PIEMONTE","Torino","TO","10080","45.4177","7.65583","664","4.0","92","93","185","9","9","18","101","102","203","8.9"
"1080","Chiomonte","PIEMONTE","Torino","TO","10050","45.1178","6.98341","750","26.7","439","460","899","18","15","33","457","475","932","3.5"
"1081","Chiusa di San Michele","PIEMONTE","Torino","TO","10050","45.1009","7.32645","378","6.0","770","774","1544","75","72","147","845","846","1691","8.7"
"1082","Chivasso","PIEMONTE","Torino","TO","10034","45.19","7.88895","183","51.3","12421","11725","24146","967","801","1768","13388","12526","25914","6.8"
"1083","Ciconio","PIEMONTE","Torino","TO","10080","45.3289","7.75896","273","3.2","171","177","348","14","9","23","185","186","371","6.2"
"1084","Cintano","PIEMONTE","Torino","TO","10080","45.4453","7.68327","646","4.9","124","112","236","17","8","25","141","120","261","9.6"
"1085","Cinzano","PIEMONTE","Torino","TO","10090","45.0947","7.92409","495","6.2","170","188","358","12","5","17","182","193","375","4.5"
"1086","Ciriè","PIEMONTE","Torino","TO","10073","45.2332","7.60442","344","17.8","9072","8381","17453","537","425","962","9609","8806","18415","5.2"
"1087","Claviere","PIEMONTE","Torino","TO","10050","44.9394","6.7516","1.760","2.7","76","87","163","18","11","29","94","98","192","15.1"
"1088","Coassolo Torinese","PIEMONTE","Torino","TO","10070","45.2988","7.46057","742","28.0","717","760","1477","44","29","73","761","789","1550","4.7"
"1089","Coazze","PIEMONTE","Torino","TO","10050","45.0515","7.30386","750","56.5","1415","1439","2854","120","110","230","1535","1549","3084","7.5"
"1090","Collegno","PIEMONTE","Torino","TO","10093","45.0787","7.56624","302","18.1","24402","22643","47045","1219","819","2038","25621","23462","49083","4.2"
"1091","Colleretto Castelnuovo","PIEMONTE","Torino","TO","10080","45.4194","7.67779","585","6.4","143","136","279","39","29","68","182","165","347","19.6"
"1092","Colleretto Giacosa","PIEMONTE","Torino","TO","10010","45.4319","7.80372","280","4.6","280","277","557","24","22","46","304","299","603","7.6"
"1093","Condove","PIEMONTE","Torino","TO","10055","45.1136","7.31323","376","71.3","2259","2200","4459","122","89","211","2381","2289","4670","4.5"
"1094","Corio","PIEMONTE","Torino","TO","10070","45.3117","7.53343","625","41.4","1585","1516","3101","131","98","229","1716","1614","3330","6.9"
"1095","Cossano Canavese","PIEMONTE","Torino","TO","10010","45.3883","7.99364","346","3.3","238","263","501","15","6","21","253","269","522","4.0"
"1096","Cuceglio","PIEMONTE","Torino","TO","10090","45.3588","7.81622","375","6.9","447","430","877","65","55","120","512","485","997","12.0"
"1097","Cumiana","PIEMONTE","Torino","TO","10040","44.985","7.37422","377","60.8","3759","3769","7528","181","116","297","3940","3885","7825","3.8"
"1098","Cuorgnè","PIEMONTE","Torino","TO","10082","45.3875","7.6511","414","19.4","4636","4447","9083","531","470","1001","5167","4917","10084","9.9"
"1099","Druento","PIEMONTE","Torino","TO","10040","45.1346","7.57654","285","27.7","4072","3862","7934","285","217","502","4357","4079","8436","6.0"
"1100","Exilles","PIEMONTE","Torino","TO","10050","45.0973","6.92875","870","44.3","126","126","252","9","5","14","135","131","266","5.3"
"1101","Favria","PIEMONTE","Torino","TO","10083","45.3311","7.69122","316","14.9","2447","2382","4829","197","204","401","2644","2586","5230","7.7"
"1102","Feletto","PIEMONTE","Torino","TO","10080","45.3051","7.74629","275","8.0","1030","976","2006","126","137","263","1156","1113","2269","11.6"
"1103","Fenestrelle","PIEMONTE","Torino","TO","10060","45.0366","7.04852","1.154","49.0","266","273","539","5","9","14","271","282","553","2.5"
"1104","Fiano","PIEMONTE","Torino","TO","10070","45.2152","7.52329","429","12.2","1338","1279","2617","51","45","96","1389","1324","2713","3.5"
"1105","Fiorano Canavese","PIEMONTE","Torino","TO","10010","45.4686","7.82915","256","4.3","394","398","792","24","21","45","418","419","837","5.4"
"1106","Foglizzo","PIEMONTE","Torino","TO","10090","45.2718","7.82167","247","15.7","1127","1084","2211","72","48","120","1199","1132","2331","5.1"
"1107","Forno Canavese","PIEMONTE","Torino","TO","10084","45.3385","7.59911","585","16.7","1665","1618","3283","167","162","329","1832","1780","3612","9.1"
"1108","Frassinetto","PIEMONTE","Torino","TO","10080","45.4376","7.60749","1.048","24.8","128","144","272","0","0","0","128","144","272","0.0"
"1109","Front","PIEMONTE","Torino","TO","10070","45.2805","7.66367","270","10.6","822","810","1632","52","42","94","874","852","1726","5.4"
"1110","Frossasco","PIEMONTE","Torino","TO","10060","44.9339","7.35111","376","20.2","1376","1340","2716","71","53","124","1447","1393","2840","4.4"
"1111","Garzigliana","PIEMONTE","Torino","TO","10060","44.8359","7.37489","314","7.4","261","280","541","8","8","16","269","288","557","2.9"
"1112","Gassino Torinese","PIEMONTE","Torino","TO","10090","45.1308","7.82587","230","20.5","4616","4375","8991","295","250","545","4911","4625","9536","5.7"
"1113","Germagnano","PIEMONTE","Torino","TO","10070","45.2613","7.46464","485","14.2","594","574","1168","50","38","88","644","612","1256","7.0"
"1114","Giaglione","PIEMONTE","Torino","TO","10050","45.1415","7.01524","771","33.6","340","310","650","3","0","3","343","310","653","0.5"
"1115","Giaveno","PIEMONTE","Torino","TO","10094","45.042","7.35259","506","72.0","7902","7264","15166","604","511","1115","8506","7775","16281","6.8"
"1116","Givoletto","PIEMONTE","Torino","TO","10040","45.1529","7.49541","398","12.8","1726","1808","3534","61","45","106","1787","1853","3640","2.9"
"1117","Gravere","PIEMONTE","Torino","TO","10050","45.1266","7.01816","821","18.7","330","355","685","19","11","30","349","366","715","4.2"
"1118","Groscavallo","PIEMONTE","Torino","TO","10070","45.3677","7.25695","1.110","93.4","87","104","191","0","0","0","87","104","191","0.0"
"1119","Grosso","PIEMONTE","Torino","TO","10070","45.2599","7.56127","394","4.3","513","466","979","34","27","61","547","493","1040","5.9"
"1120","Grugliasco","PIEMONTE","Torino","TO","10095","45.0661","7.57891","293","13.1","18589","17368","35957","718","519","1237","19307","17887","37194","3.3"
"1121","Ingria","PIEMONTE","Torino","TO","10080","45.4668","7.57136","816","14.6","28","21","49","0","0","0","28","21","49","0.0"
"1122","Inverso Pinasca","PIEMONTE","Torino","TO","10060","44.9412","7.21782","560","7.9","363","361","724","11","6","17","374","367","741","2.3"
"1123","Isolabella","PIEMONTE","Torino","TO","10046","44.9067","7.91009","256","4.7","187","201","388","4","1","5","191","202","393","1.3"
"1124","Issiglio","PIEMONTE","Torino","TO","10080","45.4464","7.75086","485","5.6","205","199","404","13","8","21","218","207","425","4.9"
"1125","Ivrea","PIEMONTE","Torino","TO","10015","45.4673","7.88006","253","30.2","11666","10316","21982","918","692","1610","12584","11008","23592","6.8"
"1126","La Cassa","PIEMONTE","Torino","TO","10040","45.1807","7.51616","374","12.0","843","884","1727","29","25","54","872","909","1781","3.0"
"1127","La Loggia","PIEMONTE","Torino","TO","10040","44.9568","7.66733","230","12.8","4154","4181","8335","152","144","296","4306","4325","8631","3.4"
"1128","Lanzo Torinese","PIEMONTE","Torino","TO","10074","45.2701","7.47747","515","10.4","2497","2322","4819","180","151","331","2677","2473","5150","6.4"
"1129","Lauriano","PIEMONTE","Torino","TO","10020","45.1554","7.99419","175","14.2","728","709","1437","30","26","56","758","735","1493","3.8"
"1130","Leini","PIEMONTE","Torino","TO","10040","45.1834","7.71582","245","32.5","7441","7231","14672","451","400","851","7892","7631","15523","5.5"
"1131","Lemie","PIEMONTE","Torino","TO","10070","45.2285","7.29334","957","45.6","94","95","189","0","0","0","94","95","189","0.0"
"1132","Lessolo","PIEMONTE","Torino","TO","10010","45.4793","7.8161","277","7.9","962","919","1881","62","39","101","1024","958","1982","5.1"
"1133","Levone","PIEMONTE","Torino","TO","10070","45.3186","7.607","353","5.4","204","210","414","11","14","25","215","224","439","5.7"
"1134","Locana","PIEMONTE","Torino","TO","10080","45.4164","7.46542","613","132.7","802","739","1541","38","22","60","840","761","1601","3.7"
"1135","Lombardore","PIEMONTE","Torino","TO","10040","45.2351","7.74134","268","12.7","786","849","1635","41","30","71","827","879","1706","4.2"
"1136","Lombriasco","PIEMONTE","Torino","TO","10040","44.8411","7.63594","241","7.4","478","497","975","38","43","81","516","540","1056","7.7"
"1137","Loranzè","PIEMONTE","Torino","TO","10010","45.4412","7.81215","243","4.2","546","550","1096","25","5","30","571","555","1126","2.7"
"1138","Lugnacco","PIEMONTE","Torino","TO","10080","45.4444","7.78332","540","4.8","179","170","349","15","15","30","194","185","379","7.9"
"1139","Luserna San Giovanni","PIEMONTE","Torino","TO","10062","44.8151","7.24235","474","17.7","3635","3199","6834","359","338","697","3994","3537","7531","9.3"
"1140","Lusernetta","PIEMONTE","Torino","TO","10060","44.8027","7.247","507","7.2","252","261","513","8","3","11","260","264","524","2.1"
"1141","Lusigliè","PIEMONTE","Torino","TO","10080","45.3184","7.76656","268","5.1","261","267","528","14","14","28","275","281","556","5.0"
"1142","Macello","PIEMONTE","Torino","TO","10060","44.8509","7.39716","301","14.1","590","589","1179","30","29","59","620","618","1238","4.8"
"1143","Maglione","PIEMONTE","Torino","TO","10030","45.3482","8.01055","310","6.2","230","214","444","17","7","24","247","221","468","5.1"
"1144","Marentino","PIEMONTE","Torino","TO","10020","45.0547","7.87658","383","11.3","648","685","1333","27","23","50","675","708","1383","3.6"
"1145","Massello","PIEMONTE","Torino","TO","10060","44.9577","7.06149","1.188","38.8","28","30","58","0","0","0","28","30","58","0.0"
"1146","Mathi","PIEMONTE","Torino","TO","10075","45.2518","7.54583","410","7.1","1912","1823","3735","139","111","250","2051","1934","3985","6.3"
"1147","Mattie","PIEMONTE","Torino","TO","10050","45.1191","7.11511","730","27.7","321","346","667","24","16","40","345","362","707","5.7"
"1148","Mazzè","PIEMONTE","Torino","TO","10035","45.2822","7.94194","323","27.8","2047","1953","4000","94","58","152","2141","2011","4152","3.7"
"1149","Meana di Susa","PIEMONTE","Torino","TO","10050","45.1207","7.06685","681","17.7","424","430","854","16","10","26","440","440","880","3.0"
"1150","Mercenasco","PIEMONTE","Torino","TO","10010","45.356","7.88218","249","12.6","567","583","1150","60","57","117","627","640","1267","9.2"
"1151","Meugliano","PIEMONTE","Torino","TO","10080","45.4894","7.77777","680","4.5","38","53","91","1","1","2","39","54","93","2.2"
"1152","Mezzenile","PIEMONTE","Torino","TO","10070","45.2942","7.39337","650","29.0","396","411","807","17","10","27","413","421","834","3.2"
"1153","Mombello di Torino","PIEMONTE","Torino","TO","10020","45.047","7.9207","336","4.1","191","193","384","15","12","27","206","205","411","6.6"
"1154","Mompantero","PIEMONTE","Torino","TO","10059","45.1444","7.07191","838","30.1","327","307","634","10","7","17","337","314","651","2.6"
"1155","Monastero di Lanzo","PIEMONTE","Torino","TO","10070","45.3017","7.43995","825","17.6","183","192","375","5","1","6","188","193","381","1.6"
"1156","Moncalieri","PIEMONTE","Torino","TO","10024","44.9984","7.68029","219","47.6","26760","24825","51585","2375","1915","4290","29135","26740","55875","7.7"
"1157","Moncenisio","PIEMONTE","Torino","TO","10050","45.2038","6.98453","1.461","4.0","22","19","41","0","1","1","22","20","42","2.4"
"1158","Montaldo Torinese","PIEMONTE","Torino","TO","10020","45.0642","7.84897","375","4.7","364","349","713","21","15","36","385","364","749","4.8"
"1159","Montalenghe","PIEMONTE","Torino","TO","10090","45.3345","7.83548","360","6.5","484","487","971","36","23","59","520","510","1030","5.7"
"1160","Montalto Dora","PIEMONTE","Torino","TO","10016","45.4895","7.86225","247","7.5","1665","1577","3242","115","93","208","1780","1670","3450","6.0"
"1161","Montanaro","PIEMONTE","Torino","TO","10017","45.2294","7.85699","209","20.8","2641","2528","5169","112","94","206","2753","2622","5375","3.8"
"1162","Monteu da Po","PIEMONTE","Torino","TO","10020","45.1503","8.01508","177","7.5","403","425","828","37","36","73","440","461","901","8.1"
"1163","Moriondo Torinese","PIEMONTE","Torino","TO","10020","45.0391","7.94371","323","6.5","397","406","803","13","4","17","410","410","820","2.1"
"1164","Nichelino","PIEMONTE","Torino","TO","10042","45.0021","7.65557","229","20.6","23262","22178","45440","1313","1098","2411","24575","23276","47851","5.0"
"1165","Noasca","PIEMONTE","Torino","TO","10080","45.452","7.3179","1.062","78.2","82","87","169","0","0","0","82","87","169","0.0"
"1166","Nole","PIEMONTE","Torino","TO","10076","45.2434","7.57421","372","11.3","3361","3219","6580","162","168","330","3523","3387","6910","4.8"
"1167","Nomaglio","PIEMONTE","Torino","TO","10010","45.5356","7.8597","575","3.1","154","154","308","3","1","4","157","155","312","1.3"
"1168","None","PIEMONTE","Torino","TO","10060","44.9335","7.54098","246","24.7","3817","3826","7643","200","155","355","4017","3981","7998","4.4"
"1169","Novalesa","PIEMONTE","Torino","TO","10050","45.1891","7.01528","828","28.2","283","267","550","6","4","10","289","271","560","1.8"
"1170","Oglianico","PIEMONTE","Torino","TO","10080","45.3429","7.69193","326","6.2","683","656","1339","42","45","87","725","701","1426","6.1"
"1171","Orbassano","PIEMONTE","Torino","TO","10043","45.0077","7.53748","273","22.1","11115","10593","21708","483","346","829","11598","10939","22537","3.7"
"1172","Orio Canavese","PIEMONTE","Torino","TO","10010","45.3279","7.85959","327","7.1","387","401","788","23","18","41","410","419","829","4.9"
"1173","Osasco","PIEMONTE","Torino","TO","10060","44.849","7.3432","344","5.5","577","521","1098","19","7","26","596","528","1124","2.3"
"1174","Osasio","PIEMONTE","Torino","TO","10040","44.8687","7.60557","241","4.5","426","466","892","11","10","21","437","476","913","2.3"
"1175","Oulx","PIEMONTE","Torino","TO","10056","45.0333","6.83363","1.100","100.0","1380","1463","2843","167","150","317","1547","1613","3160","10.0"
"1176","Ozegna","PIEMONTE","Torino","TO","10080","45.3466","7.74808","300","5.5","610","595","1205","18","12","30","628","607","1235","2.4"
"1177","Palazzo Canavese","PIEMONTE","Torino","TO","10010","45.4579","7.976","248","5.1","419","391","810","16","17","33","435","408","843","3.9"
"1178","Pancalieri","PIEMONTE","Torino","TO","10060","44.8328","7.59","243","16.0","913","822","1735","109","141","250","1022","963","1985","12.6"
"1179","Parella","PIEMONTE","Torino","TO","10010","45.4303","7.79154","330","2.8","239","203","442","16","10","26","255","213","468","5.6"
"1180","Pavarolo","PIEMONTE","Torino","TO","10020","45.0689","7.83611","363","4.4","533","516","1049","38","32","70","571","548","1119","6.3"
"1181","Pavone Canavese","PIEMONTE","Torino","TO","10018","45.4344","7.8546","262","11.2","1898","1838","3736","90","64","154","1988","1902","3890","4.0"
"1182","Pecco","PIEMONTE","Torino","TO","10080","45.4522","7.77605","650","2.0","105","101","206","3","0","3","108","101","209","1.4"
"1183","Pecetto Torinese","PIEMONTE","Torino","TO","10020","45.02","7.74838","407","9.2","1897","1809","3706","98","73","171","1995","1882","3877","4.4"
"1184","Perosa Argentina","PIEMONTE","Torino","TO","10063","44.9568","7.19195","608","26.3","1716","1518","3234","101","70","171","1817","1588","3405","5.0"
"1185","Perosa Canavese","PIEMONTE","Torino","TO","10010","45.3956","7.83239","265","5.0","269","261","530","13","13","26","282","274","556","4.7"
"1186","Perrero","PIEMONTE","Torino","TO","10060","44.9385","7.11423","844","63.5","329","371","700","9","14","23","338","385","723","3.2"
"1187","Pertusio","PIEMONTE","Torino","TO","10080","45.3535","7.64342","364","4.0","378","372","750","13","10","23","391","382","773","3.0"
"1188","Pessinetto","PIEMONTE","Torino","TO","10070","45.2886","7.40392","590","5.4","270","279","549","35","23","58","305","302","607","9.6"
"1189","Pianezza","PIEMONTE","Torino","TO","10044","45.1007","7.54476","325","16.5","6957","6745","13702","283","184","467","7240","6929","14169","3.3"
"1190","Pinasca","PIEMONTE","Torino","TO","10060","44.9442","7.22508","560","34.8","1521","1413","2934","66","49","115","1587","1462","3049","3.8"
"1191","Pinerolo","PIEMONTE","Torino","TO","10064","44.8854","7.33352","376","50.3","17172","15427","32599","1264","991","2255","18436","16418","34854","6.5"
"1192","Pino Torinese","PIEMONTE","Torino","TO","10025","45.0432","7.77381","495","21.9","4196","3875","8071","259","151","410","4455","4026","8481","4.8"
"1193","Piobesi Torinese","PIEMONTE","Torino","TO","10040","44.9322","7.611","233","19.7","1838","1774","3612","59","42","101","1897","1816","3713","2.7"
"1194","Piossasco","PIEMONTE","Torino","TO","10045","44.9898","7.4682","304","40.0","8838","8643","17481","401","304","705","9239","8947","18186","3.9"
"1195","Piscina","PIEMONTE","Torino","TO","10060","44.92","7.42521","288","9.9","1673","1602","3275","100","75","175","1773","1677","3450","5.1"
"1196","Piverone","PIEMONTE","Torino","TO","10010","45.4477","8.00739","295","11.1","673","643","1316","41","21","62","714","664","1378","4.5"
"1197","Poirino","PIEMONTE","Torino","TO","10046","44.9194","7.8482","249","75.7","4783","4813","9596","343","281","624","5126","5094","10220","6.1"
"1198","Pomaretto","PIEMONTE","Torino","TO","10063","44.9558","7.18217","630","8.5","539","484","1023","23","22","45","562","506","1068","4.2"
"1199","Pont-Canavese","PIEMONTE","Torino","TO","10085","45.4199","7.59723","451","19.4","1705","1563","3268","204","204","408","1909","1767","3676","11.1"
"1200","Porte","PIEMONTE","Torino","TO","10060","44.8867","7.27216","436","4.4","505","513","1018","50","45","95","555","558","1113","8.5"
"1201","Pragelato","PIEMONTE","Torino","TO","10060","45.0144","6.94158","1.524","89.3","275","288","563","87","74","161","362","362","724","22.2"
"1202","Prali","PIEMONTE","Torino","TO","10060","44.8888","7.05174","1.455","72.5","119","140","259","4","9","13","123","149","272","4.8"
"1203","Pralormo","PIEMONTE","Torino","TO","10040","44.86","7.90293","303","29.8","901","890","1791","84","70","154","985","960","1945","7.9"
"1204","Pramollo","PIEMONTE","Torino","TO","10065","44.9029","7.21502","1.071","22.5","105","135","240","2","0","2","107","135","242","0.8"
"1205","Prarostino","PIEMONTE","Torino","TO","10060","44.8735","7.28707","732","10.6","638","621","1259","19","11","30","657","632","1289","2.3"
"1206","Prascorsano","PIEMONTE","Torino","TO","10080","45.3676","7.61693","590","6.3","370","383","753","14","14","28","384","397","781","3.6"
"1207","Pratiglione","PIEMONTE","Torino","TO","10080","45.3515","7.59756","611","8.0","253","244","497","27","24","51","280","268","548","9.3"
"1208","Quagliuzzo","PIEMONTE","Torino","TO","10010","45.426","7.78087","334","1.9","157","157","314","9","8","17","166","165","331","5.1"
"1209","Quassolo","PIEMONTE","Torino","TO","10010","45.5238","7.83319","275","3.9","189","155","344","9","6","15","198","161","359","4.2"
"1210","Quincinetto","PIEMONTE","Torino","TO","10010","45.5624","7.80529","295","17.8","499","510","1009","24","15","39","523","525","1048","3.7"
"1211","Reano","PIEMONTE","Torino","TO","10090","45.0517","7.42969","470","6.6","829","809","1638","36","15","51","865","824","1689","3.0"
"1212","Ribordone","PIEMONTE","Torino","TO","10080","45.4324","7.50243","1.023","43.2","37","29","66","0","1","1","37","30","67","1.5"
"1213","Rivalba","PIEMONTE","Torino","TO","10090","45.1168","7.88743","328","10.9","571","550","1121","20","18","38","591","568","1159","3.3"
"1214","Rivalta di Torino","PIEMONTE","Torino","TO","10040","45.0316","7.52543","294","25.3","9215","9167","18382","486","377","863","9701","9544","19245","4.5"
"1215","Riva presso Chieri","PIEMONTE","Torino","TO","10020","44.9848","7.87044","262","35.8","2040","2018","4058","89","60","149","2129","2078","4207","3.5"
"1216","Rivara","PIEMONTE","Torino","TO","10080","45.3336","7.62371","392","12.4","1271","1227","2498","89","79","168","1360","1306","2666","6.3"
"1217","Rivarolo Canavese","PIEMONTE","Torino","TO","10086","45.332","7.72317","304","32.3","6059","5595","11654","380","322","702","6439","5917","12356","5.7"
"1218","Rivarossa","PIEMONTE","Torino","TO","10040","45.251","7.71789","286","11.0","746","778","1524","53","49","102","799","827","1626","6.3"
"1219","Rivoli","PIEMONTE","Torino","TO","10098","45.0711","7.51382","390","29.5","24245","22624","46869","1069","694","1763","25314","23318","48632","3.6"
"1220","Robassomero","PIEMONTE","Torino","TO","10070","45.1981","7.56615","360","8.4","1479","1405","2884","57","35","92","1536","1440","2976","3.1"
"1221","Rocca Canavese","PIEMONTE","Torino","TO","10070","45.3087","7.57625","421","14.2","830","832","1662","51","41","92","881","873","1754","5.2"
"1222","Roletto","PIEMONTE","Torino","TO","10060","44.9252","7.33086","412","9.8","963","974","1937","34","18","52","997","992","1989","2.6"
"1223","Romano Canavese","PIEMONTE","Torino","TO","10090","45.3905","7.86555","270","11.2","1416","1355","2771","95","71","166","1511","1426","2937","5.7"
"1224","Ronco Canavese","PIEMONTE","Torino","TO","10080","45.5031","7.54881","956","96.9","146","147","293","10","10","20","156","157","313","6.4"
"1225","Rondissone","PIEMONTE","Torino","TO","10030","45.2469","7.96359","211","10.7","828","871","1699","67","68","135","895","939","1834","7.4"
"1226","Rorà","PIEMONTE","Torino","TO","10060","44.7924","7.19917","967","12.3","119","133","252","3","0","3","122","133","255","1.2"
"1227","Roure","PIEMONTE","Torino","TO","10060","44.995","7.1368","860","59.7","441","418","859","16","13","29","457","431","888","3.3"
"1228","Rosta","PIEMONTE","Torino","TO","10090","45.0705","7.47269","399","9.0","2259","2225","4484","87","50","137","2346","2275","4621","3.0"
"1229","Rubiana","PIEMONTE","Torino","TO","10040","45.1359","7.3846","640","26.8","1103","1133","2236","100","81","181","1203","1214","2417","7.5"
"1230","Rueglio","PIEMONTE","Torino","TO","10010","45.4687","7.75533","675","15.3","380","370","750","17","6","23","397","376","773","3.0"
"1231","Salassa","PIEMONTE","Torino","TO","10080","45.3558","7.6921","349","5.0","852","853","1705","51","39","90","903","892","1795","5.0"
"1232","Salbertrand","PIEMONTE","Torino","TO","10050","45.0693","6.87725","1.032","40.9","240","275","515","35","29","64","275","304","579","11.1"
"1233","Salerano Canavese","PIEMONTE","Torino","TO","10010","45.4583","7.85023","247","2.2","240","251","491","19","12","31","259","263","522","5.9"
"1234","Salza di Pinerolo","PIEMONTE","Torino","TO","10060","44.9315","7.06883","1.210","15.4","33","45","78","0","0","0","33","45","78","0.0"
"1235","Samone","PIEMONTE","Torino","TO","10010","45.4491","7.84367","247","2.5","764","757","1521","50","43","93","814","800","1614","5.8"
"1236","San Benigno Canavese","PIEMONTE","Torino","TO","10080","45.222","7.78787","213","22.2","2684","2601","5285","177","153","330","2861","2754","5615","5.9"
"1237","San Carlo Canavese","PIEMONTE","Torino","TO","10070","45.2486","7.61025","370","21.0","1933","1832","3765","69","40","109","2002","1872","3874","2.8"
"1238","San Colombano Belmonte","PIEMONTE","Torino","TO","10080","45.3818","7.62045","550","3.4","184","181","365","6","5","11","190","186","376","2.9"
"1239","San Didero","PIEMONTE","Torino","TO","10050","45.1336","7.21557","430","3.3","268","277","545","9","12","21","277","289","566","3.7"
"1240","San Francesco al Campo","PIEMONTE","Torino","TO","10070","45.228","7.64614","327","15.0","2373","2308","4681","85","59","144","2458","2367","4825","3.0"
"1241","Sangano","PIEMONTE","Torino","TO","10090","45.027","7.45049","340","6.8","1919","1795","3714","64","29","93","1983","1824","3807","2.4"
"1242","San Germano Chisone","PIEMONTE","Torino","TO","10065","44.8982","7.23972","486","15.9","909","889","1798","43","33","76","952","922","1874","4.1"
"1243","San Gillio","PIEMONTE","Torino","TO","10040","45.1421","7.53175","320","8.9","1511","1419","2930","50","43","93","1561","1462","3023","3.1"
"1244","San Giorgio Canavese","PIEMONTE","Torino","TO","10090","45.3358","7.79523","300","20.4","1281","1227","2508","104","93","197","1385","1320","2705","7.3"
"1245","San Giorio di Susa","PIEMONTE","Torino","TO","10050","45.127","7.17967","420","19.6","485","463","948","48","44","92","533","507","1040","8.8"
"1246","San Giusto Canavese","PIEMONTE","Torino","TO","10090","45.3123","7.81037","264","9.7","1647","1511","3158","122","117","239","1769","1628","3397","7.0"
"1247","San Martino Canavese","PIEMONTE","Torino","TO","10010","45.394","7.81526","385","9.8","404","414","818","18","15","33","422","429","851","3.9"
"1248","San Maurizio Canavese","PIEMONTE","Torino","TO","10077","45.2165","7.63353","317","17.5","4726","4567","9293","187","166","353","4913","4733","9646","3.7"
"1249","San Mauro Torinese","PIEMONTE","Torino","TO","10099","45.1021","7.76536","211","12.6","9423","8835","18258","400","267","667","9823","9102","18925","3.5"
"1250","San Pietro Val Lemina","PIEMONTE","Torino","TO","10060","44.9117","7.30983","451","12.4","696","685","1381","25","24","49","721","709","1430","3.4"
"1251","San Ponso","PIEMONTE","Torino","TO","10080","45.3504","7.67179","347","2.2","136","139","275","2","2","4","138","141","279","1.4"
"1252","San Raffaele Cimena","PIEMONTE","Torino","TO","10090","45.1557","7.86348","195","11.2","1469","1481","2950","100","57","157","1569","1538","3107","5.1"
"1253","San Sebastiano da Po","PIEMONTE","Torino","TO","10020","45.1596","7.95638","175","16.6","934","908","1842","35","32","67","969","940","1909","3.5"
"1254","San Secondo di Pinerolo","PIEMONTE","Torino","TO","10060","44.8646","7.29884","413","12.6","1775","1748","3523","56","29","85","1831","1777","3608","2.4"
"1255","Sant'Ambrogio di Torino","PIEMONTE","Torino","TO","10057","45.0957","7.36835","356","8.6","2211","2189","4400","190","163","353","2401","2352","4753","7.4"
"1256","Sant'Antonino di Susa","PIEMONTE","Torino","TO","10050","45.1081","7.26959","380","10.0","2068","1885","3953","202","178","380","2270","2063","4333","8.8"
"1257","Santena","PIEMONTE","Torino","TO","10026","44.9501","7.77333","237","16.2","5044","4881","9925","428","385","813","5472","5266","10738","7.6"
"1258","Sauze di Cesana","PIEMONTE","Torino","TO","10054","44.9402","6.8585","1.560","78.5","91","114","205","9","5","14","100","119","219","6.4"
"1259","Sauze d'Oulx","PIEMONTE","Torino","TO","10050","45.0291","6.86117","1.509","17.1","473","551","1024","53","34","87","526","585","1111","7.8"
"1260","Scalenghe","PIEMONTE","Torino","TO","10060","44.8881","7.49576","262","31.8","1576","1588","3164","75","64","139","1651","1652","3303","4.2"
"1261","Scarmagno","PIEMONTE","Torino","TO","10010","45.3845","7.84105","278","8.0","396","376","772","23","17","40","419","393","812","4.9"
"1262","Sciolze","PIEMONTE","Torino","TO","10090","45.0952","7.87608","436","11.3","711","696","1407","57","49","106","768","745","1513","7.0"
"1263","Sestriere","PIEMONTE","Torino","TO","10058","44.9568","6.87776","2.035","25.8","349","393","742","45","51","96","394","444","838","11.5"
"1264","Settimo Rottaro","PIEMONTE","Torino","TO","10010","45.4047","7.99128","258","6.1","245","237","482","13","8","21","258","245","503","4.2"
"1265","Settimo Torinese","PIEMONTE","Torino","TO","10036","45.1396","7.77098","207","32.4","23101","21722","44823","1142","910","2052","24243","22632","46875","4.4"
"1266","Settimo Vittone","PIEMONTE","Torino","TO","10010","45.5489","7.82928","282","23.2","754","727","1481","34","28","62","788","755","1543","4.0"
"1267","Sparone","PIEMONTE","Torino","TO","10080","45.4114","7.54191","552","29.5","507","477","984","54","47","101","561","524","1085","9.3"
"1268","Strambinello","PIEMONTE","Torino","TO","10010","45.4237","7.76962","356","2.2","144","116","260","2","2","4","146","118","264","1.5"
"1269","Strambino","PIEMONTE","Torino","TO","10019","45.3817","7.88483","240","22.8","3158","2876","6034","165","137","302","3323","3013","6336","4.8"
"1270","Susa","PIEMONTE","Torino","TO","10059","45.1386","7.04846","503","11.3","3153","2898","6051","313","265","578","3466","3163","6629","8.7"
"1271","Tavagnasco","PIEMONTE","Torino","TO","10010","45.546","7.82043","270","8.7","391","373","764","23","26","49","414","399","813","6.0"
"1272","Torino","PIEMONTE","Torino","TO","10100","45.0629","7.67849","239","130.2","401121","360432","761553","58603","52211","110814","459724","412643","872367","12.7"
"1273","Torrazza Piemonte","PIEMONTE","Torino","TO","10037","45.0856","7.93286","197","9.9","1350","1361","2711","59","46","105","1409","1407","2816","3.7"
"1274","Torre Canavese","PIEMONTE","Torino","TO","10010","45.3897","7.7606","417","5.5","297","279","576","8","5","13","305","284","589","2.2"
"1275","Torre Pellice","PIEMONTE","Torino","TO","10066","44.8198","7.2014","516","21.2","2295","1969","4264","167","142","309","2462","2111","4573","6.8"
"1276","Trana","PIEMONTE","Torino","TO","10090","45.0385","7.41902","372","16.4","1866","1832","3698","102","81","183","1968","1913","3881","4.7"
"1277","Trausella","PIEMONTE","Torino","TO","10080","45.4906","7.76279","654","12.1","71","58","129","1","1","2","72","59","131","1.5"
"1278","Traversella","PIEMONTE","Torino","TO","10080","45.5091","7.75028","827","39.5","176","167","343","4","3","7","180","170","350","2.0"
"1279","Traves","PIEMONTE","Torino","TO","10070","45.2688","7.42873","628","10.8","259","272","531","16","6","22","275","278","553","4.0"
"1280","Trofarello","PIEMONTE","Torino","TO","10028","44.9839","7.74195","276","12.3","5347","5053","10400","300","211","511","5647","5264","10911","4.7"
"1281","Usseaux","PIEMONTE","Torino","TO","10060","45.0489","7.02979","1.416","38.3","84","94","178","4","3","7","88","97","185","3.8"
"1282","Usseglio","PIEMONTE","Torino","TO","10070","45.2323","7.21717","1.265","98.0","105","113","218","1","0","1","106","113","219","0.5"
"1283","Vaie","PIEMONTE","Torino","TO","10050","45.1018","7.28664","381","7.1","694","687","1381","37","37","74","731","724","1455","5.1"
"1284","Val della Torre","PIEMONTE","Torino","TO","10040","45.1572","7.43924","510","36.7","1797","1893","3690","69","53","122","1866","1946","3812","3.2"
"1285","Valgioie","PIEMONTE","Torino","TO","10094","45.077","7.33806","870","9.1","404","475","879","40","29","69","444","504","948","7.3"
"1286","Vallo Torinese","PIEMONTE","Torino","TO","10070","45.2223","7.49353","508","6.2","372","377","749","16","20","36","388","397","785","4.6"
"1287","Valperga","PIEMONTE","Torino","TO","10087","45.3703","7.65757","385","11.8","1549","1398","2947","122","94","216","1671","1492","3163","6.8"
"1288","Valprato Soana","PIEMONTE","Torino","TO","10080","45.5213","7.54899","1.113","71.6","61","51","112","0","0","0","61","51","112","0.0"
"1289","Varisella","PIEMONTE","Torino","TO","10070","45.2106","7.48581","521","22.4","405","395","800","19","11","30","424","406","830","3.6"
"1290","Vauda Canavese","PIEMONTE","Torino","TO","10070","45.2797","7.61647","396","7.3","722","706","1428","21","16","37","743","722","1465","2.5"
"1291","Venaus","PIEMONTE","Torino","TO","10050","45.1512","7.01707","604","19.8","479","466","945","9","5","14","488","471","959","1.5"
"1292","Venaria Reale","PIEMONTE","Torino","TO","10078","45.1302","7.63105","262","20.3","16789","16025","32814","556","371","927","17345","16396","33741","2.7"
"1293","Verolengo","PIEMONTE","Torino","TO","10038","45.1897","7.9671","169","29.2","2405","2346","4751","121","90","211","2526","2436","4962","4.3"
"1294","Verrua Savoia","PIEMONTE","Torino","TO","10020","45.1551","8.0938","287","31.9","707","697","1404","33","22","55","740","719","1459","3.8"
"1295","Vestignè","PIEMONTE","Torino","TO","10030","45.3858","7.95463","235","12.1","405","388","793","23","14","37","428","402","830","4.5"
"1296","Vialfrè","PIEMONTE","Torino","TO","10090","45.381","7.81894","470","4.5","125","118","243","7","4","11","132","122","254","4.3"
"1297","Vico Canavese","PIEMONTE","Torino","TO","10080","45.4922","7.78447","738","32.8","432","406","838","29","15","44","461","421","882","5.0"
"1298","Vidracco","PIEMONTE","Torino","TO","10080","45.4299","7.75577","481","3.2","236","242","478","13","9","22","249","251","500","4.4"
"1299","Vigone","PIEMONTE","Torino","TO","10067","44.8431","7.49561","260","41.1","2540","2440","4980","131","106","237","2671","2546","5217","4.5"
"1300","Villafranca Piemonte","PIEMONTE","Torino","TO","10068","44.7821","7.5067","253","51.0","2341","2219","4560","134","131","265","2475","2350","4825","5.5"
"1301","Villanova Canavese","PIEMONTE","Torino","TO","10070","45.2432","7.55355","380","4.0","554","530","1084","26","25","51","580","555","1135","4.5"
"1302","Villarbasse","PIEMONTE","Torino","TO","10090","45.0446","7.4673","381","10.4","1639","1584","3223","70","30","100","1709","1614","3323","3.0"
"1303","Villar Dora","PIEMONTE","Torino","TO","10040","45.1181","7.38664","367","5.6","1458","1368","2826","64","61","125","1522","1429","2951","4.2"
"1304","Villareggia","PIEMONTE","Torino","TO","10030","45.3099","7.97685","274","11.1","478","485","963","35","14","49","513","499","1012","4.8"
"1305","Villar Focchiardo","PIEMONTE","Torino","TO","10050","45.1097","7.23291","450","25.6","1004","991","1995","39","34","73","1043","1025","2068","3.5"
"1306","Villar Pellice","PIEMONTE","Torino","TO","10060","44.808","7.15566","664","60.8","556","542","1098","17","5","22","573","547","1120","2.0"
"1307","Villar Perosa","PIEMONTE","Torino","TO","10069","44.9174","7.24798","530","11.5","2028","1931","3959","95","95","190","2123","2026","4149","4.6"
"1308","Villastellone","PIEMONTE","Torino","TO","10029","44.9235","7.74414","234","19.7","2288","2218","4506","201","157","358","2489","2375","4864","7.4"
"1309","Vinovo","PIEMONTE","Torino","TO","10048","44.9464","7.6327","232","17.7","6855","6727","13582","306","220","526","7161","6947","14108","3.7"
"1310","Virle Piemonte","PIEMONTE","Torino","TO","10060","44.8626","7.57131","246","14.2","529","531","1060","68","63","131","597","594","1191","11.0"
"1311","Vische","PIEMONTE","Torino","TO","10030","45.3341","7.94718","243","16.9","642","614","1256","40","18","58","682","632","1314","4.4"
"1312","Vistrorio","PIEMONTE","Torino","TO","10080","45.4413","7.76625","480","4.6","269","220","489","20","12","32","289","232","521","6.1"
"1313","Viù","PIEMONTE","Torino","TO","10070","45.2388","7.37632","774","84.5","547","558","1105","10","3","13","557","561","1118","1.2"
"1314","Volpiano","PIEMONTE","Torino","TO","10088","45.201","7.77987","219","32.4","7283","6994","14277","394","327","721","7677","7321","14998","4.8"
"1315","Volvera","PIEMONTE","Torino","TO","10040","44.9524","7.51218","251","20.9","4225","4203","8428","154","108","262","4379","4311","8690","3.0"
"2002","Alagna Valsesia","PIEMONTE","Vercelli","VC","13021","45.8544","7.93762","1.191","72.8","194","219","413","6","1","7","200","220","420","1.7"
"2003","Albano Vercellese","PIEMONTE","Vercelli","VC","13030","45.4269","8.38104","151","13.8","146","159","305","15","14","29","161","173","334","8.7"
"2004","Alice Castello","PIEMONTE","Vercelli","VC","13040","45.3702","8.07675","258","24.8","1263","1236","2499","109","113","222","1372","1349","2721","8.2"
"2006","Arborio","PIEMONTE","Vercelli","VC","13031","45.4968","8.38976","185","23.2","412","438","850","21","38","59","433","476","909","6.5"
"2007","Asigliano Vercellese","PIEMONTE","Vercelli","VC","13032","45.2605","8.40833","127","26.3","694","644","1338","39","24","63","733","668","1401","4.5"
"2008","Balmuccia","PIEMONTE","Vercelli","VC","13020","45.8193","8.13907","560","10.2","53","38","91","1","2","3","54","40","94","3.2"
"2009","Balocco","PIEMONTE","Vercelli","VC","13040","45.4538","8.28167","166","16.7","105","125","230","7","2","9","112","127","239","3.8"
"2011","Bianzè","PIEMONTE","Vercelli","VC","13041","45.3108","8.11994","182","41.8","985","921","1906","61","61","122","1046","982","2028","6.0"
"2014","Boccioleto","PIEMONTE","Vercelli","VC","13022","45.8302","8.11229","667","33.8","114","99","213","3","3","6","117","102","219","2.7"
"2015","Borgo d'Ale","PIEMONTE","Vercelli","VC","13040","45.3494","8.05349","242","39.3","1206","1188","2394","102","92","194","1308","1280","2588","7.5"
"2016","Borgosesia","PIEMONTE","Vercelli","VC","13011","45.7111","8.29058","354","40.6","6478","5784","12262","438","331","769","6916","6115","13031","5.9"
"2017","Borgo Vercelli","PIEMONTE","Vercelli","VC","13012","45.3578","8.46651","126","19.4","1128","1031","2159","63","73","136","1191","1104","2295","5.9"
"2019","Breia","PIEMONTE","Vercelli","VC","13020","45.7648","8.30609","809","7.4","92","85","177","1","0","1","93","85","178","0.6"
"2021","Buronzo","PIEMONTE","Vercelli","VC","13040","45.4778","8.26468","189","25.0","458","423","881","27","8","35","485","431","916","3.8"
"2025","Campertogno","PIEMONTE","Vercelli","VC","13023","45.7981","8.03237","815","34.2","112","122","234","3","6","9","115","128","243","3.7"
"2029","Carcoforo","PIEMONTE","Vercelli","VC","13026","45.9085","8.05083","1.304","22.9","37","38","75","0","0","0","37","38","75","0.0"
"2030","Caresana","PIEMONTE","Vercelli","VC","13010","45.2185","8.49657","119","23.7","502","484","986","22","20","42","524","504","1028","4.1"
"2031","Caresanablot","PIEMONTE","Vercelli","VC","13030","45.3545","8.38288","135","11.1","563","550","1113","13","11","24","576","561","1137","2.1"
"2032","Carisio","PIEMONTE","Vercelli","VC","13040","45.408","8.19841","183","30.1","395","404","799","33","32","65","428","436","864","7.5"
"2033","Casanova Elvo","PIEMONTE","Vercelli","VC","13030","45.4006","8.29151","152","16.3","120","132","252","9","4","13","129","136","265","4.9"
"2035","San Giacomo Vercellese","PIEMONTE","Vercelli","VC","13030","45.4974","8.32647","197","9.6","164","158","322","2","5","7","166","163","329","2.1"
"2038","Cellio","PIEMONTE","Vercelli","VC","13024","45.7527","8.31169","685","10.1","407","411","818","24","7","31","431","418","849","3.7"
"2041","Cervatto","PIEMONTE","Vercelli","VC","13025","45.8827","8.16319","1.004","9.3","19","28","47","1","0","1","20","28","48","2.1"
"2042","Cigliano","PIEMONTE","Vercelli","VC","13043","45.3091","8.01966","237","25.4","2202","2035","4237","169","141","310","2371","2176","4547","6.8"
"2043","Civiasco","PIEMONTE","Vercelli","VC","13010","45.8078","8.29448","716","7.3","134","126","260","4","1","5","138","127","265","1.9"
"2045","Collobiano","PIEMONTE","Vercelli","VC","13030","45.4041","8.35178","143","9.1","57","45","102","1","2","3","58","47","105","2.9"
"2047","Costanzana","PIEMONTE","Vercelli","VC","13033","45.2284","8.36287","129","21.1","403","377","780","23","13","36","426","390","816","4.4"
"2048","Cravagliana","PIEMONTE","Vercelli","VC","13020","45.8477","8.20211","615","34.5","133","141","274","3","1","4","136","142","278","1.4"
"2049","Crescentino","PIEMONTE","Vercelli","VC","13044","45.1919","8.1028","154","48.3","3825","3616","7441","293","250","543","4118","3866","7984","6.8"
"2052","Crova","PIEMONTE","Vercelli","VC","13040","45.3296","8.21312","167","14.2","213","190","403","4","3","7","217","193","410","1.7"
"2054","Desana","PIEMONTE","Vercelli","VC","13034","45.2715","8.36081","131","16.5","536","489","1025","16","14","30","552","503","1055","2.8"
"2057","Fobello","PIEMONTE","Vercelli","VC","13025","45.8904","8.15589","873","29.3","94","121","215","4","0","4","98","121","219","1.8"
"2058","Fontanetto Po","PIEMONTE","Vercelli","VC","13040","45.1942","8.19296","143","23.3","555","540","1095","56","52","108","611","592","1203","9.0"
"2059","Formigliana","PIEMONTE","Vercelli","VC","13030","45.4299","8.28738","157","17.1","237","259","496","28","26","54","265","285","550","9.8"
"2061","Gattinara","PIEMONTE","Vercelli","VC","13045","45.614","8.37152","263","33.5","4019","3736","7755","293","224","517","4312","3960","8272","6.3"
"2062","Ghislarengo","PIEMONTE","Vercelli","VC","13030","45.5288","8.38631","206","12.5","448","417","865","18","16","34","466","433","899","3.8"
"2065","Greggio","PIEMONTE","Vercelli","VC","13030","45.4532","8.385","161","12.0","184","179","363","8","11","19","192","190","382","5.0"
"2066","Guardabosone","PIEMONTE","Vercelli","VC","13010","45.7014","8.24978","479","6.8","164","163","327","9","4","13","173","167","340","3.8"
"2067","Lamporo","PIEMONTE","Vercelli","VC","13046","45.2304","8.09751","165","9.8","263","265","528","9","9","18","272","274","546","3.3"
"2068","Lenta","PIEMONTE","Vercelli","VC","13035","45.556","8.38426","219","19.0","435","419","854","14","10","24","449","429","878","2.7"
"2070","Lignana","PIEMONTE","Vercelli","VC","13034","45.2861","8.34657","134","22.5","293","274","567","10","2","12","303","276","579","2.1"
"2071","Livorno Ferraris","PIEMONTE","Vercelli","VC","13046","45.2817","8.08492","188","58.2","2049","1966","4015","219","216","435","2268","2182","4450","9.8"
"2072","Lozzolo","PIEMONTE","Vercelli","VC","13045","45.6218","8.32572","320","6.7","413","388","801","12","6","18","425","394","819","2.2"
"2078","Mollia","PIEMONTE","Vercelli","VC","13020","45.8162","8.0302","880","14.1","46","52","98","3","3","6","49","55","104","5.8"
"2079","Moncrivello","PIEMONTE","Vercelli","VC","13040","45.3305","7.9979","322","20.2","702","685","1387","44","34","78","746","719","1465","5.3"
"2082","Motta de' Conti","PIEMONTE","Vercelli","VC","13010","45.1921","8.51859","107","11.8","394","389","783","13","8","21","407","397","804","2.6"
"2088","Olcenengo","PIEMONTE","Vercelli","VC","13047","45.362","8.31103","149","16.5","369","360","729","15","10","25","384","370","754","3.3"
"2089","Oldenico","PIEMONTE","Vercelli","VC","13030","45.4026","8.37897","143","6.5","111","117","228","12","12","24","123","129","252","9.5"
"2090","Palazzolo Vercellese","PIEMONTE","Vercelli","VC","13040","45.1862","8.2311","137","13.9","607","602","1209","45","38","83","652","640","1292","6.4"
"2091","Pertengo","PIEMONTE","Vercelli","VC","13030","45.2362","8.41565","122","8.3","156","150","306","7","8","15","163","158","321","4.7"
"2093","Pezzana","PIEMONTE","Vercelli","VC","13010","45.2629","8.48902","117","17.4","673","624","1297","26","23","49","699","647","1346","3.6"
"2096","Pila","PIEMONTE","Vercelli","VC","13020","45.769","8.08008","686","8.7","57","72","129","4","4","8","61","76","137","5.8"
"2097","Piode","PIEMONTE","Vercelli","VC","13020","45.7706","8.05276","752","13.5","96","92","188","3","2","5","99","94","193","2.6"
"2102","Postua","PIEMONTE","Vercelli","VC","13010","45.7099","8.22884","459","16.7","280","292","572","14","8","22","294","300","594","3.7"
"2104","Prarolo","PIEMONTE","Vercelli","VC","13012","45.2818","8.47775","117","11.6","338","323","661","7","4","11","345","327","672","1.6"
"2107","Quarona","PIEMONTE","Vercelli","VC","13017","45.7617","8.26858","406","16.0","2126","1957","4083","94","69","163","2220","2026","4246","3.8"
"2108","Quinto Vercellese","PIEMONTE","Vercelli","VC","13030","45.3809","8.35949","140","11.1","203","186","389","5","6","11","208","192","400","2.8"
"2110","Rassa","PIEMONTE","Vercelli","VC","13020","45.7682","8.01302","917","43.4","33","32","65","1","0","1","34","32","66","1.5"
"2111","Rima San Giuseppe","PIEMONTE","Vercelli","VC","13026","45.8854","7.99925","1.411","35.4","31","36","67","0","0","0","31","36","67","0.0"
"2112","Rimasco","PIEMONTE","Vercelli","VC","13026","45.8591","8.06257","906","24.3","53","67","120","0","3","3","53","70","123","2.4"
"2113","Rimella","PIEMONTE","Vercelli","VC","13020","45.9077","8.18219","1.176","28.9","54","82","136","1","0","1","55","82","137","0.7"
"2114","Riva Valdobbia","PIEMONTE","Vercelli","VC","13020","45.8328","7.9543","1.112","61.7","117","127","244","5","2","7","122","129","251","2.8"
"2115","Rive","PIEMONTE","Vercelli","VC","13030","45.212","8.41778","126","9.5","242","210","452","5","12","17","247","222","469","3.6"
"2116","Roasio","PIEMONTE","Vercelli","VC","13060","45.6076","8.28457","278","28.1","1204","1166","2370","59","36","95","1263","1202","2465","3.9"
"2118","Ronsecco","PIEMONTE","Vercelli","VC","13036","45.2511","8.28434","145","24.6","300","270","570","6","4","10","306","274","580","1.7"
"2121","Rossa","PIEMONTE","Vercelli","VC","13020","45.8337","8.12576","813","11.6","88","104","192","1","1","2","89","105","194","1.0"
"2122","Rovasenda","PIEMONTE","Vercelli","VC","13040","45.539","8.31466","221","29.3","466","452","918","35","26","61","501","478","979","6.2"
"2123","Sabbia","PIEMONTE","Vercelli","VC","13020","45.8592","8.23498","728","14.6","27","30","57","0","0","0","27","30","57","0.0"
"2126","Salasco","PIEMONTE","Vercelli","VC","13040","45.3254","8.26502","148","12.1","105","112","217","10","10","20","115","122","237","8.4"
"2127","Sali Vercellese","PIEMONTE","Vercelli","VC","13040","45.3099","8.32949","139","8.8","52","54","106","4","4","8","56","58","114","7.0"
"2128","Saluggia","PIEMONTE","Vercelli","VC","13040","45.2354","8.01058","194","31.7","1972","1880","3852","170","148","318","2142","2028","4170","7.6"
"2131","San Germano Vercellese","PIEMONTE","Vercelli","VC","13047","45.3499","8.24709","161","30.7","786","736","1522","118","128","246","904","864","1768","13.9"
"2133","Santhià","PIEMONTE","Vercelli","VC","13048","45.3648","8.17138","183","53.3","4275","3941","8216","316","293","609","4591","4234","8825","6.9"
"2134","Scopa","PIEMONTE","Vercelli","VC","13027","45.7929","8.11314","622","22.6","194","185","379","5","7","12","199","192","391","3.1"
"2135","Scopello","PIEMONTE","Vercelli","VC","13028","45.7732","8.09376","659","18.6","196","193","389","8","5","13","204","198","402","3.2"
"2137","Serravalle Sesia","PIEMONTE","Vercelli","VC","13037","45.6785","8.31253","313","20.4","2386","2236","4622","266","253","519","2652","2489","5141","10.1"
"2142","Stroppiana","PIEMONTE","Vercelli","VC","13010","45.2315","8.45472","119","18.1","628","603","1231","15","12","27","643","615","1258","2.1"
"2147","Tricerro","PIEMONTE","Vercelli","VC","13038","45.2333","8.32409","141","12.3","334","339","673","21","15","36","355","354","709","5.1"
"2148","Trino","PIEMONTE","Vercelli","VC","13039","45.1943","8.29661","130","70.6","3419","3201","6620","414","403","817","3833","3604","7437","11.0"
"2150","Tronzano Vercellese","PIEMONTE","Vercelli","VC","13049","45.3408","8.17693","182","45.0","1737","1605","3342","105","111","216","1842","1716","3558","6.1"
"2152","Valduggia","PIEMONTE","Vercelli","VC","13018","45.7218","8.32153","390","28.7","1001","998","1999","65","53","118","1066","1051","2117","5.6"
"2156","Varallo","PIEMONTE","Vercelli","VC","13019","45.8126","8.26166","450","88.7","3650","3385","7035","278","172","450","3928","3557","7485","6.0"
"2158","Vercelli","PIEMONTE","Vercelli","VC","13100","45.3202","8.41857","130","79.8","22081","19728","41809","2396","2103","4499","24477","21831","46308","9.7"
"2163","Villarboit","PIEMONTE","Vercelli","VC","13030","45.4377","8.33511","162","25.5","215","225","440","13","12","25","228","237","465","5.4"
"2164","Villata","PIEMONTE","Vercelli","VC","13010","45.3847","8.4337","136","14.4","751","788","1539","48","31","79","799","819","1618","4.9"
"2166","Vocca","PIEMONTE","Vercelli","VC","13020","45.8327","8.19772","506","20.0","81","80","161","1","0","1","82","80","162","0.6"
"3001","Agrate Conturbia","PIEMONTE","Novara","NO","28010","45.6766","8.55274","337","14.5","729","738","1467","45","42","87","774","780","1554","5.6"
"3002","Ameno","PIEMONTE","Novara","NO","28010","45.7876","8.43569","517","10.0","428","401","829","26","19","45","454","420","874","5.1"
"3006","Armeno","PIEMONTE","Novara","NO","28011","45.8225","8.43967","523","31.6","1089","994","2083","67","51","118","1156","1045","2201","5.4"
"3008","Arona","PIEMONTE","Novara","NO","28041","45.7586","8.55818","212","14.9","6883","5975","12858","773","564","1337","7656","6539","14195","9.4"
"3012","Barengo","PIEMONTE","Novara","NO","28010","45.5747","8.511","225","19.4","418","409","827","15","10","25","433","419","852","2.9"
"3016","Bellinzago Novarese","PIEMONTE","Novara","NO","28043","45.5686","8.64226","192","39.3","4381","4435","8816","314","245","559","4695","4680","9375","6.0"
"3018","Biandrate","PIEMONTE","Novara","NO","28061","45.4483","8.46445","160","12.7","547","526","1073","53","74","127","600","600","1200","10.6"
"3019","Boca","PIEMONTE","Novara","NO","28010","45.6791","8.40852","389","9.6","564","577","1141","47","39","86","611","616","1227","7.0"
"3021","Bogogno","PIEMONTE","Novara","NO","28010","45.6637","8.53745","278","8.4","609","601","1210","61","54","115","670","655","1325","8.7"
"3022","Bolzano Novarese","PIEMONTE","Novara","NO","28010","45.7628","8.44539","400","3.3","555","568","1123","26","27","53","581","595","1176","4.5"
"3023","Borgolavezzaro","PIEMONTE","Novara","NO","28071","45.3184","8.69955","118","21.2","1015","971","1986","61","36","97","1076","1007","2083","4.7"
"3024","Borgomanero","PIEMONTE","Novara","NO","28021","45.6989","8.46245","307","32.3","10096","9157","19253","1056","857","1913","11152","10014","21166","9.0"
"3025","Borgo Ticino","PIEMONTE","Novara","NO","28040","45.6855","8.60479","299","13.3","2193","2209","4402","256","271","527","2449","2480","4929","10.7"
"3026","Briga Novarese","PIEMONTE","Novara","NO","28010","45.7374","8.45038","345","4.7","1499","1429","2928","73","49","122","1572","1478","3050","4.0"
"3027","Briona","PIEMONTE","Novara","NO","28072","45.5412","8.48156","205","24.7","591","517","1108","68","58","126","659","575","1234","10.2"
"3030","Caltignaga","PIEMONTE","Novara","NO","28010","45.5184","8.58998","178","22.3","1254","1253","2507","49","29","78","1303","1282","2585","3.0"
"3032","Cameri","PIEMONTE","Novara","NO","28062","45.5049","8.66337","161","39.6","5181","4995","10176","324","270","594","5505","5265","10770","5.5"
"3036","Carpignano Sesia","PIEMONTE","Novara","NO","28064","45.5329","8.41645","204","14.7","1245","1141","2386","116","76","192","1361","1217","2578","7.4"
"3037","Casalbeltrame","PIEMONTE","Novara","NO","28060","45.4375","8.4678","151","15.9","508","498","1006","35","35","70","543","533","1076","6.5"
"3039","Casaleggio Novara","PIEMONTE","Novara","NO","28060","45.485","8.49309","170","10.5","458","445","903","19","8","27","477","453","930","2.9"
"3040","Casalino","PIEMONTE","Novara","NO","28060","45.3575","8.52669","131","39.6","757","755","1512","28","15","43","785","770","1555","2.8"
"3041","Casalvolone","PIEMONTE","Novara","NO","28060","45.3995","8.46462","141","17.4","422","394","816","29","22","51","451","416","867","5.9"
"3042","Castellazzo Novarese","PIEMONTE","Novara","NO","28060","45.5138","8.4876","182","10.8","152","142","294","13","16","29","165","158","323","9.0"
"3043","Castelletto sopra Ticino","PIEMONTE","Novara","NO","28053","45.7131","8.64457","226","14.6","4677","4353","9030","503","472","975","5180","4825","10005","9.7"
"3044","Cavaglietto","PIEMONTE","Novara","NO","28010","45.6042","8.50423","233","6.5","182","196","378","13","16","29","195","212","407","7.1"
"3045","Cavaglio d'Agogna","PIEMONTE","Novara","NO","28010","45.6103","8.48322","243","9.9","600","572","1172","40","68","108","640","640","1280","8.4"
"3047","Cavallirio","PIEMONTE","Novara","NO","28010","45.6627","8.39507","367","8.1","598","593","1191","27","31","58","625","624","1249","4.6"
"3049","Cerano","PIEMONTE","Novara","NO","28065","45.4103","8.77646","127","32.1","3129","2931","6060","334","334","668","3463","3265","6728","9.9"
"3051","Colazza","PIEMONTE","Novara","NO","28010","45.7882","8.49602","517","3.2","216","205","421","24","18","42","240","223","463","9.1"
"3052","Comignago","PIEMONTE","Novara","NO","28060","45.7145","8.56411","268","4.4","582","587","1169","34","20","54","616","607","1223","4.4"
"3055","Cressa","PIEMONTE","Novara","NO","28012","45.65","8.5104","267","7.1","778","709","1487","38","46","84","816","755","1571","5.3"
"3058","Cureggio","PIEMONTE","Novara","NO","28060","45.6763","8.46317","289","8.4","1282","1228","2510","58","36","94","1340","1264","2604","3.6"
"3060","Divignano","PIEMONTE","Novara","NO","28010","45.6581","8.60354","337","5.4","671","664","1335","57","53","110","728","717","1445","7.6"
"3062","Dormelletto","PIEMONTE","Novara","NO","28040","45.7364","8.56675","235","7.0","1235","1106","2341","157","145","302","1392","1251","2643","11.4"
"3065","Fara Novarese","PIEMONTE","Novara","NO","28073","45.5536","8.46048","210","9.3","994","953","1947","86","80","166","1080","1033","2113","7.9"
"3066","Fontaneto d'Agogna","PIEMONTE","Novara","NO","28010","45.6403","8.48377","260","21.2","1322","1226","2548","70","113","183","1392","1339","2731","6.7"
"3068","Galliate","PIEMONTE","Novara","NO","28066","45.4784","8.69329","153","29.5","7179","6700","13879","588","541","1129","7767","7241","15008","7.5"
"3069","Garbagna Novarese","PIEMONTE","Novara","NO","28070","45.3849","8.66065","132","10.1","658","649","1307","31","12","43","689","661","1350","3.2"
"3070","Gargallo","PIEMONTE","Novara","NO","28010","45.7238","8.42677","397","3.7","885","884","1769","55","45","100","940","929","1869","5.4"
"3071","Gattico","PIEMONTE","Novara","NO","28013","45.7099","8.51893","383","16.1","1637","1531","3168","110","83","193","1747","1614","3361","5.7"
"3073","Ghemme","PIEMONTE","Novara","NO","28074","45.5959","8.42286","241","20.6","1727","1640","3367","158","92","250","1885","1732","3617","6.9"
"3076","Gozzano","PIEMONTE","Novara","NO","28024","45.7468","8.44195","367","12.5","2574","2467","5041","262","298","560","2836","2765","5601","10.0"
"3077","Granozzo con Monticello","PIEMONTE","Novara","NO","28060","45.3605","8.57402","129","19.5","720","685","1405","15","12","27","735","697","1432","1.9"
"3079","Grignasco","PIEMONTE","Novara","NO","28075","45.6813","8.34653","322","14.6","2283","2186","4469","127","95","222","2410","2281","4691","4.7"
"3082","Invorio","PIEMONTE","Novara","NO","28045","45.7554","8.48709","366","17.4","2111","2054","4165","162","137","299","2273","2191","4464","6.7"
"3083","Landiona","PIEMONTE","Novara","NO","28064","45.4962","8.42288","184","7.2","302","271","573","7","10","17","309","281","590","2.9"
"3084","Lesa","PIEMONTE","Novara","NO","28040","45.8241","8.56017","198","12.5","1098","969","2067","96","73","169","1194","1042","2236","7.6"
"3088","Maggiora","PIEMONTE","Novara","NO","28014","45.6862","8.41927","397","10.7","813","807","1620","66","56","122","879","863","1742","7.0"
"3090","Mandello Vitta","PIEMONTE","Novara","NO","28060","45.495","8.45934","175","5.9","126","114","240","4","0","4","130","114","244","1.6"
"3091","Marano Ticino","PIEMONTE","Novara","NO","28040","45.6316","8.63184","258","7.9","720","738","1458","56","40","96","776","778","1554","6.2"
"3093","Massino Visconti","PIEMONTE","Novara","NO","28040","45.8206","8.5373","465","6.7","538","521","1059","27","25","52","565","546","1111","4.7"
"3095","Meina","PIEMONTE","Novara","NO","28046","45.7878","8.53191","214","7.8","1226","1124","2350","118","88","206","1344","1212","2556","8.1"
"3097","Mezzomerico","PIEMONTE","Novara","NO","28040","45.6208","8.60382","266","7.6","550","563","1113","34","29","63","584","592","1176","5.4"
"3098","Miasino","PIEMONTE","Novara","NO","28010","45.8","8.4285","479","5.4","450","382","832","31","24","55","481","406","887","6.2"
"3100","Momo","PIEMONTE","Novara","NO","28015","45.5738","8.55592","213","23.6","1313","1199","2512","74","87","161","1387","1286","2673","6.0"
"3103","Nebbiuno","PIEMONTE","Novara","NO","28010","45.7951","8.52222","430","8.3","881","866","1747","64","45","109","945","911","1856","5.9"
"3104","Nibbiola","PIEMONTE","Novara","NO","28070","45.3733","8.66104","133","11.3","405","379","784","4","4","8","409","383","792","1.0"
"3106","Novara","PIEMONTE","Novara","NO","28100","45.4469","8.62216","162","103.0","47414","42762","90176","6082","5694","11776","53496","48456","101952","11.6"
"3108","Oleggio","PIEMONTE","Novara","NO","28047","45.5952","8.63501","233","37.8","6480","6231","12711","514","425","939","6994","6656","13650","6.9"
"3109","Oleggio Castello","PIEMONTE","Novara","NO","28040","45.7494","8.52691","293","5.9","960","931","1891","36","41","77","996","972","1968","3.9"
"3112","Orta San Giulio","PIEMONTE","Novara","NO","28016","45.7967","8.41622","294","6.8","636","461","1097","49","17","66","685","478","1163","5.7"
"3114","Paruzzaro","PIEMONTE","Novara","NO","28040","45.7493","8.51635","334","5.4","986","992","1978","67","43","110","1053","1035","2088","5.3"
"3115","Pella","PIEMONTE","Novara","NO","28010","45.8016","8.3857","305","8.2","507","445","952","45","41","86","552","486","1038","8.3"
"3116","Pettenasco","PIEMONTE","Novara","NO","28028","45.8175","8.40598","300","7.2","649","665","1314","30","24","54","679","689","1368","3.9"
"3119","Pisano","PIEMONTE","Novara","NO","28010","45.7941","8.51307","390","2.8","373","334","707","33","30","63","406","364","770","8.2"
"3120","Pogno","PIEMONTE","Novara","NO","28076","45.7527","8.38077","420","10.0","703","693","1396","66","76","142","769","769","1538","9.2"
"3121","Pombia","PIEMONTE","Novara","NO","28050","45.6489","8.63311","286","12.0","1014","1002","2016","91","75","166","1105","1077","2182","7.6"
"3122","Prato Sesia","PIEMONTE","Novara","NO","28077","45.6472","8.37325","275","12.3","956","953","1909","49","35","84","1005","988","1993","4.2"
"3129","Recetto","PIEMONTE","Novara","NO","28060","45.4568","8.43587","162","8.8","408","405","813","40","63","103","448","468","916","11.2"
"3130","Romagnano Sesia","PIEMONTE","Novara","NO","28078","45.6347","8.38162","268","18.0","1982","1800","3782","145","122","267","2127","1922","4049","6.6"
"3131","Romentino","PIEMONTE","Novara","NO","28068","45.46","8.7214","146","17.7","2460","2400","4860","288","231","519","2748","2631","5379","9.6"
"3133","San Maurizio d'Opaglio","PIEMONTE","Novara","NO","28017","45.7723","8.39735","370","8.3","1482","1421","2903","93","108","201","1575","1529","3104","6.5"
"3134","San Nazzaro Sesia","PIEMONTE","Novara","NO","28060","45.4385","8.42392","153","11.5","329","349","678","7","5","12","336","354","690","1.7"
"3135","San Pietro Mosezzo","PIEMONTE","Novara","NO","28060","45.4541","8.54288","155","34.8","949","916","1865","69","62","131","1018","978","1996","6.6"
"3138","Sillavengo","PIEMONTE","Novara","NO","28064","45.5197","8.44054","192","9.5","277","295","572","12","11","23","289","306","595","3.9"
"3139","Sizzano","PIEMONTE","Novara","NO","28070","45.5748","8.43908","225","10.5","704","683","1387","32","27","59","736","710","1446","4.1"
"3140","Soriso","PIEMONTE","Novara","NO","28010","45.7398","8.41068","452","6.3","348","316","664","50","67","117","398","383","781","15.0"
"3141","Sozzago","PIEMONTE","Novara","NO","28060","45.397","8.72316","129","12.9","529","493","1022","20","13","33","549","506","1055","3.1"
"3143","Suno","PIEMONTE","Novara","NO","28019","45.6308","8.54078","251","21.3","1362","1289","2651","98","59","157","1460","1348","2808","5.6"
"3144","Terdobbiate","PIEMONTE","Novara","NO","28070","45.3752","8.69562","128","8.5","239","234","473","17","10","27","256","244","500","5.4"
"3146","Tornaco","PIEMONTE","Novara","NO","28070","45.3563","8.71824","122","13.3","446","403","849","17","10","27","463","413","876","3.1"
"3149","Trecate","PIEMONTE","Novara","NO","28069","45.4327","8.73801","136","38.4","8710","8310","17020","1426","1410","2836","10136","9720","19856","14.3"
"3153","Vaprio d'Agogna","PIEMONTE","Novara","NO","28010","45.6026","8.55521","232","10.1","492","474","966","32","17","49","524","491","1015","4.8"
"3154","Varallo Pombia","PIEMONTE","Novara","NO","28040","45.6654","8.63338","300","13.6","2379","2267","4646","174","184","358","2553","2451","5004","7.2"
"3157","Veruno","PIEMONTE","Novara","NO","28010","45.6925","8.52988","357","10.2","885","856","1741","59","44","103","944","900","1844","5.6"
"3158","Vespolate","PIEMONTE","Novara","NO","28079","45.348","8.66926","123","17.8","1002","973","1975","53","39","92","1055","1012","2067","4.5"
"3159","Vicolungo","PIEMONTE","Novara","NO","28060","45.479","8.46161","170","13.4","415","397","812","39","32","71","454","429","883","8.0"
"3164","Vinzaglio","PIEMONTE","Novara","NO","28060","45.3228","8.51943","124","15.5","259","310","569","10","9","19","269","319","588","3.2"
"4001","Acceglio","PIEMONTE","Cuneo","CN","12021","44.4755","6.99177","1.200","151.9","83","82","165","6","3","9","89","85","174","5.2"
"4002","Aisone","PIEMONTE","Cuneo","CN","12010","44.3135","7.22276","834","36.9","124","123","247","5","2","7","129","125","254","2.8"
"4003","Alba","PIEMONTE","Cuneo","CN","12051","44.7009","8.03569","172","54.0","14482","13014","27496","1814","1494","3308","16296","14508","30804","10.7"
"4004","Albaretto della Torre","PIEMONTE","Cuneo","CN","12050","44.5955","8.06519","672","4.3","112","118","230","14","15","29","126","133","259","11.2"
"4005","Alto","PIEMONTE","Cuneo","CN","12070","44.1087","8.00557","652","7.6","51","54","105","8","8","16","59","62","121","13.2"
"4006","Argentera","PIEMONTE","Cuneo","CN","12010","44.3962","6.93746","1.684","76.5","36","43","79","0","0","0","36","43","79","0.0"
"4007","Arguello","PIEMONTE","Cuneo","CN","12050","44.5827","8.11032","661","5.0","93","99","192","6","3","9","99","102","201","4.5"
"4008","Bagnasco","PIEMONTE","Cuneo","CN","12071","44.3074","8.04629","483","31.1","465","408","873","68","97","165","533","505","1038","15.9"
"4009","Bagnolo Piemonte","PIEMONTE","Cuneo","CN","12031","44.7617","7.31489","365","62.9","2674","2614","5288","388","364","752","3062","2978","6040","12.5"
"4010","Baldissero d'Alba","PIEMONTE","Cuneo","CN","12040","44.7584","7.91155","380","15.0","501","526","1027","31","28","59","532","554","1086","5.4"
"4011","Barbaresco","PIEMONTE","Cuneo","CN","12050","44.7233","8.08356","274","7.6","282","302","584","49","44","93","331","346","677","13.7"
"4012","Barge","PIEMONTE","Cuneo","CN","12032","44.726","7.32605","372","82.4","3354","3268","6622","586","653","1239","3940","3921","7861","15.8"
"4013","Barolo","PIEMONTE","Cuneo","CN","12060","44.6088","7.9403","301","5.6","333","299","632","44","29","73","377","328","705","10.4"
"4014","Bastia Mondovì","PIEMONTE","Cuneo","CN","12060","44.4426","7.89325","294","12.0","289","274","563","41","42","83","330","316","646","12.8"
"4015","Battifollo","PIEMONTE","Cuneo","CN","12070","44.3211","8.00682","846","11.1","109","115","224","7","3","10","116","118","234","4.3"
"4016","Beinette","PIEMONTE","Cuneo","CN","12081","44.3647","7.64597","491","17.4","1499","1437","2936","134","130","264","1633","1567","3200","8.3"
"4017","Bellino","PIEMONTE","Cuneo","CN","12020","44.5846","7.03485","1.572","62.2","61","73","134","1","0","1","62","73","135","0.7"
"4018","Belvedere Langhe","PIEMONTE","Cuneo","CN","12060","44.4899","7.97681","639","5.0","169","154","323","19","28","47","188","182","370","12.7"
"4019","Bene Vagienna","PIEMONTE","Cuneo","CN","12041","44.5426","7.82692","349","49.0","1623","1645","3268","204","199","403","1827","1844","3671","11.0"
"4020","Benevello","PIEMONTE","Cuneo","CN","12050","44.63","8.10634","671","5.4","201","216","417","19","21","40","220","237","457","8.8"
"4021","Bergolo","PIEMONTE","Cuneo","CN","12074","44.5473","8.18166","616","3.0","30","29","59","5","3","8","35","32","67","11.9"
"4022","Bernezzo","PIEMONTE","Cuneo","CN","12010","44.384","7.43879","575","25.8","1856","1733","3589","109","87","196","1965","1820","3785","5.2"
"4023","Bonvicino","PIEMONTE","Cuneo","CN","12060","44.5029","8.01786","502","7.2","41","54","95","7","5","12","48","59","107","11.2"
"4024","Borgomale","PIEMONTE","Cuneo","CN","12050","44.6212","8.13211","471","8.5","181","191","372","9","8","17","190","199","389","4.4"
"4025","Borgo San Dalmazzo","PIEMONTE","Cuneo","CN","12011","44.33","7.48415","636","22.3","5925","5603","11528","452","392","844","6377","5995","12372","6.8"
"4026","Bosia","PIEMONTE","Cuneo","CN","12050","44.6009","8.14753","484","5.6","81","77","158","12","11","23","93","88","181","12.7"
"4027","Bossolasco","PIEMONTE","Cuneo","CN","12060","44.5275","8.05062","757","14.4","308","296","604","40","32","72","348","328","676","10.7"
"4028","Boves","PIEMONTE","Cuneo","CN","12012","44.328","7.55157","590","51.1","4607","4563","9170","299","256","555","4906","4819","9725","5.7"
"4029","Bra","PIEMONTE","Cuneo","CN","12042","44.6923","7.85512","290","59.6","13275","12297","25572","1720","1643","3363","14995","13940","28935","11.6"
"4030","Briaglia","PIEMONTE","Cuneo","CN","12080","44.3956","7.87634","546","6.2","149","162","311","7","6","13","156","168","324","4.0"
"4031","Briga Alta","PIEMONTE","Cuneo","CN","18025","44.0813","7.74964","1.310","53.5","19","29","48","0","0","0","19","29","48","0.0"
"4032","Brondello","PIEMONTE","Cuneo","CN","12030","44.5999","7.40582","467","9.9","124","145","269","8","10","18","132","155","287","6.3"
"4033","Brossasco","PIEMONTE","Cuneo","CN","12020","44.5699","7.36278","606","28.2","497","545","1042","32","35","67","529","580","1109","6.0"
"4034","Busca","PIEMONTE","Cuneo","CN","12022","44.5169","7.47796","500","65.8","4685","4606","9291","391","367","758","5076","4973","10049","7.5"
"4035","Camerana","PIEMONTE","Cuneo","CN","12072","44.423","8.14367","525","24.0","311","319","630","19","6","25","330","325","655","3.8"
"4036","Camo","PIEMONTE","Cuneo","CN","12050","44.6947","8.19312","471","3.6","94","102","196","2","2","4","96","104","200","2.0"
"4037","Canale","PIEMONTE","Cuneo","CN","12043","44.798","7.9996","193","18.0","2410","2341","4751","432","453","885","2842","2794","5636","15.7"
"4038","Canosio","PIEMONTE","Cuneo","CN","12020","44.4562","7.08319","1.225","48.6","32","48","80","2","0","2","34","48","82","2.4"
"4039","Caprauna","PIEMONTE","Cuneo","CN","12070","44.1177","7.95384","954","11.0","55","62","117","2","1","3","57","63","120","2.5"
"4040","Caraglio","PIEMONTE","Cuneo","CN","12023","44.4192","7.43267","575","41.5","3129","3093","6222","269","264","533","3398","3357","6755","7.9"
"4041","Caramagna Piemonte","PIEMONTE","Cuneo","CN","12030","44.7803","7.73885","257","26.3","1392","1377","2769","121","142","263","1513","1519","3032","8.7"
"4042","Cardè","PIEMONTE","Cuneo","CN","12030","44.745","7.47779","258","19.3","570","535","1105","16","13","29","586","548","1134","2.6"
"4043","Carrù","PIEMONTE","Cuneo","CN","12061","44.4797","7.87352","364","26.0","2047","1923","3970","234","224","458","2281","2147","4428","10.3"
"4044","Cartignano","PIEMONTE","Cuneo","CN","12020","44.4775","7.28799","690","6.5","83","90","173","1","4","5","84","94","178","2.8"
"4045","Casalgrasso","PIEMONTE","Cuneo","CN","12030","44.8178","7.62665","240","17.7","677","667","1344","53","51","104","730","718","1448","7.2"
"4046","Castagnito","PIEMONTE","Cuneo","CN","12050","44.7542","8.0317","350","7.1","891","865","1756","173","184","357","1064","1049","2113","16.9"
"4047","Casteldelfino","PIEMONTE","Cuneo","CN","12020","44.59","7.06889","1.296","33.2","83","85","168","6","5","11","89","90","179","6.1"
"4048","Castellar","PIEMONTE","Cuneo","CN","12030","44.2962","7.57551","402","3.8","132","146","278","4","2","6","136","148","284","2.1"
"4049","Castelletto Stura","PIEMONTE","Cuneo","CN","12040","44.4439","7.63944","447","16.6","601","651","1252","52","47","99","653","698","1351","7.3"
"4050","Castelletto Uzzone","PIEMONTE","Cuneo","CN","12070","44.4933","8.18987","425","15.1","150","181","331","20","14","34","170","195","365","9.3"
"4051","Castellinaldo","PIEMONTE","Cuneo","CN","12050","44.7721","8.03206","285","7.9","399","418","817","39","41","80","438","459","897","8.9"
"4052","Castellino Tanaro","PIEMONTE","Cuneo","CN","12060","44.4276","7.97993","613","11.6","161","164","325","7","5","12","168","169","337","3.6"
"4053","Castelmagno","PIEMONTE","Cuneo","CN","12020","44.4096","7.21356","1.141","49.5","28","53","81","1","0","1","29","53","82","1.2"
"4054","Castelnuovo di Ceva","PIEMONTE","Cuneo","CN","12070","44.354","8.1281","743","6.2","67","58","125","9","5","14","76","63","139","10.1"
"4055","Castiglione Falletto","PIEMONTE","Cuneo","CN","12060","44.6214","7.97662","350","4.7","319","335","654","26","28","54","345","363","708","7.6"
"4056","Castiglione Tinella","PIEMONTE","Cuneo","CN","12053","44.7262","8.19306","408","11.6","403","377","780","42","49","91","445","426","871","10.4"
"4057","Castino","PIEMONTE","Cuneo","CN","12050","44.6291","8.16117","540","15.5","210","227","437","32","31","63","242","258","500","12.6"
"4058","Cavallerleone","PIEMONTE","Cuneo","CN","12030","44.7384","7.66071","270","16.5","275","301","576","34","42","76","309","343","652","11.7"
"4059","Cavallermaggiore","PIEMONTE","Cuneo","CN","12030","44.7129","7.68937","285","51.6","2445","2433","4878","298","296","594","2743","2729","5472","10.9"
"4060","Celle di Macra","PIEMONTE","Cuneo","CN","12020","44.4816","7.17836","1.270","31.3","39","54","93","0","0","0","39","54","93","0.0"
"4061","Centallo","PIEMONTE","Cuneo","CN","12044","44.5009","7.58449","426","42.8","3037","3074","6111","337","369","706","3374","3443","6817","10.4"
"4062","Ceresole Alba","PIEMONTE","Cuneo","CN","12040","44.8","7.81837","301","37.1","951","1034","1985","77","53","130","1028","1087","2115","6.1"
"4063","Cerretto Langhe","PIEMONTE","Cuneo","CN","12050","44.5792","8.0738","687","10.1","190","222","412","23","20","43","213","242","455","9.5"
"4064","Cervasca","PIEMONTE","Cuneo","CN","12010","44.3801","7.47289","578","18.3","2257","2346","4603","113","88","201","2370","2434","4804","4.2"
"4065","Cervere","PIEMONTE","Cuneo","CN","12040","44.6277","7.77971","304","18.9","998","1005","2003","89","70","159","1087","1075","2162","7.4"
"4066","Ceva","PIEMONTE","Cuneo","CN","12073","44.3863","8.02908","376","43.0","2507","2401","4908","429","420","849","2936","2821","5757","14.7"
"4067","Cherasco","PIEMONTE","Cuneo","CN","12062","44.6472","7.85819","288","81.2","4056","3894","7950","366","336","702","4422","4230","8652","8.1"
"4068","Chiusa di Pesio","PIEMONTE","Cuneo","CN","12013","44.3241","7.67305","575","94.1","1729","1674","3403","172","155","327","1901","1829","3730","8.8"
"4069","Cigliè","PIEMONTE","Cuneo","CN","12060","44.4364","7.92694","549","6.0","96","94","190","2","4","6","98","98","196","3.1"
"4070","Cissone","PIEMONTE","Cuneo","CN","12050","44.5637","8.03052","661","5.8","31","41","72","7","3","10","38","44","82","12.2"
"4071","Clavesana","PIEMONTE","Cuneo","CN","12060","44.4837","7.91019","300","17.2","405","412","817","45","38","83","450","450","900","9.2"
"4072","Corneliano d'Alba","PIEMONTE","Cuneo","CN","12040","44.736","7.95844","204","10.3","967","881","1848","83","106","189","1050","987","2037","9.3"
"4073","Cortemilia","PIEMONTE","Cuneo","CN","12074","44.5808","8.19221","247","24.7","1066","1054","2120","154","114","268","1220","1168","2388","11.2"
"4074","Cossano Belbo","PIEMONTE","Cuneo","CN","12054","44.6653","8.19575","244","20.8","449","448","897","65","68","133","514","516","1030","12.9"
"4075","Costigliole Saluzzo","PIEMONTE","Cuneo","CN","12024","44.5648","7.48478","460","15.3","1405","1417","2822","257","265","522","1662","1682","3344","15.6"
"4076","Cravanzana","PIEMONTE","Cuneo","CN","12050","44.5668","8.11747","585","8.2","184","173","357","28","23","51","212","196","408","12.5"
"4077","Crissolo","PIEMONTE","Cuneo","CN","12030","44.6982","7.1597","1.318","49.0","72","99","171","1","0","1","73","99","172","0.6"
"4078","Cuneo","PIEMONTE","Cuneo","CN","12100","44.3845","7.54267","534","119.9","26273","23845","50118","2568","2327","4895","28841","26172","55013","8.9"
"4079","Demonte","PIEMONTE","Cuneo","CN","12014","44.3148","7.29447","780","127.3","989","988","1977","46","36","82","1035","1024","2059","4.0"
"4080","Diano d'Alba","PIEMONTE","Cuneo","CN","12055","44.65","8.02713","496","17.8","1593","1636","3229","120","102","222","1713","1738","3451","6.4"
"4081","Dogliani","PIEMONTE","Cuneo","CN","12063","44.532","7.94975","295","35.9","2068","2038","4106","349","350","699","2417","2388","4805","14.5"
"4082","Dronero","PIEMONTE","Cuneo","CN","12025","44.4658","7.36567","622","58.9","3284","2974","6258","440","507","947","3724","3481","7205","13.1"
"4083","Elva","PIEMONTE","Cuneo","CN","12020","44.5411","7.09343","1.637","26.4","43","50","93","0","1","1","43","51","94","1.1"
"4084","Entracque","PIEMONTE","Cuneo","CN","12010","44.244","7.39641","894","159.9","380","412","792","11","4","15","391","416","807","1.9"
"4085","Envie","PIEMONTE","Cuneo","CN","12030","44.6785","7.37229","327","25.1","923","942","1865","96","96","192","1019","1038","2057","9.3"
"4086","Farigliano","PIEMONTE","Cuneo","CN","12060","44.5116","7.91757","263","16.4","768","765","1533","102","112","214","870","877","1747","12.2"
"4087","Faule","PIEMONTE","Cuneo","CN","12030","44.8071","7.58142","246","6.9","237","234","471","15","10","25","252","244","496","5.0"
"4088","Feisoglio","PIEMONTE","Cuneo","CN","12050","44.542","8.10507","706","7.4","165","167","332","7","5","12","172","172","344","3.5"
"4089","Fossano","PIEMONTE","Cuneo","CN","12045","44.5525","7.72179","375","130.7","11288","11010","22298","1141","1271","2412","12429","12281","24710","9.8"
"4090","Frabosa Soprana","PIEMONTE","Cuneo","CN","12082","44.2852","7.80772","891","48.0","382","394","776","25","14","39","407","408","815","4.8"
"4091","Frabosa Sottana","PIEMONTE","Cuneo","CN","12083","44.3035","7.80028","641","37.6","648","737","1385","60","49","109","708","786","1494","7.3"
"4092","Frassino","PIEMONTE","Cuneo","CN","12020","44.5705","7.27438","750","16.8","125","144","269","17","4","21","142","148","290","7.2"
"4093","Gaiola","PIEMONTE","Cuneo","CN","12010","44.3335","7.40647","692","5.0","278","311","589","8","3","11","286","314","600","1.8"
"4094","Gambasca","PIEMONTE","Cuneo","CN","12030","44.6302","7.34431","478","5.8","186","199","385","11","12","23","197","211","408","5.6"
"4095","Garessio","PIEMONTE","Cuneo","CN","12075","44.2038","8.01423","621","131.2","1591","1487","3078","154","130","284","1745","1617","3362","8.4"
"4096","Genola","PIEMONTE","Cuneo","CN","12040","44.5876","7.66183","345","13.7","1196","1171","2367","116","113","229","1312","1284","2596","8.8"
"4097","Gorzegno","PIEMONTE","Cuneo","CN","12070","44.5126","8.13559","319","13.8","148","156","304","11","7","18","159","163","322","5.6"
"4098","Gottasecca","PIEMONTE","Cuneo","CN","12070","44.4593","8.16748","710","13.5","81","89","170","3","1","4","84","90","174","2.3"
"4099","Govone","PIEMONTE","Cuneo","CN","12040","44.8045","8.09753","301","18.8","1043","967","2010","80","67","147","1123","1034","2157","6.8"
"4100","Grinzane Cavour","PIEMONTE","Cuneo","CN","12060","44.6534","7.99223","195","3.7","850","820","1670","140","128","268","990","948","1938","13.8"
"4101","Guarene","PIEMONTE","Cuneo","CN","12050","44.7377","8.03077","360","13.4","1566","1553","3119","184","132","316","1750","1685","3435","9.2"
"4102","Igliano","PIEMONTE","Cuneo","CN","12060","44.4438","8.01333","532","3.4","34","39","73","7","4","11","41","43","84","13.1"
"4103","Isasca","PIEMONTE","Cuneo","CN","12020","44.5866","7.38188","660","5.3","32","46","78","0","0","0","32","46","78","0.0"
"4104","Lagnasco","PIEMONTE","Cuneo","CN","12030","44.626","7.55615","353","17.8","613","636","1249","70","86","156","683","722","1405","11.1"
"4105","La Morra","PIEMONTE","Cuneo","CN","12064","44.6389","7.9338","513","24.3","1207","1238","2445","138","135","273","1345","1373","2718","10.0"
"4106","Lequio Berria","PIEMONTE","Cuneo","CN","12050","44.6039","8.09758","715","11.9","216","251","467","16","11","27","232","262","494","5.5"
"4107","Lequio Tanaro","PIEMONTE","Cuneo","CN","12060","44.5606","7.8828","328","12.1","353","364","717","52","50","102","405","414","819","12.5"
"4108","Lesegno","PIEMONTE","Cuneo","CN","12076","44.4016","7.97042","422","14.4","401","371","772","47","35","82","448","406","854","9.6"
"4109","Levice","PIEMONTE","Cuneo","CN","12070","44.5374","8.15601","547","15.4","103","106","209","18","19","37","121","125","246","15.0"
"4110","Limone Piemonte","PIEMONTE","Cuneo","CN","12015","44.205","7.57506","1.009","71.2","718","728","1446","29","15","44","747","743","1490","3.0"
"4111","Lisio","PIEMONTE","Cuneo","CN","12070","44.3064","7.97901","575","8.7","98","105","203","9","2","11","107","107","214","5.1"
"4112","Macra","PIEMONTE","Cuneo","CN","12020","44.5003","7.17955","875","24.5","22","26","48","4","0","4","26","26","52","7.7"
"4113","Magliano Alfieri","PIEMONTE","Cuneo","CN","12050","44.7657","8.07059","328","9.5","948","899","1847","85","94","179","1033","993","2026","8.8"
"4114","Magliano Alpi","PIEMONTE","Cuneo","CN","12060","44.4657","7.82301","403","32.6","1017","1029","2046","90","95","185","1107","1124","2231","8.3"
"4115","Mango","PIEMONTE","Cuneo","CN","12056","44.687","8.14837","521","19.9","593","576","1169","79","86","165","672","662","1334","12.4"
"4116","Manta","PIEMONTE","Cuneo","CN","12030","44.6169","7.48532","404","11.8","1759","1660","3419","177","139","316","1936","1799","3735","8.5"
"4117","Marene","PIEMONTE","Cuneo","CN","12030","44.6628","7.72856","310","29.0","1422","1396","2818","122","115","237","1544","1511","3055","7.8"
"4118","Margarita","PIEMONTE","Cuneo","CN","12040","44.4027","7.6854","448","11.5","659","671","1330","54","48","102","713","719","1432","7.1"
"4119","Marmora","PIEMONTE","Cuneo","CN","12020","44.4585","7.09295","1.225","41.1","35","34","69","1","4","5","36","38","74","6.8"
"4120","Marsaglia","PIEMONTE","Cuneo","CN","12060","44.4529","7.98273","607","13.0","121","124","245","11","5","16","132","129","261","6.1"
"4121","Martiniana Po","PIEMONTE","Cuneo","CN","12030","44.6282","7.36014","460","13.0","339","367","706","39","36","75","378","403","781","9.6"
"4122","Melle","PIEMONTE","Cuneo","CN","12020","44.5608","7.31879","683","27.9","162","156","318","6","2","8","168","158","326","2.5"
"4123","Moiola","PIEMONTE","Cuneo","CN","12010","44.3199","7.38978","689","15.0","114","126","240","7","5","12","121","131","252","4.8"
"4124","Mombarcaro","PIEMONTE","Cuneo","CN","12070","44.4675","8.08858","896","20.4","132","122","254","11","9","20","143","131","274","7.3"
"4125","Mombasiglio","PIEMONTE","Cuneo","CN","12070","44.3632","7.97038","454","17.2","321","280","601","11","4","15","332","284","616","2.4"
"4126","Monastero di Vasco","PIEMONTE","Cuneo","CN","12080","44.3397","7.82197","508","17.5","670","607","1277","22","20","42","692","627","1319","3.2"
"4127","Monasterolo Casotto","PIEMONTE","Cuneo","CN","12080","44.3164","7.94294","726","7.7","50","51","101","0","0","0","50","51","101","0.0"
"4128","Monasterolo di Savigliano","PIEMONTE","Cuneo","CN","12030","44.6894","7.61961","291","15.1","648","606","1254","53","50","103","701","656","1357","7.6"
"4129","Monchiero","PIEMONTE","Cuneo","CN","12060","44.5691","7.91766","235","5.0","230","241","471","40","47","87","270","288","558","15.6"
"4130","Mondovì","PIEMONTE","Cuneo","CN","12084","44.3917","7.81878","395","87.3","10179","9527","19706","1321","1226","2547","11500","10753","22253","11.4"
"4131","Monesiglio","PIEMONTE","Cuneo","CN","12077","44.4647","8.11956","372","12.8","334","305","639","37","36","73","371","341","712","10.3"
"4132","Monforte d'Alba","PIEMONTE","Cuneo","CN","12065","44.5829","7.96789","480","25.7","870","845","1715","165","162","327","1035","1007","2042","16.0"
"4133","Montà","PIEMONTE","Cuneo","CN","12046","44.8195","7.95303","316","26.7","2162","2015","4177","266","272","538","2428","2287","4715","11.4"
"4134","Montaldo di Mondovì","PIEMONTE","Cuneo","CN","12080","44.3211","7.8674","800","23.7","278","257","535","22","14","36","300","271","571","6.3"
"4135","Montaldo Roero","PIEMONTE","Cuneo","CN","12040","44.767","7.92768","378","12.0","407","426","833","22","17","39","429","443","872","4.5"
"4136","Montanera","PIEMONTE","Cuneo","CN","12040","44.4611","7.6657","427","11.1","333","333","666","29","38","67","362","371","733","9.1"
"4137","Montelupo Albese","PIEMONTE","Cuneo","CN","12050","44.623","8.04667","564","6.4","236","228","464","38","29","67","274","257","531","12.6"
"4138","Montemale di Cuneo","PIEMONTE","Cuneo","CN","12025","44.4371","7.37624","931","11.6","105","110","215","1","2","3","106","112","218","1.4"
"4139","Monterosso Grana","PIEMONTE","Cuneo","CN","12020","44.4084","7.32229","720","42.2","233","240","473","32","31","63","265","271","536","11.8"
"4140","Monteu Roero","PIEMONTE","Cuneo","CN","12040","44.7793","7.9385","395","24.5","785","774","1559","60","48","108","845","822","1667","6.5"
"4141","Montezemolo","PIEMONTE","Cuneo","CN","12070","44.3775","8.14144","741","6.8","117","138","255","7","8","15","124","146","270","5.6"
"4142","Monticello d'Alba","PIEMONTE","Cuneo","CN","12066","44.718","7.94174","320","10.1","1036","978","2014","96","106","202","1132","1084","2216","9.1"
"4143","Moretta","PIEMONTE","Cuneo","CN","12033","44.7633","7.53187","262","24.2","2025","1893","3918","169","150","319","2194","2043","4237","7.5"
"4144","Morozzo","PIEMONTE","Cuneo","CN","12040","44.4232","7.70994","431","22.0","926","977","1903","105","107","212","1031","1084","2115","10.0"
"4145","Murazzano","PIEMONTE","Cuneo","CN","12060","44.4751","8.02139","739","27.7","367","360","727","60","53","113","427","413","840","13.5"
"4146","Murello","PIEMONTE","Cuneo","CN","12030","44.7537","7.60073","260","17.2","451","464","915","27","20","47","478","484","962","4.9"
"4147","Narzole","PIEMONTE","Cuneo","CN","12068","44.5942","7.87095","325","26.4","1496","1473","2969","281","282","563","1777","1755","3532","15.9"
"4148","Neive","PIEMONTE","Cuneo","CN","12052","44.7238","8.11913","308","21.2","1469","1351","2820","264","257","521","1733","1608","3341","15.6"
"4149","Neviglie","PIEMONTE","Cuneo","CN","12050","44.6975","8.11747","461","8.1","208","194","402","11","12","23","219","206","425","5.4"
"4150","Niella Belbo","PIEMONTE","Cuneo","CN","12050","44.513","8.07968","785","11.5","186","189","375","16","10","26","202","199","401","6.5"
"4151","Niella Tanaro","PIEMONTE","Cuneo","CN","12060","44.413","7.92369","371","15.6","483","469","952","43","40","83","526","509","1035","8.0"
"4152","Novello","PIEMONTE","Cuneo","CN","12060","44.5869","7.92592","471","11.6","455","468","923","50","50","100","505","518","1023","9.8"
"4153","Nucetto","PIEMONTE","Cuneo","CN","12070","44.3419","8.06096","450","7.6","200","210","410","11","11","22","211","221","432","5.1"
"4154","Oncino","PIEMONTE","Cuneo","CN","12030","44.6773","7.19012","1.220","47.5","31","47","78","1","3","4","32","50","82","4.9"
"4155","Ormea","PIEMONTE","Cuneo","CN","12078","44.1483","7.91049","736","124.2","805","808","1613","56","54","110","861","862","1723","6.4"
"4156","Ostana","PIEMONTE","Cuneo","CN","12030","44.6926","7.18885","1.250","17.0","33","46","79","1","1","2","34","47","81","2.5"
"4157","Paesana","PIEMONTE","Cuneo","CN","12034","44.6847","7.27436","614","58.1","1412","1328","2740","67","61","128","1479","1389","2868","4.5"
"4158","Pagno","PIEMONTE","Cuneo","CN","12030","44.6125","7.42741","362","8.4","280","286","566","5","1","6","285","287","572","1.0"
"4159","Pamparato","PIEMONTE","Cuneo","CN","12087","44.2745","7.91024","816","35.1","157","170","327","1","1","2","158","171","329","0.6"
"4160","Paroldo","PIEMONTE","Cuneo","CN","12070","44.4326","8.07164","640","12.6","103","107","210","11","7","18","114","114","228","7.9"
"4161","Perletto","PIEMONTE","Cuneo","CN","12070","44.5998","8.21216","446","10.6","132","150","282","14","9","23","146","159","305","7.5"
"4162","Perlo","PIEMONTE","Cuneo","CN","12070","44.3313","8.0833","697","11.6","57","67","124","2","0","2","59","67","126","1.6"
"4163","Peveragno","PIEMONTE","Cuneo","CN","12016","44.3289","7.61735","570","68.4","2617","2591","5208","146","127","273","2763","2718","5481","5.0"
"4164","Pezzolo Valle Uzzone","PIEMONTE","Cuneo","CN","12070","44.539","8.19287","321","27.5","160","158","318","22","14","36","182","172","354","10.2"
"4165","Pianfei","PIEMONTE","Cuneo","CN","12080","44.3697","7.70837","503","15.1","1021","1047","2068","90","64","154","1111","1111","2222","6.9"
"4166","Piasco","PIEMONTE","Cuneo","CN","12026","44.5686","7.45845","480","10.6","1342","1286","2628","99","94","193","1441","1380","2821","6.8"
"4167","Pietraporzio","PIEMONTE","Cuneo","CN","12010","44.3432","7.03586","1.246","54.5","35","47","82","6","3","9","41","50","91","9.9"
"4168","Piobesi d'Alba","PIEMONTE","Cuneo","CN","12040","44.7332","7.98029","194","4.0","575","578","1153","47","48","95","622","626","1248","7.6"
"4169","Piozzo","PIEMONTE","Cuneo","CN","12060","44.5127","7.89107","327","14.3","501","453","954","27","26","53","528","479","1007","5.3"
"4170","Pocapaglia","PIEMONTE","Cuneo","CN","12060","44.7138","7.88754","381","17.4","1615","1607","3222","68","40","108","1683","1647","3330","3.2"
"4171","Polonghera","PIEMONTE","Cuneo","CN","12030","44.8025","7.59841","245","10.4","550","532","1082","59","52","111","609","584","1193","9.3"
"4172","Pontechianale","PIEMONTE","Cuneo","CN","12020","44.6213","7.03181","1.614","95.7","86","90","176","5","1","6","91","91","182","3.3"
"4173","Pradleves","PIEMONTE","Cuneo","CN","12027","44.4179","7.2819","822","19.3","127","133","260","5","7","12","132","140","272","4.4"
"4174","Prazzo","PIEMONTE","Cuneo","CN","12028","44.4832","7.05712","1.030","52.3","88","80","168","4","3","7","92","83","175","4.0"
"4175","Priero","PIEMONTE","Cuneo","CN","12070","44.3754","8.09581","475","20.2","210","202","412","37","38","75","247","240","487","15.4"
"4176","Priocca","PIEMONTE","Cuneo","CN","12040","44.7856","8.06256","253","9.1","971","931","1902","61","38","99","1032","969","2001","4.9"
"4177","Priola","PIEMONTE","Cuneo","CN","12070","44.2404","8.02068","537","27.1","344","351","695","14","10","24","358","361","719","3.3"
"4178","Prunetto","PIEMONTE","Cuneo","CN","12077","44.4884","8.14365","750","14.5","221","227","448","17","6","23","238","233","471","4.9"
"4179","Racconigi","PIEMONTE","Cuneo","CN","12035","44.7683","7.67591","260","48.0","4653","4468","9121","442","465","907","5095","4933","10028","9.0"
"4180","Revello","PIEMONTE","Cuneo","CN","12036","44.6568","7.39202","351","53.5","1965","1955","3920","146","137","283","2111","2092","4203","6.7"
"4181","Rifreddo","PIEMONTE","Cuneo","CN","12030","44.6497","7.34926","433","6.8","483","499","982","45","45","90","528","544","1072","8.4"
"4182","Rittana","PIEMONTE","Cuneo","CN","12010","44.3577","7.38529","750","11.4","70","61","131","2","2","4","72","63","135","3.0"
"4183","Roaschia","PIEMONTE","Cuneo","CN","12010","44.2703","7.45421","820","23.9","59","75","134","4","0","4","63","75","138","2.9"
"4184","Roascio","PIEMONTE","Cuneo","CN","12073","44.4171","8.02267","458","6.5","37","44","81","1","1","2","38","45","83","2.4"
"4185","Robilante","PIEMONTE","Cuneo","CN","12017","44.2917","7.51559","686","24.9","1108","1108","2216","113","95","208","1221","1203","2424","8.6"
"4186","Roburent","PIEMONTE","Cuneo","CN","12080","44.3031","7.88909","788","29.9","246","254","500","8","5","13","254","259","513","2.5"
"4187","Roccabruna","PIEMONTE","Cuneo","CN","12020","44.4913","7.32643","700","24.1","757","729","1486","57","46","103","814","775","1589","6.5"
"4188","Rocca Cigliè","PIEMONTE","Cuneo","CN","12060","44.4378","7.95384","604","7.3","78","67","145","6","3","9","84","70","154","5.8"
"4189","Rocca de' Baldi","PIEMONTE","Cuneo","CN","12047","44.4235","7.76168","414","26.3","772","789","1561","62","75","137","834","864","1698","8.1"
"4190","Roccaforte Mondovì","PIEMONTE","Cuneo","CN","12088","44.3176","7.74449","574","84.9","954","1023","1977","81","90","171","1035","1113","2148","8.0"
"4191","Roccasparvera","PIEMONTE","Cuneo","CN","12010","44.3391","7.44053","674","11.0","347","366","713","20","4","24","367","370","737","3.3"
"4192","Roccavione","PIEMONTE","Cuneo","CN","12018","44.3153","7.48225","646","19.6","1332","1307","2639","119","118","237","1451","1425","2876","8.2"
"4193","Rocchetta Belbo","PIEMONTE","Cuneo","CN","12050","44.6379","8.17751","273","4.6","83","89","172","5","4","9","88","93","181","5.0"
"4194","Roddi","PIEMONTE","Cuneo","CN","12060","44.6791","7.97297","284","9.4","755","747","1502","23","21","44","778","768","1546","2.8"
"4195","Roddino","PIEMONTE","Cuneo","CN","12050","44.5755","8.01586","610","10.4","163","182","345","16","16","32","179","198","377","8.5"
"4196","Rodello","PIEMONTE","Cuneo","CN","12050","44.6299","8.05769","537","8.8","445","458","903","58","43","101","503","501","1004","10.1"
"4197","Rossana","PIEMONTE","Cuneo","CN","12020","44.5439","7.43311","535","19.9","403","407","810","47","52","99","450","459","909","10.9"
"4198","Ruffia","PIEMONTE","Cuneo","CN","12030","44.7068","7.60362","282","7.6","144","174","318","14","18","32","158","192","350","9.1"
"4199","Sale delle Langhe","PIEMONTE","Cuneo","CN","12070","44.3961","8.08203","480","10.9","225","260","485","22","18","40","247","278","525","7.6"
"4200","Sale San Giovanni","PIEMONTE","Cuneo","CN","12070","44.399","8.07778","615","8.1","85","80","165","5","8","13","90","88","178","7.3"
"4201","Saliceto","PIEMONTE","Cuneo","CN","12079","44.4139","8.16683","389","24.4","659","621","1280","55","47","102","714","668","1382","7.4"
"4202","Salmour","PIEMONTE","Cuneo","CN","12040","44.5783","7.79233","391","12.6","315","343","658","21","27","48","336","370","706","6.8"
"4203","Saluzzo","PIEMONTE","Cuneo","CN","12037","44.6445","7.49274","340","75.8","7811","7289","15100","915","925","1840","8726","8214","16940","10.9"
"4204","Sambuco","PIEMONTE","Cuneo","CN","12010","44.3365","7.07902","1.184","47.5","48","48","96","2","2","4","50","50","100","4.0"
"4205","Sampeyre","PIEMONTE","Cuneo","CN","12020","44.5794","7.18562","976","98.9","515","508","1023","27","19","46","542","527","1069","4.3"
"4206","San Benedetto Belbo","PIEMONTE","Cuneo","CN","12050","44.4914","8.05617","637","5.0","85","93","178","10","3","13","95","96","191","6.8"
"4207","San Damiano Macra","PIEMONTE","Cuneo","CN","12029","44.4999","7.23293","743","54.1","202","221","423","10","6","16","212","227","439","3.6"
"4208","Sanfrè","PIEMONTE","Cuneo","CN","12040","44.751","7.80313","272","15.4","1379","1317","2696","106","99","205","1485","1416","2901","7.1"
"4209","Sanfront","PIEMONTE","Cuneo","CN","12030","44.649","7.31797","490","39.7","1232","1217","2449","46","35","81","1278","1252","2530","3.2"
"4210","San Michele Mondovì","PIEMONTE","Cuneo","CN","12080","44.3759","7.90686","444","18.3","907","838","1745","142","147","289","1049","985","2034","14.2"
"4211","Sant'Albano Stura","PIEMONTE","Cuneo","CN","12040","44.5088","7.72113","378","28.1","1103","1149","2252","64","64","128","1167","1213","2380","5.4"
"4212","Santa Vittoria d'Alba","PIEMONTE","Cuneo","CN","12069","44.6995","7.9357","346","10.1","1217","1201","2418","167","163","330","1384","1364","2748","12.0"
"4213","Santo Stefano Belbo","PIEMONTE","Cuneo","CN","12058","44.6997","8.21725","170","23.6","1823","1730","3553","257","245","502","2080","1975","4055","12.4"
"4214","Santo Stefano Roero","PIEMONTE","Cuneo","CN","12040","44.7884","7.94187","330","13.4","660","621","1281","76","50","126","736","671","1407","9.0"
"4215","Savigliano","PIEMONTE","Cuneo","CN","12038","44.647","7.66246","320","110.7","9790","9332","19122","946","867","1813","10736","10199","20935","8.7"
"4216","Scagnello","PIEMONTE","Cuneo","CN","12070","44.3329","7.98644","748","9.0","102","105","207","0","0","0","102","105","207","0.0"
"4217","Scarnafigi","PIEMONTE","Cuneo","CN","12030","44.6818","7.56985","296","30.4","928","968","1896","100","98","198","1028","1066","2094","9.5"
"4218","Serralunga d'Alba","PIEMONTE","Cuneo","CN","12050","44.6052","7.99936","414","8.4","206","236","442","42","40","82","248","276","524","15.6"
"4219","Serravalle Langhe","PIEMONTE","Cuneo","CN","12050","44.5582","8.05954","762","9.1","140","170","310","8","5","13","148","175","323","4.0"
"4220","Sinio","PIEMONTE","Cuneo","CN","12050","44.6021","8.02102","357","8.5","206","208","414","46","56","102","252","264","516","19.8"
"4221","Somano","PIEMONTE","Cuneo","CN","12060","44.5359","8.00783","516","11.8","173","173","346","9","6","15","182","179","361","4.2"
"4222","Sommariva del Bosco","PIEMONTE","Cuneo","CN","12048","44.7701","7.78338","298","35.6","2982","2883","5865","278","251","529","3260","3134","6394","8.3"
"4223","Sommariva Perno","PIEMONTE","Cuneo","CN","12040","44.7456","7.90154","389","17.4","1346","1273","2619","117","92","209","1463","1365","2828","7.4"
"4224","Stroppo","PIEMONTE","Cuneo","CN","12020","44.5025","7.12476","1.087","28.1","49","53","102","4","1","5","53","54","107","4.7"
"4225","Tarantasca","PIEMONTE","Cuneo","CN","12020","44.4972","7.54447","451","12.2","929","994","1923","31","55","86","960","1049","2009","4.3"
"4226","Torre Bormida","PIEMONTE","Cuneo","CN","12050","44.5626","8.15422","391","7.7","96","101","197","7","7","14","103","108","211","6.6"
"4227","Torre Mondovì","PIEMONTE","Cuneo","CN","12080","44.3238","7.90482","460","18.5","228","210","438","28","28","56","256","238","494","11.3"
"4228","Torre San Giorgio","PIEMONTE","Cuneo","CN","12030","44.7344","7.53032","262","5.4","349","332","681","16","12","28","365","344","709","3.9"
"4229","Torresina","PIEMONTE","Cuneo","CN","12070","44.4336","8.03556","704","3.8","33","29","62","2","1","3","35","30","65","4.6"
"4230","Treiso","PIEMONTE","Cuneo","CN","12050","44.6884","8.09012","410","9.5","366","373","739","36","45","81","402","418","820","9.9"
"4231","Trezzo Tinella","PIEMONTE","Cuneo","CN","12050","44.6776","8.10779","341","10.4","166","166","332","5","4","9","171","170","341","2.6"
"4232","Trinità","PIEMONTE","Cuneo","CN","12049","44.51","7.75561","383","28.2","1033","1005","2038","73","77","150","1106","1082","2188","6.9"
"4233","Valdieri","PIEMONTE","Cuneo","CN","12010","44.2768","7.39767","774","153.6","431","465","896","17","11","28","448","476","924","3.0"
"4234","Valgrana","PIEMONTE","Cuneo","CN","12020","44.4126","7.38077","642","23.1","382","394","776","23","18","41","405","412","817","5.0"
"4235","Valloriate","PIEMONTE","Cuneo","CN","12010","44.3377","7.36926","785","16.9","54","62","116","2","3","5","56","65","121","4.1"
"4236","Valmala","PIEMONTE","Cuneo","CN","12020","44.5452","7.346","831","10.9","22","41","63","0","1","1","22","42","64","1.6"
"4237","Venasca","PIEMONTE","Cuneo","CN","12020","44.5638","7.40569","549","20.4","707","681","1388","42","42","84","749","723","1472","5.7"
"4238","Verduno","PIEMONTE","Cuneo","CN","12060","44.6656","7.92954","381","7.3","260","257","517","33","27","60","293","284","577","10.4"
"4239","Vernante","PIEMONTE","Cuneo","CN","12019","44.2432","7.53398","799","61.9","614","573","1187","21","9","30","635","582","1217","2.5"
"4240","Verzuolo","PIEMONTE","Cuneo","CN","12039","44.5939","7.4831","420","26.2","2926","2754","5680","361","368","729","3287","3122","6409","11.4"
"4241","Vezza d'Alba","PIEMONTE","Cuneo","CN","12040","44.7602","7.99818","353","14.1","1007","1071","2078","71","57","128","1078","1128","2206","5.8"
"4242","Vicoforte","PIEMONTE","Cuneo","CN","12080","44.3737","7.87339","598","25.5","1519","1484","3003","86","78","164","1605","1562","3167","5.2"
"4243","Vignolo","PIEMONTE","Cuneo","CN","12010","44.3602","7.47113","630","8.1","1191","1200","2391","54","42","96","1245","1242","2487","3.9"
"4244","Villafalletto","PIEMONTE","Cuneo","CN","12020","44.5417","7.53548","431","29.6","1332","1330","2662","119","118","237","1451","1448","2899","8.2"
"4245","Villanova Mondovì","PIEMONTE","Cuneo","CN","12089","44.3485","7.76748","526","28.4","2719","2631","5350","248","171","419","2967","2802","5769","7.3"
"4246","Villanova Solaro","PIEMONTE","Cuneo","CN","12030","44.7296","7.57493","268","14.8","358","384","742","19","16","35","377","400","777","4.5"
"4247","Villar San Costanzo","PIEMONTE","Cuneo","CN","12020","44.4816","7.38371","609","19.5","710","722","1432","34","36","70","744","758","1502","4.7"
"4248","Vinadio","PIEMONTE","Cuneo","CN","12010","44.3078","7.17644","904","183.9","308","331","639","26","19","45","334","350","684","6.6"
"4249","Viola","PIEMONTE","Cuneo","CN","12070","44.2903","7.96626","827","21.1","204","210","414","8","3","11","212","213","425","2.6"
"4250","Vottignasco","PIEMONTE","Cuneo","CN","12020","44.5634","7.57903","380","8.4","255","272","527","10","10","20","265","282","547","3.7"
"5001","Agliano Terme","PIEMONTE","Asti","AT","14041","44.7904","8.25119","263","15.4","777","756","1533","77","63","140","854","819","1673","8.4"
"5002","Albugnano","PIEMONTE","Asti","AT","14022","45.082","7.97607","549","9.5","211","243","454","52","35","87","263","278","541","16.1"
"5003","Antignano","PIEMONTE","Asti","AT","14010","44.8453","8.13756","260","10.9","495","482","977","30","18","48","525","500","1025","4.7"
"5004","Aramengo","PIEMONTE","Asti","AT","14020","45.0996","7.99226","357","11.4","291","297","588","27","17","44","318","314","632","7.0"
"5005","Asti","PIEMONTE","Asti","AT","14100","44.9007","8.20643","123","151.8","34748","31220","65968","4189","3742","7931","38937","34962","73899","10.7"
"5006","Azzano d'Asti","PIEMONTE","Asti","AT","14030","44.8737","8.26592","216","6.4","212","193","405","11","3","14","223","196","419","3.3"
"5007","Baldichieri d'Asti","PIEMONTE","Asti","AT","14011","44.9054","8.09073","173","5.2","461","448","909","99","106","205","560","554","1114","18.4"
"5008","Belveglio","PIEMONTE","Asti","AT","14040","44.8295","8.32477","141","5.4","143","141","284","20","22","42","163","163","326","12.9"
"5009","Berzano di San Pietro","PIEMONTE","Asti","AT","14020","45.0953","7.95307","424","7.4","186","192","378","29","24","53","215","216","431","12.3"
"5010","Bruno","PIEMONTE","Asti","AT","14046","44.7955","8.43628","198","9.2","164","150","314","23","14","37","187","164","351","10.5"
"5011","Bubbio","PIEMONTE","Asti","AT","14051","44.6642","8.29353","224","15.7","419","388","807","49","56","105","468","444","912","11.5"
"5012","Buttigliera d'Asti","PIEMONTE","Asti","AT","14021","45.0194","7.9496","299","18.8","1192","1259","2451","58","43","101","1250","1302","2552","4.0"
"5013","Calamandrana","PIEMONTE","Asti","AT","14042","44.7376","8.33731","151","12.7","809","795","1604","98","82","180","907","877","1784","10.1"
"5014","Calliano","PIEMONTE","Asti","AT","14031","45.0071","8.25499","258","17.4","656","638","1294","51","47","98","707","685","1392","7.0"
"5015","Calosso","PIEMONTE","Asti","AT","14052","44.7389","8.22848","399","15.7","586","580","1166","75","90","165","661","670","1331","12.4"
"5016","Camerano Casasco","PIEMONTE","Asti","AT","14020","44.9874","8.09065","300","6.7","211","211","422","31","27","58","242","238","480","12.1"
"5017","Canelli","PIEMONTE","Asti","AT","14053","44.7194","8.28606","157","23.6","4630","4273","8903","859","807","1666","5489","5080","10569","15.8"
"5018","Cantarana","PIEMONTE","Asti","AT","14010","44.9006","8.02983","176","9.8","466","473","939","44","40","84","510","513","1023","8.2"
"5019","Capriglio","PIEMONTE","Asti","AT","14014","45.0039","8.00904","231","5.1","142","139","281","13","6","19","155","145","300","6.3"
"5020","Casorzo","PIEMONTE","Asti","AT","14032","45.0212","8.33717","275","12.6","327","278","605","24","28","52","351","306","657","7.9"
"5021","Cassinasco","PIEMONTE","Asti","AT","14050","44.688","8.30182","447","11.7","253","247","500","43","47","90","296","294","590","15.3"
"5022","Castagnole delle Lanze","PIEMONTE","Asti","AT","14054","44.7496","8.15015","271","21.4","1703","1629","3332","234","218","452","1937","1847","3784","11.9"
"5023","Castagnole Monferrato","PIEMONTE","Asti","AT","14030","44.9625","8.30486","232","17.3","568","554","1122","78","71","149","646","625","1271","11.7"
"5024","Castel Boglione","PIEMONTE","Asti","AT","14040","44.7223","8.38069","260","12.0","262","296","558","28","28","56","290","324","614","9.1"
"5025","Castell'Alfero","PIEMONTE","Asti","AT","14033","44.9812","8.208","235","20.0","1346","1256","2602","89","59","148","1435","1315","2750","5.4"
"5026","Castellero","PIEMONTE","Asti","AT","14013","44.9248","8.07438","247","4.3","149","145","294","4","4","8","153","149","302","2.6"
"5027","Castelletto Molina","PIEMONTE","Asti","AT","14040","44.7502","8.43134","227","3.0","80","65","145","22","17","39","102","82","184","21.2"
"5028","Castello di Annone","PIEMONTE","Asti","AT","14034","44.8787","8.31507","109","23.2","858","843","1701","120","107","227","978","950","1928","11.8"
"5029","Castelnuovo Belbo","PIEMONTE","Asti","AT","14043","44.8012","8.41288","122","9.4","403","397","800","38","57","95","441","454","895","10.6"
"5030","Castelnuovo Calcea","PIEMONTE","Asti","AT","14040","44.7842","8.28287","246","8.0","360","342","702","33","30","63","393","372","765","8.2"
"5031","Castelnuovo Don Bosco","PIEMONTE","Asti","AT","14022","45.0412","7.96164","245","22.0","1520","1463","2983","164","113","277","1684","1576","3260","8.5"
"5032","Castel Rocchero","PIEMONTE","Asti","AT","14044","44.7201","8.41482","414","5.6","169","173","342","28","26","54","197","199","396","13.6"
"5033","Cellarengo","PIEMONTE","Asti","AT","14010","44.8694","7.94384","321","10.8","357","330","687","19","8","27","376","338","714","3.8"
"5034","Celle Enomondo","PIEMONTE","Asti","AT","14010","44.8594","8.12541","234","5.5","241","221","462","9","9","18","250","230","480","3.8"
"5035","Cerreto d'Asti","PIEMONTE","Asti","AT","14020","45.0497","8.03634","280","4.0","108","101","209","6","5","11","114","106","220","5.0"
"5036","Cerro Tanaro","PIEMONTE","Asti","AT","14030","44.8744","8.35876","109","4.7","294","298","592","39","39","78","333","337","670","11.6"
"5037","Cessole","PIEMONTE","Asti","AT","14050","44.6491","8.24537","280","11.1","190","181","371","26","23","49","216","204","420","11.7"
"5038","Chiusano d'Asti","PIEMONTE","Asti","AT","14025","44.9862","8.11824","261","2.5","118","107","225","1","0","1","119","107","226","0.4"
"5039","Cinaglio","PIEMONTE","Asti","AT","14020","44.9746","8.10032","245","5.4","223","205","428","17","10","27","240","215","455","5.9"
"5040","Cisterna d'Asti","PIEMONTE","Asti","AT","14010","44.8257","8.00124","350","10.7","562","555","1117","78","91","169","640","646","1286","13.1"
"5041","Coazzolo","PIEMONTE","Asti","AT","14054","44.7284","8.14543","291","4.1","131","137","268","24","24","48","155","161","316","15.2"
"5042","Cocconato","PIEMONTE","Asti","AT","14023","45.0862","8.04215","491","16.8","694","679","1373","103","88","191","797","767","1564","12.2"
"5044","Corsione","PIEMONTE","Asti","AT","14020","45.003","8.14616","287","5.2","91","85","176","11","18","29","102","103","205","14.1"
"5045","Cortandone","PIEMONTE","Asti","AT","14013","44.9579","8.05964","219","5.0","152","158","310","8","5","13","160","163","323","4.0"
"5046","Cortanze","PIEMONTE","Asti","AT","14020","45.0165","8.08826","299","4.5","131","124","255","16","17","33","147","141","288","11.5"
"5047","Cortazzone","PIEMONTE","Asti","AT","14010","44.9782","8.0625","225","10.4","311","311","622","21","14","35","332","325","657","5.3"
"5048","Cortiglione","PIEMONTE","Asti","AT","14040","44.8239","8.35719","211","8.4","263","251","514","26","36","62","289","287","576","10.8"
"5049","Cossombrato","PIEMONTE","Asti","AT","14020","44.993","8.13632","275","5.3","242","227","469","35","37","72","277","264","541","13.3"
"5050","Costigliole d'Asti","PIEMONTE","Asti","AT","14055","44.7866","8.18214","242","36.9","2729","2656","5385","303","281","584","3032","2937","5969","9.8"
"5051","Cunico","PIEMONTE","Asti","AT","14026","45.0392","8.09613","257","6.9","239","217","456","37","35","72","276","252","528","13.6"
"5052","Dusino San Michele","PIEMONTE","Asti","AT","14010","44.9253","7.97324","264","11.6","484","485","969","40","35","75","524","520","1044","7.2"
"5053","Ferrere","PIEMONTE","Asti","AT","14012","44.8793","7.99269","268","13.9","736","743","1479","74","49","123","810","792","1602","7.7"
"5054","Fontanile","PIEMONTE","Asti","AT","14044","44.751","8.40854","276","8.0","245","239","484","41","41","82","286","280","566","14.5"
"5055","Frinco","PIEMONTE","Asti","AT","14030","45.0048","8.16831","217","7.3","326","347","673","33","25","58","359","372","731","7.9"
"5056","Grana","PIEMONTE","Asti","AT","14031","44.9969","8.29756","289","6.0","300","253","553","31","38","69","331","291","622","11.1"
"5057","Grazzano Badoglio","PIEMONTE","Asti","AT","14035","45.041","8.31096","299","10.4","294","283","577","24","17","41","318","300","618","6.6"
"5058","Incisa Scarpaccino","PIEMONTE","Asti","AT","14045","44.8116","8.38068","131","20.9","985","975","1960","143","173","316","1128","1148","2276","13.9"
"5059","Isola d'Asti","PIEMONTE","Asti","AT","14057","44.8319","8.18702","136","13.6","1023","964","1987","79","55","134","1102","1019","2121","6.3"
"5060","Loazzolo","PIEMONTE","Asti","AT","14051","44.6688","8.25857","430","15.5","163","145","308","13","16","29","176","161","337","8.6"
"5061","Maranzana","PIEMONTE","Asti","AT","14040","44.7576","8.4741","272","4.5","134","120","254","24","29","53","158","149","307","17.3"
"5062","Maretto","PIEMONTE","Asti","AT","14018","44.9448","8.03406","240","4.9","187","200","387","13","5","18","200","205","405","4.4"
"5063","Moasca","PIEMONTE","Asti","AT","14050","44.7634","8.2788","260","4.1","222","229","451","10","9","19","232","238","470","4.0"
"5064","Mombaldone","PIEMONTE","Asti","AT","14050","44.5699","8.33236","219","12.3","100","109","209","3","9","12","103","118","221","5.4"
"5065","Mombaruzzo","PIEMONTE","Asti","AT","14046","44.773","8.44839","275","22.1","468","480","948","106","99","205","574","579","1153","17.8"
"5066","Mombercelli","PIEMONTE","Asti","AT","14047","44.8231","8.29369","233","14.2","1052","981","2033","148","162","310","1200","1143","2343","13.2"
"5067","Monale","PIEMONTE","Asti","AT","14013","44.9367","8.07257","200","9.1","466","497","963","33","30","63","499","527","1026","6.1"
"5068","Monastero Bormida","PIEMONTE","Asti","AT","14058","44.6482","8.326","191","14.2","488","408","896","64","46","110","552","454","1006","10.9"
"5069","Moncalvo","PIEMONTE","Asti","AT","14036","45.0472","8.26701","305","17.7","1541","1342","2883","159","142","301","1700","1484","3184","9.5"
"5070","Moncucco Torinese","PIEMONTE","Asti","AT","14024","45.065","7.93318","403","14.4","416","427","843","21","14","35","437","441","878","4.0"
"5071","Mongardino","PIEMONTE","Asti","AT","14040","44.8478","8.21822","292","6.7","457","446","903","21","27","48","478","473","951","5.0"
"5072","Montabone","PIEMONTE","Asti","AT","14040","44.6986","8.3904","454","8.5","159","171","330","9","8","17","168","179","347","4.9"
"5073","Montafia","PIEMONTE","Asti","AT","14014","44.9891","8.02583","267","14.6","420","448","868","22","14","36","442","462","904","4.0"
"5074","Montaldo Scarampi","PIEMONTE","Asti","AT","14048","44.8303","8.25838","258","6.7","385","359","744","21","23","44","406","382","788","5.6"
"5075","Montechiaro d'Asti","PIEMONTE","Asti","AT","14025","45.0062","8.11099","292","10.1","628","586","1214","88","78","166","716","664","1380","12.0"
"5076","Montegrosso d'Asti","PIEMONTE","Asti","AT","14048","44.8217","8.2379","244","15.6","1089","1027","2116","73","75","148","1162","1102","2264","6.5"
"5077","Montemagno","PIEMONTE","Asti","AT","14030","44.9822","8.32325","260","15.9","578","497","1075","46","41","87","624","538","1162","7.5"
"5079","Moransengo","PIEMONTE","Asti","AT","14023","45.1147","8.02505","400","5.4","98","106","204","7","1","8","105","107","212","3.8"
"5080","Nizza Monferrato","PIEMONTE","Asti","AT","14049","44.7737","8.35855","138","30.4","4646","4242","8888","745","739","1484","5391","4981","10372","14.3"
"5081","Olmo Gentile","PIEMONTE","Asti","AT","14050","44.5856","8.2467","615","5.1","38","45","83","4","3","7","42","48","90","7.8"
"5082","Passerano Marmorito","PIEMONTE","Asti","AT","14020","45.057","8.01854","320","12.1","206","205","411","19","13","32","225","218","443","7.2"
"5083","Penango","PIEMONTE","Asti","AT","14030","45.0294","8.25057","264","9.5","245","255","500","12","4","16","257","259","516","3.1"
"5084","Piea","PIEMONTE","Asti","AT","14020","45.0244","8.07108","275","8.9","279","281","560","26","26","52","305","307","612","8.5"
"5085","Pino d'Asti","PIEMONTE","Asti","AT","14020","45.0587","7.98608","412","4.1","99","96","195","13","13","26","112","109","221","11.8"
"5086","Piovà Massaia","PIEMONTE","Asti","AT","14026","45.0492","8.04902","300","10.8","311","301","612","38","30","68","349","331","680","10.0"
"5087","Portacomaro","PIEMONTE","Asti","AT","14037","44.9573","8.25805","232","10.9","984","937","1921","35","20","55","1019","957","1976","2.8"
"5088","Quaranti","PIEMONTE","Asti","AT","14040","44.7508","8.44968","273","3.0","89","92","181","1","2","3","90","94","184","1.6"
"5089","Refrancore","PIEMONTE","Asti","AT","14030","44.9366","8.34365","150","13.2","812","746","1558","60","51","111","872","797","1669","6.7"
"5090","Revigliasco d'Asti","PIEMONTE","Asti","AT","14010","44.8568","8.16094","203","8.9","409","410","819","10","4","14","419","414","833","1.7"
"5091","Roatto","PIEMONTE","Asti","AT","14018","44.9509","8.02619","256","6.5","175","182","357","9","8","17","184","190","374","4.5"
"5092","Robella","PIEMONTE","Asti","AT","14020","45.1013","8.09816","428","12.2","235","247","482","15","7","22","250","254","504","4.4"
"5093","Rocca d'Arazzo","PIEMONTE","Asti","AT","14030","44.8722","8.28471","195","12.6","448","443","891","26","27","53","474","470","944","5.6"
"5094","Roccaverano","PIEMONTE","Asti","AT","14050","44.5934","8.27054","759","29.9","205","222","427","12","8","20","217","230","447","4.5"
"5095","Rocchetta Palafea","PIEMONTE","Asti","AT","14042","44.7077","8.34464","423","7.8","162","159","321","12","14","26","174","173","347","7.5"
"5096","Rocchetta Tanaro","PIEMONTE","Asti","AT","14030","44.8584","8.34576","107","16.0","646","616","1262","92","83","175","738","699","1437","12.2"
"5097","San Damiano d'Asti","PIEMONTE","Asti","AT","14015","44.8463","8.06093","179","48.0","3619","3525","7144","601","628","1229","4220","4153","8373","14.7"
"5098","San Giorgio Scarampi","PIEMONTE","Asti","AT","14059","44.6108","8.24203","655","6.0","54","54","108","10","13","23","64","67","131","17.6"
"5099","San Martino Alfieri","PIEMONTE","Asti","AT","14010","44.8183","8.10907","257","7.4","329","336","665","21","26","47","350","362","712","6.6"
"5100","San Marzano Oliveto","PIEMONTE","Asti","AT","14050","44.7527","8.2968","301","9.8","483","490","973","47","47","94","530","537","1067","8.8"
"5101","San Paolo Solbrito","PIEMONTE","Asti","AT","14010","44.9491","7.96898","265","11.9","562","586","1148","22","27","49","584","613","1197","4.1"
"5103","Scurzolengo","PIEMONTE","Asti","AT","14030","44.9603","8.27884","253","5.3","285","267","552","20","24","44","305","291","596","7.4"
"5104","Serole","PIEMONTE","Asti","AT","14050","44.5546","8.26066","588","11.8","60","66","126","9","7","16","69","73","142","11.3"
"5105","Sessame","PIEMONTE","Asti","AT","14058","44.6709","8.33728","325","8.5","130","134","264","12","8","20","142","142","284","7.0"
"5106","Settime","PIEMONTE","Asti","AT","14020","44.9636","8.11111","272","6.7","246","237","483","52","46","98","298","283","581","16.9"
"5107","Soglio","PIEMONTE","Asti","AT","14020","44.9959","8.07782","223","3.5","82","69","151","5","4","9","87","73","160","5.6"
"5108","Tigliole","PIEMONTE","Asti","AT","14016","44.8865","8.07414","239","16.1","841","810","1651","50","33","83","891","843","1734","4.8"
"5109","Tonco","PIEMONTE","Asti","AT","14039","45.0247","8.1862","271","11.8","414","406","820","39","40","79","453","446","899","8.8"
"5110","Tonengo","PIEMONTE","Asti","AT","14023","45.1157","8.00419","430","5.5","85","100","185","9","3","12","94","103","197","6.1"
"5111","Vaglio Serra","PIEMONTE","Asti","AT","14049","44.7972","8.3394","278","4.6","122","137","259","13","12","25","135","149","284","8.8"
"5112","Valfenera","PIEMONTE","Asti","AT","14017","44.903","7.96742","282","22.2","1129","1158","2287","122","110","232","1251","1268","2519","9.2"
"5113","Vesime","PIEMONTE","Asti","AT","14059","44.6362","8.22819","225","13.4","298","296","594","30","37","67","328","333","661","10.1"
"5114","Viale","PIEMONTE","Asti","AT","14010","45.0017","8.04969","261","4.0","116","117","233","13","15","28","129","132","261","10.7"
"5115","Viarigi","PIEMONTE","Asti","AT","14030","44.9796","8.36137","252","13.7","461","449","910","28","17","45","489","466","955","4.7"
"5116","Vigliano d'Asti","PIEMONTE","Asti","AT","14040","44.8336","8.22775","279","6.7","385","410","795","43","49","92","428","459","887","10.4"
"5117","Villafranca d'Asti","PIEMONTE","Asti","AT","14018","44.9132","8.03525","206","12.9","1453","1375","2828","219","203","422","1672","1578","3250","13.0"
"5118","Villanova d'Asti","PIEMONTE","Asti","AT","14019","44.9423","7.93739","260","42.1","2673","2544","5217","283","274","557","2956","2818","5774","9.6"
"5119","Villa San Secondo","PIEMONTE","Asti","AT","14020","45.0043","8.13704","287","6.0","199","184","383","16","11","27","215","195","410","6.6"
"5120","Vinchio","PIEMONTE","Asti","AT","14040","44.808","8.31362","269","9.3","294","317","611","25","21","46","319","338","657","7.0"
"5121","Montiglio Monferrato","PIEMONTE","Asti","AT","14026","45.0641","8.09841","321","27.0","826","745","1571","68","48","116","894","793","1687","6.9"
"6001","Acqui Terme","PIEMONTE","Alessandria","AL","15011","44.6764","8.46703","156","33.4","9737","8520","18257","978","819","1797","10715","9339","20054","9.0"
"6002","Albera Ligure","PIEMONTE","Alessandria","AL","15060","44.7034","9.08852","415","21.3","149","171","320","6","3","9","155","174","329","2.7"
"6003","Alessandria","PIEMONTE","Alessandria","AL","15100","44.9073","8.61168","95","204.0","42196","37628","79824","5086","4501","9587","47282","42129","89411","10.7"
"6004","Alfiano Natta","PIEMONTE","Alessandria","AL","15021","45.0464","8.20856","280","13.1","374","345","719","21","14","35","395","359","754","4.6"
"6005","Alice Bel Colle","PIEMONTE","Alessandria","AL","15010","44.7261","8.44975","418","12.1","345","374","719","21","34","55","366","408","774","7.1"
"6006","Alluvioni Cambiò","PIEMONTE","Alessandria","AL","15040","44.9924","8.77828","77","9.3","480","438","918","26","17","43","506","455","961","4.5"
"6007","Altavilla Monferrato","PIEMONTE","Alessandria","AL","15041","44.9951","8.37603","256","11.3","225","247","472","11","14","25","236","261","497","5.0"
"6008","Alzano Scrivia","PIEMONTE","Alessandria","AL","15050","45.0168","8.88018","77","2.1","173","183","356","14","10","24","187","193","380","6.3"
"6009","Arquata Scrivia","PIEMONTE","Alessandria","AL","15061","44.6879","8.88603","248","23.4","2875","2688","5563","279","226","505","3154","2914","6068","8.3"
"6010","Avolasca","PIEMONTE","Alessandria","AL","15050","44.811","8.96923","425","12.3","144","141","285","14","7","21","158","148","306","6.9"
"6011","Balzola","PIEMONTE","Alessandria","AL","15031","45.1836","8.40229","119","16.7","688","668","1356","41","23","64","729","691","1420","4.5"
"6012","Basaluzzo","PIEMONTE","Alessandria","AL","15060","44.7662","8.70616","149","15.2","968","985","1953","75","43","118","1043","1028","2071","5.7"
"6013","Bassignana","PIEMONTE","Alessandria","AL","15042","45.0075","8.73454","96","28.1","871","818","1689","39","14","53","910","832","1742","3.0"
"6014","Belforte Monferrato","PIEMONTE","Alessandria","AL","15070","44.5892","8.66831","297","8.8","233","253","486","13","6","19","246","259","505","3.8"
"6015","Bergamasco","PIEMONTE","Alessandria","AL","15022","44.8277","8.45462","125","13.3","362","341","703","34","28","62","396","369","765","8.1"
"6016","Berzano di Tortona","PIEMONTE","Alessandria","AL","15050","44.8763","8.95072","270","2.9","81","86","167","3","1","4","84","87","171","2.3"
"6017","Bistagno","PIEMONTE","Alessandria","AL","15012","44.6605","8.36894","175","17.7","901","853","1754","98","78","176","999","931","1930","9.1"
"6018","Borghetto di Borbera","PIEMONTE","Alessandria","AL","15060","44.7306","8.94328","295","39.6","904","921","1825","96","70","166","1000","991","1991","8.3"
"6019","Borgoratto Alessandrino","PIEMONTE","Alessandria","AL","15013","44.8363","8.5399","105","6.6","302","273","575","26","16","42","328","289","617","6.8"
"6020","Borgo San Martino","PIEMONTE","Alessandria","AL","15032","45.0891","8.52573","107","9.8","680","647","1327","70","73","143","750","720","1470","9.7"
"6021","Bosco Marengo","PIEMONTE","Alessandria","AL","15062","44.8225","8.67861","121","44.8","1175","1185","2360","89","82","171","1264","1267","2531","6.8"
"6022","Bosio","PIEMONTE","Alessandria","AL","15060","44.6469","8.79101","358","67.0","540","592","1132","53","55","108","593","647","1240","8.7"
"6023","Bozzole","PIEMONTE","Alessandria","AL","15040","45.0685","8.60492","91","9.4","169","156","325","4","2","6","173","158","331","1.8"
"6024","Brignano-Frascata","PIEMONTE","Alessandria","AL","15050","44.814","9.04986","288","17.4","207","205","412","20","19","39","227","224","451","8.6"
"6025","Cabella Ligure","PIEMONTE","Alessandria","AL","15060","44.6799","9.14918","510","46.8","225","270","495","29","30","59","254","300","554","10.6"
"6026","Camagna Monferrato","PIEMONTE","Alessandria","AL","15030","45.0182","8.43077","261","9.4","245","256","501","6","3","9","251","259","510","1.8"
"6027","Camino","PIEMONTE","Alessandria","AL","15020","45.1623","8.28719","252","18.5","373","362","735","40","27","67","413","389","802","8.4"
"6028","Cantalupo Ligure","PIEMONTE","Alessandria","AL","15060","44.7284","9.06809","383","24.1","267","249","516","20","13","33","287","262","549","6.0"
"6029","Capriata d'Orba","PIEMONTE","Alessandria","AL","15060","44.7284","8.69035","160","28.3","924","863","1787","75","64","139","999","927","1926","7.2"
"6030","Carbonara Scrivia","PIEMONTE","Alessandria","AL","15050","44.8488","8.87086","177","5.0","494","473","967","47","41","88","541","514","1055","8.3"
"6031","Carentino","PIEMONTE","Alessandria","AL","15026","44.8287","8.47048","160","9.8","145","157","302","12","11","23","157","168","325","7.1"
"6032","Carezzano","PIEMONTE","Alessandria","AL","15051","44.8129","8.90493","300","10.3","207","198","405","27","12","39","234","210","444","8.8"
"6033","Carpeneto","PIEMONTE","Alessandria","AL","15071","44.6787","8.60553","329","13.6","460","483","943","25","23","48","485","506","991","4.8"
"6034","Carrega Ligure","PIEMONTE","Alessandria","AL","15060","44.6189","9.17589","958","55.5","34","48","82","1","0","1","35","48","83","1.2"
"6035","Carrosio","PIEMONTE","Alessandria","AL","15060","44.6529","8.84179","254","7.2","204","215","419","28","34","62","232","249","481","12.9"
"6036","Cartosio","PIEMONTE","Alessandria","AL","15015","44.5917","8.41983","230","16.7","372","349","721","47","43","90","419","392","811","11.1"
"6037","Casal Cermelli","PIEMONTE","Alessandria","AL","15072","44.8352","8.62613","102","11.7","595","530","1125","55","55","110","650","585","1235","8.9"
"6038","Casaleggio Boiro","PIEMONTE","Alessandria","AL","15070","44.6341","8.73101","321","12.2","189","198","387","9","5","14","198","203","401","3.5"
"6039","Casale Monferrato","PIEMONTE","Alessandria","AL","15033","45.1316","8.4505","116","86.3","16700","14746","31446","1864","1502","3366","18564","16248","34812","9.7"
"6040","Casalnoceto","PIEMONTE","Alessandria","AL","15052","44.9134","8.98183","159","13.0","455","448","903","62","50","112","517","498","1015","11.0"
"6041","Casasco","PIEMONTE","Alessandria","AL","15050","44.8264","9.00521","398","9.0","47","60","107","8","9","17","55","69","124","13.7"
"6042","Cassano Spinola","PIEMONTE","Alessandria","AL","15063","44.7613","8.8599","191","15.0","855","811","1666","72","55","127","927","866","1793","7.1"
"6043","Cassine","PIEMONTE","Alessandria","AL","15016","44.7522","8.52616","190","33.5","1373","1355","2728","161","159","320","1534","1514","3048","10.5"
"6044","Cassinelle","PIEMONTE","Alessandria","AL","15070","44.6036","8.56202","360","23.8","422","448","870","34","33","67","456","481","937","7.2"
"6045","Castellania","PIEMONTE","Alessandria","AL","15051","44.7985","8.92898","400","7.7","51","38","89","1","1","2","52","39","91","2.2"
"6046","Castellar Guidobono","PIEMONTE","Alessandria","AL","15050","44.905","8.94536","144","2.5","195","210","405","10","12","22","205","222","427","5.2"
"6047","Castellazzo Bormida","PIEMONTE","Alessandria","AL","15073","44.847","8.57672","104","45.1","2137","2003","4140","227","199","426","2364","2202","4566","9.3"
"6048","Castelletto d'Erro","PIEMONTE","Alessandria","AL","15010","44.6264","8.39393","544","4.7","77","68","145","1","4","5","78","72","150","3.3"
"6049","Castelletto d'Orba","PIEMONTE","Alessandria","AL","15060","44.6842","8.70576","200","14.3","953","965","1918","87","91","178","1040","1056","2096","8.5"
"6050","Castelletto Merli","PIEMONTE","Alessandria","AL","15020","45.0838","8.22909","268","11.8","231","239","470","6","8","14","237","247","484","2.9"
"6051","Castelletto Monferrato","PIEMONTE","Alessandria","AL","15040","44.9798","8.56676","197","9.4","756","750","1506","33","19","52","789","769","1558","3.3"
"6052","Castelnuovo Bormida","PIEMONTE","Alessandria","AL","15017","44.7438","8.5459","123","13.2","331","306","637","25","18","43","356","324","680","6.3"
"6053","Castelnuovo Scrivia","PIEMONTE","Alessandria","AL","15053","44.9808","8.88108","85","45.4","2596","2444","5040","177","197","374","2773","2641","5414","6.9"
"6054","Castelspina","PIEMONTE","Alessandria","AL","15070","44.804","8.58016","116","5.5","210","193","403","10","9","19","220","202","422","4.5"
"6055","Cavatore","PIEMONTE","Alessandria","AL","15010","44.6309","8.45404","516","10.4","140","142","282","12","7","19","152","149","301","6.3"
"6056","Cella Monte","PIEMONTE","Alessandria","AL","15034","45.0731","8.39266","268","5.6","259","254","513","11","4","15","270","258","528","2.8"
"6057","Cereseto","PIEMONTE","Alessandria","AL","15020","45.0872","8.32131","280","10.4","214","227","441","9","7","16","223","234","457","3.5"
"6058","Cerreto Grue","PIEMONTE","Alessandria","AL","15050","44.8426","8.93297","251","4.8","163","154","317","6","2","8","169","156","325","2.5"
"6059","Cerrina Monferrato","PIEMONTE","Alessandria","AL","15020","45.1208","8.21474","225","17.1","699","690","1389","50","56","106","749","746","1495","7.1"
"6060","Coniolo","PIEMONTE","Alessandria","AL","15030","45.1477","8.3735","252","10.3","222","216","438","7","6","13","229","222","451","2.9"
"6061","Conzano","PIEMONTE","Alessandria","AL","15030","45.021","8.45447","262","11.6","517","480","997","13","5","18","530","485","1015","1.8"
"6062","Costa Vescovato","PIEMONTE","Alessandria","AL","15050","44.8143","8.92679","305","7.7","161","160","321","21","15","36","182","175","357","10.1"
"6063","Cremolino","PIEMONTE","Alessandria","AL","15010","44.6341","8.58599","405","14.4","495","511","1006","30","26","56","525","537","1062","5.3"
"6064","Cuccaro Monferrato","PIEMONTE","Alessandria","AL","15040","44.9906","8.45365","232","5.4","168","160","328","7","4","11","175","164","339","3.2"
"6065","Denice","PIEMONTE","Alessandria","AL","15010","44.5981","8.33371","387","7.5","90","90","180","6","4","10","96","94","190","5.3"
"6066","Dernice","PIEMONTE","Alessandria","AL","15056","44.7634","9.03944","600","18.3","103","107","210","0","0","0","103","107","210","0.0"
"6067","Fabbrica Curone","PIEMONTE","Alessandria","AL","15054","44.786","9.14686","712","53.6","330","296","626","38","31","69","368","327","695","9.9"
"6068","Felizzano","PIEMONTE","Alessandria","AL","15023","44.8977","8.43742","114","25.2","1107","1079","2186","109","126","235","1216","1205","2421","9.7"
"6069","Fraconalto","PIEMONTE","Alessandria","AL","15060","44.5883","8.89143","725","15.9","144","194","338","8","6","14","152","200","352","4.0"
"6070","Francavilla Bisio","PIEMONTE","Alessandria","AL","15060","44.734","8.73296","160","7.8","257","245","502","11","5","16","268","250","518","3.1"
"6071","Frascaro","PIEMONTE","Alessandria","AL","15010","44.827","8.52929","124","5.3","227","192","419","13","14","27","240","206","446","6.1"
"6072","Frassinello Monferrato","PIEMONTE","Alessandria","AL","15035","45.0334","8.38641","261","8.5","261","234","495","20","18","38","281","252","533","7.1"
"6073","Frassineto Po","PIEMONTE","Alessandria","AL","15040","45.1333","8.53475","104","29.3","725","702","1427","21","23","44","746","725","1471","3.0"
"6074","Fresonara","PIEMONTE","Alessandria","AL","15064","44.7842","8.68771","143","6.9","336","368","704","22","13","35","358","381","739","4.7"
"6075","Frugarolo","PIEMONTE","Alessandria","AL","15065","44.8377","8.68006","112","27.3","961","915","1876","64","72","136","1025","987","2012","6.8"
"6076","Fubine","PIEMONTE","Alessandria","AL","15043","44.9661","8.42776","192","25.5","759","675","1434","122","101","223","881","776","1657","13.5"
"6077","Gabiano","PIEMONTE","Alessandria","AL","15020","45.1557","8.19392","300","17.8","575","571","1146","41","25","66","616","596","1212","5.4"
"6078","Gamalero","PIEMONTE","Alessandria","AL","15010","44.809","8.54166","142","12.2","413","378","791","29","27","56","442","405","847","6.6"
"6079","Garbagna","PIEMONTE","Alessandria","AL","15050","44.779","8.99532","287","20.7","323","322","645","33","29","62","356","351","707","8.8"
"6080","Gavazzana","PIEMONTE","Alessandria","AL","15063","44.7757","8.8862","334","3.1","75","88","163","5","4","9","80","92","172","5.2"
"6081","Gavi","PIEMONTE","Alessandria","AL","15066","44.6881","8.80375","233","50.9","2166","2193","4359","184","164","348","2350","2357","4707","7.4"
"6082","Giarole","PIEMONTE","Alessandria","AL","15036","45.0613","8.5661","98","5.2","361","330","691","19","10","29","380","340","720","4.0"
"6083","Gremiasco","PIEMONTE","Alessandria","AL","15056","44.7956","9.10956","400","17.4","160","159","319","13","12","25","173","171","344","7.3"
"6084","Grognardo","PIEMONTE","Alessandria","AL","15010","44.6301","8.49292","206","9.3","129","146","275","11","10","21","140","156","296","7.1"
"6085","Grondona","PIEMONTE","Alessandria","AL","15060","44.6978","8.96122","303","25.8","252","257","509","20","16","36","272","273","545","6.6"
"6086","Guazzora","PIEMONTE","Alessandria","AL","15050","45.0153","8.8448","78","2.9","149","148","297","9","7","16","158","155","313","5.1"
"6087","Isola Sant'Antonio","PIEMONTE","Alessandria","AL","15050","45.0323","8.8479","76","23.9","335","337","672","33","29","62","368","366","734","8.4"
"6088","Lerma","PIEMONTE","Alessandria","AL","15070","44.6356","8.71384","293","14.6","429","411","840","22","11","33","451","422","873","3.8"
"6089","Lu","PIEMONTE","Alessandria","AL","15040","44.9998","8.48205","307","21.7","579","557","1136","32","13","45","611","570","1181","3.8"
"6090","Malvicino","PIEMONTE","Alessandria","AL","15015","44.5592","8.41439","420","8.7","48","36","84","0","0","0","48","36","84","0.0"
"6091","Masio","PIEMONTE","Alessandria","AL","15024","44.8686","8.40112","142","22.3","685","679","1364","47","54","101","732","733","1465","6.9"
"6092","Melazzo","PIEMONTE","Alessandria","AL","15010","44.6387","8.41294","254","19.7","601","641","1242","49","24","73","650","665","1315","5.6"
"6093","Merana","PIEMONTE","Alessandria","AL","15010","44.5179","8.29773","253","9.3","81","93","174","4","7","11","85","100","185","5.9"
"6094","Mirabello Monferrato","PIEMONTE","Alessandria","AL","15040","45.0339","8.52328","124","13.3","656","641","1297","47","57","104","703","698","1401","7.4"
"6095","Molare","PIEMONTE","Alessandria","AL","15074","44.6187","8.59995","226","32.8","1110","1012","2122","78","69","147","1188","1081","2269","6.5"
"6096","Molino dei Torti","PIEMONTE","Alessandria","AL","15050","45.0244","8.89236","76","2.7","296","296","592","22","39","61","318","335","653","9.3"
"6097","Mombello Monferrato","PIEMONTE","Alessandria","AL","15020","45.1339","8.25215","273","19.9","521","503","1024","33","30","63","554","533","1087","5.8"
"6098","Momperone","PIEMONTE","Alessandria","AL","15050","44.838","9.03336","279","8.6","102","98","200","10","9","19","112","107","219","8.7"
"6099","Moncestino","PIEMONTE","Alessandria","AL","15020","45.1544","8.16038","287","6.4","112","105","217","6","5","11","118","110","228","4.8"
"6100","Mongiardino Ligure","PIEMONTE","Alessandria","AL","15060","44.6506","9.04895","600","29.2","78","97","175","1","1","2","79","98","177","1.1"
"6101","Monleale","PIEMONTE","Alessandria","AL","15059","44.8832","8.97399","184","9.6","278","266","544","29","20","49","307","286","593","8.3"
"6102","Montacuto","PIEMONTE","Alessandria","AL","15050","44.7668","9.10417","525","23.8","126","159","285","12","9","21","138","168","306","6.9"
"6103","Montaldeo","PIEMONTE","Alessandria","AL","15060","44.6664","8.73045","332","5.2","127","143","270","12","9","21","139","152","291","7.2"
"6104","Montaldo Bormida","PIEMONTE","Alessandria","AL","15010","44.6834","8.58891","334","5.6","321","340","661","28","19","47","349","359","708","6.6"
"6105","Montecastello","PIEMONTE","Alessandria","AL","15040","44.9471","8.68694","116","7.6","155","154","309","9","6","15","164","160","324","4.6"
"6106","Montechiaro d'Acqui","PIEMONTE","Alessandria","AL","15010","44.5936","8.37841","560","17.5","258","262","520","26","22","48","284","284","568","8.5"
"6107","Montegioco","PIEMONTE","Alessandria","AL","15050","44.8414","8.96212","197","5.4","135","162","297","17","12","29","152","174","326","8.9"
"6108","Montemarzino","PIEMONTE","Alessandria","AL","15050","44.8487","8.99217","448","9.8","160","155","315","17","9","26","177","164","341","7.6"
"6109","Morano sul Po","PIEMONTE","Alessandria","AL","15025","45.1652","8.36677","123","17.7","741","682","1423","53","35","88","794","717","1511","5.8"
"6110","Morbello","PIEMONTE","Alessandria","AL","15010","44.6069","8.5118","402","23.3","189","201","390","11","7","18","200","208","408","4.4"
"6111","Mornese","PIEMONTE","Alessandria","AL","15075","44.6309","8.76464","380","13.3","348","351","699","20","7","27","368","358","726","3.7"
"6112","Morsasco","PIEMONTE","Alessandria","AL","15010","44.6663","8.54464","328","10.2","342","348","690","11","11","22","353","359","712","3.1"
"6113","Murisengo","PIEMONTE","Alessandria","AL","15020","45.0816","8.13262","338","15.3","710","687","1397","33","20","53","743","707","1450","3.7"
"6114","Novi Ligure","PIEMONTE","Alessandria","AL","15067","44.762","8.7859","197","54.2","13040","11788","24828","1556","1298","2854","14596","13086","27682","10.3"
"6115","Occimiano","PIEMONTE","Alessandria","AL","15040","45.0589","8.50984","107","22.4","624","585","1209","79","79","158","703","664","1367","11.6"
"6116","Odalengo Grande","PIEMONTE","Alessandria","AL","15020","45.1078","8.16937","390","15.9","229","234","463","18","6","24","247","240","487","4.9"
"6117","Odalengo Piccolo","PIEMONTE","Alessandria","AL","15020","45.0711","8.20511","289","7.6","126","129","255","6","9","15","132","138","270","5.6"
"6118","Olivola","PIEMONTE","Alessandria","AL","15030","45.0364","8.36783","280","2.7","58","60","118","2","3","5","60","63","123","4.1"
"6119","Orsara Bormida","PIEMONTE","Alessandria","AL","15010","44.691","8.56162","220","5.1","195","196","391","8","7","15","203","203","406","3.7"
"6120","Ottiglio","PIEMONTE","Alessandria","AL","15038","45.0528","8.33876","264","14.5","311","300","611","27","34","61","338","334","672","9.1"
"6121","Ovada","PIEMONTE","Alessandria","AL","15076","44.6362","8.63968","186","35.3","5616","5084","10700","550","435","985","6166","5519","11685","8.4"
"6122","Oviglio","PIEMONTE","Alessandria","AL","15026","44.8606","8.48521","107","27.3","631","600","1231","44","44","88","675","644","1319","6.7"
"6123","Ozzano Monferrato","PIEMONTE","Alessandria","AL","15039","45.1033","8.37224","246","15.2","762","683","1445","31","30","61","793","713","1506","4.1"
"6124","Paderna","PIEMONTE","Alessandria","AL","15050","44.8213","8.89241","300","4.2","103","101","204","18","9","27","121","110","231","11.7"
"6125","Pareto","PIEMONTE","Alessandria","AL","15010","44.5186","8.38191","476","40.9","277","318","595","5","2","7","282","320","602","1.2"
"6126","Parodi Ligure","PIEMONTE","Alessandria","AL","15060","44.6691","8.75728","330","12.5","321","341","662","29","19","48","350","360","710","6.8"
"6127","Pasturana","PIEMONTE","Alessandria","AL","15060","44.75","8.75019","214","5.3","639","573","1212","21","23","44","660","596","1256","3.5"
"6128","Pecetto di Valenza","PIEMONTE","Alessandria","AL","15040","44.9884","8.67061","212","11.5","606","613","1219","12","2","14","618","615","1233","1.1"
"6129","Pietra Marazzi","PIEMONTE","Alessandria","AL","15040","44.943","8.66975","95","7.8","451","419","870","17","13","30","468","432","900","3.3"
"6130","Piovera","PIEMONTE","Alessandria","AL","15040","44.9584","8.73363","86","15.6","397","385","782","27","21","48","424","406","830","5.8"
"6131","Pomaro Monferrato","PIEMONTE","Alessandria","AL","15040","45.0626","8.59469","142","13.6","188","196","384","5","1","6","193","197","390","1.5"
"6132","Pontecurone","PIEMONTE","Alessandria","AL","15055","44.9565","8.92852","104","29.8","1763","1617","3380","231","239","470","1994","1856","3850","12.2"
"6133","Pontestura","PIEMONTE","Alessandria","AL","15027","45.1425","8.33595","140","18.9","717","708","1425","49","34","83","766","742","1508","5.5"
"6134","Ponti","PIEMONTE","Alessandria","AL","15010","44.626","8.36534","187","12.4","304","287","591","19","8","27","323","295","618","4.4"
"6135","Ponzano Monferrato","PIEMONTE","Alessandria","AL","15020","45.0847","8.26381","385","11.6","186","169","355","15","10","25","201","179","380","6.6"
"6136","Ponzone","PIEMONTE","Alessandria","AL","15010","44.5872","8.4604","629","69.4","494","533","1027","31","13","44","525","546","1071","4.1"
"6137","Pozzol Groppo","PIEMONTE","Alessandria","AL","15050","44.8706","9.04508","369","13.9","168","176","344","14","7","21","182","183","365","5.8"
"6138","Pozzolo Formigaro","PIEMONTE","Alessandria","AL","15068","44.7945","8.78386","171","35.6","2353","2243","4596","167","147","314","2520","2390","4910","6.4"
"6139","Prasco","PIEMONTE","Alessandria","AL","15010","44.6396","8.55271","245","6.1","261","251","512","19","21","40","280","272","552","7.2"
"6140","Predosa","PIEMONTE","Alessandria","AL","15077","44.7548","8.6585","136","32.9","969","944","1913","90","89","179","1059","1033","2092","8.6"
"6141","Quargnento","PIEMONTE","Alessandria","AL","15044","44.9475","8.48563","121","36.2","655","637","1292","61","44","105","716","681","1397","7.5"
"6142","Quattordio","PIEMONTE","Alessandria","AL","15028","44.898","8.4059","135","17.8","794","766","1560","61","47","108","855","813","1668","6.5"
"6143","Ricaldone","PIEMONTE","Alessandria","AL","15010","44.7323","8.46946","285","10.6","279","285","564","41","70","111","320","355","675","16.4"
"6144","Rivalta Bormida","PIEMONTE","Alessandria","AL","15010","44.7102","8.5497","140","10.0","674","642","1316","48","53","101","722","695","1417","7.1"
"6145","Rivarone","PIEMONTE","Alessandria","AL","15040","44.9753","8.71302","103","6.1","183","175","358","4","1","5","187","176","363","1.4"
"6146","Roccaforte Ligure","PIEMONTE","Alessandria","AL","15060","44.6764","9.01747","704","20.7","55","88","143","8","3","11","63","91","154","7.1"
"6147","Rocca Grimalda","PIEMONTE","Alessandria","AL","15078","44.6701","8.64701","273","15.6","687","729","1416","46","33","79","733","762","1495","5.3"
"6148","Rocchetta Ligure","PIEMONTE","Alessandria","AL","15060","44.6919","9.05647","420","10.1","93","95","188","10","12","22","103","107","210","10.5"
"6149","Rosignano Monferrato","PIEMONTE","Alessandria","AL","15030","45.0788","8.40045","280","19.2","809","780","1589","34","18","52","843","798","1641","3.2"
"6150","Sala Monferrato","PIEMONTE","Alessandria","AL","15030","45.0745","8.35885","264","7.7","182","181","363","7","7","14","189","188","377","3.7"
"6151","Sale","PIEMONTE","Alessandria","AL","15045","44.9854","8.80872","83","44.7","2032","1833","3865","178","175","353","2210","2008","4218","8.4"
"6152","San Cristoforo","PIEMONTE","Alessandria","AL","15060","44.6924","8.74775","301","3.6","297","281","578","17","12","29","314","293","607","4.8"
"6153","San Giorgio Monferrato","PIEMONTE","Alessandria","AL","15020","45.107","8.41414","281","7.1","645","598","1243","22","14","36","667","612","1279","2.8"
"6154","San Salvatore Monferrato","PIEMONTE","Alessandria","AL","15046","44.9925","8.56378","205","31.6","2175","2083","4258","118","73","191","2293","2156","4449","4.3"
"6155","San Sebastiano Curone","PIEMONTE","Alessandria","AL","15056","44.7862","9.06429","342","4.0","247","227","474","69","48","117","316","275","591","19.8"
"6156","Sant'Agata Fossili","PIEMONTE","Alessandria","AL","15050","44.7857","8.91894","425","8.0","214","200","414","15","12","27","229","212","441","6.1"
"6157","Sardigliano","PIEMONTE","Alessandria","AL","15060","44.7537","8.89374","265","12.6","206","215","421","20","11","31","226","226","452","6.9"
"6158","Sarezzano","PIEMONTE","Alessandria","AL","15050","44.8674","8.91507","300","13.8","570","551","1121","38","34","72","608","585","1193","6.0"
"6159","Serralunga di Crea","PIEMONTE","Alessandria","AL","15020","45.1","8.28373","240","8.8","285","264","549","14","16","30","299","280","579","5.2"
"6160","Serravalle Scrivia","PIEMONTE","Alessandria","AL","15069","44.7232","8.8574","225","16.0","2638","2532","5170","544","608","1152","3182","3140","6322","18.2"
"6161","Sezzadio","PIEMONTE","Alessandria","AL","15079","44.7854","8.57333","127","34.0","598","558","1156","62","76","138","660","634","1294","10.7"
"6162","Silvano d'Orba","PIEMONTE","Alessandria","AL","15060","44.6748","8.67795","175","12.1","986","922","1908","86","62","148","1072","984","2056","7.2"
"6163","Solero","PIEMONTE","Alessandria","AL","15029","44.9196","8.50677","102","22.7","818","780","1598","39","23","62","857","803","1660","3.7"
"6164","Solonghello","PIEMONTE","Alessandria","AL","15020","45.1294","8.28311","220","4.9","108","101","209","8","4","12","116","105","221","5.4"
"6165","Spigno Monferrato","PIEMONTE","Alessandria","AL","15018","44.5425","8.33327","217","55.0","504","514","1018","63","45","108","567","559","1126","9.6"
"6166","Spineto Scrivia","PIEMONTE","Alessandria","AL","15050","44.8376","8.8701","260","4.1","149","158","307","16","9","25","165","167","332","7.5"
"6167","Stazzano","PIEMONTE","Alessandria","AL","15060","44.7229","8.86678","225","17.8","1194","1142","2336","53","36","89","1247","1178","2425","3.7"
"6168","Strevi","PIEMONTE","Alessandria","AL","15019","44.7004","8.5235","150","15.2","886","848","1734","159","146","305","1045","994","2039","15.0"
"6169","Tagliolo Monferrato","PIEMONTE","Alessandria","AL","15070","44.636","8.67127","315","25.9","741","766","1507","48","51","99","789","817","1606","6.2"
"6170","Tassarolo","PIEMONTE","Alessandria","AL","15060","44.7283","8.77026","250","7.1","292","309","601","20","15","35","312","324","636","5.5"
"6171","Terruggia","PIEMONTE","Alessandria","AL","15030","45.0824","8.44465","199","7.2","453","386","839","36","26","62","489","412","901","6.9"
"6172","Terzo","PIEMONTE","Alessandria","AL","15010","44.6716","8.42928","222","8.8","426","446","872","22","13","35","448","459","907","3.9"
"6173","Ticineto","PIEMONTE","Alessandria","AL","15040","45.0962","8.55131","102","8.2","704","663","1367","31","26","57","735","689","1424","4.0"
"6174","Tortona","PIEMONTE","Alessandria","AL","15057","44.8952","8.86333","122","99.3","12233","10934","23167","1507","1312","2819","13740","12246","25986","10.8"
"6175","Treville","PIEMONTE","Alessandria","AL","15030","45.0972","8.36136","300","4.7","134","130","264","4","3","7","138","133","271","2.6"
"6176","Trisobbio","PIEMONTE","Alessandria","AL","15070","44.66","8.58514","341","9.4","334","293","627","21","23","44","355","316","671","6.6"
"6177","Valenza","PIEMONTE","Alessandria","AL","15048","45.0123","8.64411","125","50.1","9638","8794","18432","695","544","1239","10333","9338","19671","6.3"
"6178","Valmacca","PIEMONTE","Alessandria","AL","15040","45.1012","8.58187","97","12.6","524","474","998","35","22","57","559","496","1055","5.4"
"6179","Vignale Monferrato","PIEMONTE","Alessandria","AL","15049","45.0098","8.40003","308","18.8","500","456","956","58","54","112","558","510","1068","10.5"
"6180","Vignole Borbera","PIEMONTE","Alessandria","AL","15060","44.7085","8.89137","243","8.5","1060","1004","2064","108","73","181","1168","1077","2245","8.1"
"6181","Viguzzolo","PIEMONTE","Alessandria","AL","15058","44.9036","8.92437","128","18.3","1501","1433","2934","151","124","275","1652","1557","3209","8.6"
"6182","Villadeati","PIEMONTE","Alessandria","AL","15020","45.0735","8.17251","410","14.5","245","244","489","21","13","34","266","257","523","6.5"
"6183","Villalvernia","PIEMONTE","Alessandria","AL","15050","44.8176","8.85497","193","4.6","453","411","864","59","43","102","512","454","966","10.6"
"6184","Villamiroglio","PIEMONTE","Alessandria","AL","15020","45.1344","8.16947","329","9.7","157","165","322","6","4","10","163","169","332","3.0"
"6185","Villanova Monferrato","PIEMONTE","Alessandria","AL","15030","45.1822","8.47858","111","16.6","927","859","1786","40","23","63","967","882","1849","3.4"
"6186","Villaromagnano","PIEMONTE","Alessandria","AL","15050","44.8493","8.88842","170","6.1","336","339","675","13","12","25","349","351","700","3.6"
"6187","Visone","PIEMONTE","Alessandria","AL","15010","44.6626","8.50274","161","12.6","551","538","1089","86","82","168","637","620","1257","13.4"
"6188","Volpedo","PIEMONTE","Alessandria","AL","15059","44.8895","8.98363","182","10.6","547","508","1055","85","72","157","632","580","1212","13.0"
"6189","Volpeglino","PIEMONTE","Alessandria","AL","15050","44.8924","8.95896","243","3.2","65","82","147","6","7","13","71","89","160","8.1"
"6190","Voltaggio","PIEMONTE","Alessandria","AL","15060","44.6224","8.84267","342","51.5","364","372","736","18","5","23","382","377","759","3.0"
"7001","Allein","VALLE D'AOSTA","Valle d'Aosta","AO","11010","45.8077","7.27295","1.190","8.0","122","119","241","2","5","7","124","124","248","2.8"
"7002","Antey-Saint-Andrè","VALLE D'AOSTA","Valle d'Aosta","AO","11020","45.8068","7.58945","1.074","11.8","291","287","578","28","20","48","319","307","626","7.7"
"7003","Aosta","VALLE D'AOSTA","Valle d'Aosta","AO","11100","46.5099","13.5293","583","21.4","16694","14754","31448","1545","1109","2654","18239","15863","34102","7.8"
"7004","Arnad","VALLE D'AOSTA","Valle d'Aosta","AO","11020","45.6433","7.72416","361","28.7","656","598","1254","27","13","40","683","611","1294","3.1"
"7005","Arvier","VALLE D'AOSTA","Valle d'Aosta","AO","11011","45.7024","7.16742","776","33.4","400","419","819","40","33","73","440","452","892","8.2"
"7006","Avise","VALLE D'AOSTA","Valle d'Aosta","AO","11010","45.7089","7.1397","775","52.7","154","149","303","24","21","45","178","170","348","12.9"
"7007","Ayas","VALLE D'AOSTA","Valle d'Aosta","AO","11020","45.8131","7.69687","1.699","129.9","601","626","1227","73","59","132","674","685","1359","9.7"
"7008","Aymavilles","VALLE D'AOSTA","Valle d'Aosta","AO","11010","45.7015","7.24081","640","53.4","952","956","1908","95","69","164","1047","1025","2072","7.9"
"7009","Bard","VALLE D'AOSTA","Valle d'Aosta","AO","11020","45.6081","7.74459","400","3.0","62","57","119","4","2","6","66","59","125","4.8"
"7010","Bionaz","VALLE D'AOSTA","Valle d'Aosta","AO","11010","45.8744","7.42302","1.606","142.8","106","123","229","4","1","5","110","124","234","2.1"
"7011","Brissogne","VALLE D'AOSTA","Valle d'Aosta","AO","11020","45.7262","7.39148","894","25.5","460","497","957","15","11","26","475","508","983","2.6"
"7012","Brusson","VALLE D'AOSTA","Valle d'Aosta","AO","11022","45.7583","7.72955","1.338","55.3","419","392","811","26","15","41","445","407","852","4.8"
"7013","Challand-Saint-Anselme","VALLE D'AOSTA","Valle d'Aosta","AO","11020","45.7173","7.73712","1.030","27.8","353","347","700","24","32","56","377","379","756","7.4"
"7014","Challand-Saint-Victor","VALLE D'AOSTA","Valle d'Aosta","AO","11020","45.6984","7.71451","744","25.3","279","291","570","23","18","41","302","309","611","6.7"
"7015","Chambave","VALLE D'AOSTA","Valle d'Aosta","AO","11023","45.7449","7.54812","480","21.9","425","437","862","42","35","77","467","472","939","8.2"
"7016","Chamois","VALLE D'AOSTA","Valle d'Aosta","AO","11020","45.8377","7.62258","1.816","14.5","47","45","92","2","0","2","49","45","94","2.1"
"7017","Champdepraz","VALLE D'AOSTA","Valle d'Aosta","AO","11020","45.6855","7.65687","523","48.5","334","310","644","31","27","58","365","337","702","8.3"
"7018","Champorcher","VALLE D'AOSTA","Valle d'Aosta","AO","11020","45.6235","7.61928","1.427","68.5","197","195","392","4","2","6","201","197","398","1.5"
"7019","Charvensod","VALLE D'AOSTA","Valle d'Aosta","AO","11020","45.7206","7.32421","766","26.0","1177","1201","2378","78","51","129","1255","1252","2507","5.1"
"7020","Chatillon","VALLE D'AOSTA","Valle d'Aosta","AO","11024","48.8047","2.28939","549","39.8","2304","2210","4514","238","194","432","2542","2404","4946","8.7"
"7021","Cogne","VALLE D'AOSTA","Valle d'Aosta","AO","11012","45.607","7.35874","1.534","212.9","688","691","1379","44","30","74","732","721","1453","5.1"
"7022","Courmayeur","VALLE D'AOSTA","Valle d'Aosta","AO","11013","45.79","6.97194","1.224","209.8","1312","1342","2654","98","63","161","1410","1405","2815","5.7"
"7023","Donnas","VALLE D'AOSTA","Valle d'Aosta","AO","11020","45.6035","7.77227","322","34.2","1295","1200","2495","76","53","129","1371","1253","2624","4.9"
"7024","Doues","VALLE D'AOSTA","Valle d'Aosta","AO","11010","45.8187","7.30514","1.176","16.5","234","223","457","10","10","20","244","233","477","4.2"
"7025","Emarese","VALLE D'AOSTA","Valle d'Aosta","AO","11020","45.7244","7.69101","1.170","10.0","103","120","223","3","2","5","106","122","228","2.2"
"7026","Etroubles","VALLE D'AOSTA","Valle d'Aosta","AO","11014","45.8222","7.23793","1.270","39.2","223","230","453","22","21","43","245","251","496","8.7"
"7027","Fénis","VALLE D'AOSTA","Valle d'Aosta","AO","11020","45.7339","7.49976","541","68.3","828","842","1670","53","43","96","881","885","1766","5.4"
"7028","Fontainemore","VALLE D'AOSTA","Valle d'Aosta","AO","11020","45.6483","7.8595","760","31.6","209","225","434","11","4","15","220","229","449","3.3"
"7029","Gaby","VALLE D'AOSTA","Valle d'Aosta","AO","11020","45.7171","7.8805","1.047","32.5","241","236","477","8","2","10","249","238","487","2.1"
"7030","Gignod","VALLE D'AOSTA","Valle d'Aosta","AO","11010","45.7804","7.29522","988","26.0","777","751","1528","82","82","164","859","833","1692","9.7"
"7031","Gressan","VALLE D'AOSTA","Valle d'Aosta","AO","11020","45.7214","7.28989","626","25.5","1565","1569","3134","87","85","172","1652","1654","3306","5.2"
"7032","Gressoney-La-Trinitè","VALLE D'AOSTA","Valle d'Aosta","AO","11020","45.8277","7.82241","1.624","65.9","160","135","295","9","7","16","169","142","311","5.1"
"7033","Gressoney-Saint-Jean","VALLE D'AOSTA","Valle d'Aosta","AO","11025","45.7734","7.82805","1.385","69.7","395","387","782","21","11","32","416","398","814","3.9"
"7034","Hone","VALLE D'AOSTA","Valle d'Aosta","AO","11020","45.6127","7.73695","364","12.5","577","536","1113","38","24","62","615","560","1175","5.3"
"7035","Introd","VALLE D'AOSTA","Valle d'Aosta","AO","11010","45.6937","7.18006","869","19.7","296","290","586","22","24","46","318","314","632","7.3"
"7036","Issime","VALLE D'AOSTA","Valle d'Aosta","AO","11020","45.6874","7.854","960","35.0","204","205","409","9","4","13","213","209","422","3.1"
"7037","Issogne","VALLE D'AOSTA","Valle d'Aosta","AO","11020","45.6562","7.69043","387","23.8","698","658","1356","21","19","40","719","677","1396","2.9"
"7038","Jovencan","VALLE D'AOSTA","Valle d'Aosta","AO","11020","45.7155","7.27192","632","7.0","335","353","688","36","34","70","371","387","758","9.2"
"7039","La Magdeleine","VALLE D'AOSTA","Valle d'Aosta","AO","11020","45.8116","7.61902","1.644","8.9","48","59","107","3","1","4","51","60","111","3.6"
"7040","La Salle","VALLE D'AOSTA","Valle d'Aosta","AO","11015","45.7478","7.06923","1.001","83.6","956","937","1893","90","88","178","1046","1025","2071","8.6"
"7041","La Thuile","VALLE D'AOSTA","Valle d'Aosta","AO","11016","45.7169","6.94869","1.441","126.1","372","375","747","19","10","29","391","385","776","3.7"
"7042","Lillianes","VALLE D'AOSTA","Valle d'Aosta","AO","11020","45.6317","7.84312","655","18.9","236","220","456","7","2","9","243","222","465","1.9"
"7043","Montjovet","VALLE D'AOSTA","Valle d'Aosta","AO","11020","45.7152","7.67077","406","18.7","835","895","1730","52","49","101","887","944","1831","5.5"
"7044","Morgex","VALLE D'AOSTA","Valle d'Aosta","AO","11017","45.7564","7.03762","923","43.3","985","943","1928","80","61","141","1065","1004","2069","6.8"
"7045","Nus","VALLE D'AOSTA","Valle d'Aosta","AO","11020","45.7405","7.46753","529","57.4","1415","1380","2795","82","66","148","1497","1446","2943","5.0"
"7046","Ollomont","VALLE D'AOSTA","Valle d'Aosta","AO","11010","45.8492","7.3108","1.356","53.6","73","81","154","2","2","4","75","83","158","2.5"
"7047","Oyace","VALLE D'AOSTA","Valle d'Aosta","AO","11010","45.847","7.41955","1.377","30.6","98","118","216","2","7","9","100","125","225","4.0"
"7048","Perloz","VALLE D'AOSTA","Valle d'Aosta","AO","11020","45.6141","7.80853","661","23.0","223","219","442","7","4","11","230","223","453","2.4"
"7049","Pollein","VALLE D'AOSTA","Valle d'Aosta","AO","11020","45.7292","7.34938","551","15.4","724","736","1460","40","31","71","764","767","1531","4.6"
"7050","Pontboset","VALLE D'AOSTA","Valle d'Aosta","AO","11020","45.6079","7.687","780","33.8","96","96","192","2","1","3","98","97","195","1.5"
"7051","Pontey","VALLE D'AOSTA","Valle d'Aosta","AO","11024","46.9411","11.7295","523","16.0","392","387","779","21","18","39","413","405","818","4.8"
"7052","Pont-Saint-Martin","VALLE D'AOSTA","Valle d'Aosta","AO","11026","45.5955","7.79841","345","6.9","1880","1805","3685","173","147","320","2053","1952","4005","8.0"
"7053","Prè-Saint-Didier","VALLE D'AOSTA","Valle d'Aosta","AO","11010","45.7641","6.98619","1.014","33.7","444","482","926","47","39","86","491","521","1012","8.5"
"7054","Quart","VALLE D'AOSTA","Valle d'Aosta","AO","11020","45.7502","7.42238","535","62.3","1827","1901","3728","89","55","144","1916","1956","3872","3.7"
"7055","Rhemes-Notre-Dame","VALLE D'AOSTA","Valle d'Aosta","AO","11010","45.5694","7.11853","1.725","86.7","45","65","110","0","4","4","45","69","114","3.5"
"7056","Rhemes-Saint-Georges","VALLE D'AOSTA","Valle d'Aosta","AO","11010","45.6553","7.15538","1.218","36.8","98","97","195","1","0","1","99","97","196","0.5"
"7057","Roisan","VALLE D'AOSTA","Valle d'Aosta","AO","11010","45.7843","7.31127","870","14.7","489","490","979","33","30","63","522","520","1042","6.0"
"7058","Saint-Christophe","VALLE D'AOSTA","Valle d'Aosta","AO","11020","45.747","7.3535","619","14.8","1632","1593","3225","78","53","131","1710","1646","3356","3.9"
"7059","Saint-Denis","VALLE D'AOSTA","Valle d'Aosta","AO","11023","48.9362","2.35744","820","11.3","173","192","365","12","5","17","185","197","382","4.5"
"7060","Saint-Marcel","VALLE D'AOSTA","Valle d'Aosta","AO","11020","45.7305","7.44882","625","42.2","619","616","1235","26","14","40","645","630","1275","3.1"
"7061","Saint-Nicolas","VALLE D'AOSTA","Valle d'Aosta","AO","11010","45.7165","7.16635","1.200","15.5","146","148","294","11","10","21","157","158","315","6.7"
"7062","Saint-Oyen","VALLE D'AOSTA","Valle d'Aosta","AO","11014","45.825","7.21684","1.372","9.4","109","98","207","5","5","10","114","103","217","4.6"
"7063","Saint-Pierre","VALLE D'AOSTA","Valle d'Aosta","AO","11010","45.706","7.22514","676","26.3","1402","1417","2819","154","139","293","1556","1556","3112","9.4"
"7064","Saint-Rhémy-en-Bosses","VALLE D'AOSTA","Valle d'Aosta","AO","11010","45.8355","7.18437","1.519","65.3","157","199","356","9","2","11","166","201","367","3.0"
"7065","Saint-Vincent","VALLE D'AOSTA","Valle d'Aosta","AO","11027","45.7521","7.64206","575","20.8","2175","2120","4295","207","152","359","2382","2272","4654","7.7"
"7066","Sarre","VALLE D'AOSTA","Valle d'Aosta","AO","11010","49.3964","7.02296","625","28.1","2336","2300","4636","127","94","221","2463","2394","4857","4.6"
"7067","Torgnon","VALLE D'AOSTA","Valle d'Aosta","AO","11020","45.8037","7.5713","1.489","42.3","239","259","498","11","8","19","250","267","517","3.7"
"7068","Valgrisenche","VALLE D'AOSTA","Valle d'Aosta","AO","11010","45.631","7.06387","1.664","113.3","85","103","188","9","1","10","94","104","198","5.1"
"7069","Valpelline","VALLE D'AOSTA","Valle d'Aosta","AO","11010","45.8261","7.32677","960","31.5","285","329","614","23","18","41","308","347","655","6.3"
"7070","Valsavarenche","VALLE D'AOSTA","Valle d'Aosta","AO","11010","45.5906","7.20986","1.541","139.1","94","84","178","3","6","9","97","90","187","4.8"
"7071","Valtournenche","VALLE D'AOSTA","Valle d'Aosta","AO","11028","45.8774","7.62317","1.528","115.6","950","1064","2014","78","55","133","1028","1119","2147","6.2"
"7072","Verrayes","VALLE D'AOSTA","Valle d'Aosta","AO","11020","45.7618","7.53284","1.017","22.6","620","644","1264","39","41","80","659","685","1344","6.0"
"7073","Verrès","VALLE D'AOSTA","Valle d'Aosta","AO","11029","45.6629","7.69378","391","8.2","1235","1152","2387","160","164","324","1395","1316","2711","12.0"
"7074","Villeneuve","VALLE D'AOSTA","Valle d'Aosta","AO","11018","45.7029","7.20738","670","8.9","546","565","1111","56","69","125","602","634","1236","10.1"
"8001","Airole","LIGURIA","Imperia","IM","18030","43.8712","7.55557","149","14.7","157","182","339","65","57","122","222","239","461","26.5"
"8002","Apricale","LIGURIA","Imperia","IM","18035","43.8819","7.65625","273","19.7","243","273","516","63","46","109","306","319","625","17.4"
"8003","Aquila d'Arroscia","LIGURIA","Imperia","IM","18020","44.095","8.00834","495","10.1","91","83","174","1","1","2","92","84","176","1.1"
"8004","Armo","LIGURIA","Imperia","IM","18026","44.0882","7.91263","578","9.3","60","57","117","6","1","7","66","58","124","5.6"
"8005","Aurigo","LIGURIA","Imperia","IM","18020","43.9824","7.92401","431","9.5","166","161","327","7","12","19","173","173","346","5.5"
"8006","Badalucco","LIGURIA","Imperia","IM","18010","43.9193","7.81232","179","15.8","539","510","1049","74","67","141","613","577","1190","11.8"
"8007","Bajardo","LIGURIA","Imperia","IM","18031","43.9026","7.71791","900","24.5","138","142","280","17","15","32","155","157","312","10.3"
"8008","Bordighera","LIGURIA","Imperia","IM","18012","43.7807","7.67228","5","10.4","5291","4466","9757","405","254","659","5696","4720","10416","6.3"
"8009","Borghetto d'Arroscia","LIGURIA","Imperia","IM","18020","44.0557","7.97951","155","25.5","201","208","409","28","26","54","229","234","463","11.7"
"8010","Borgomaro","LIGURIA","Imperia","IM","18021","43.9748","7.94902","249","23.2","389","399","788","39","46","85","428","445","873","9.7"
"8011","Camporosso","LIGURIA","Imperia","IM","18033","43.8246","7.62842","25","17.6","2562","2557","5119","176","124","300","2738","2681","5419","5.5"
"8012","Caravonica","LIGURIA","Imperia","IM","18020","43.9931","7.95775","360","4.9","116","139","255","21","27","48","137","166","303","15.8"
"8013","Carpasio","LIGURIA","Imperia","IM","18010","43.9621","7.86857","720","16.1","59","75","134","13","6","19","72","81","153","12.4"
"8014","Castellaro","LIGURIA","Imperia","IM","18011","43.8648","7.86884","275","8.7","601","583","1184","32","17","49","633","600","1233","4.0"
"8015","Castel Vittorio","LIGURIA","Imperia","IM","18030","43.9292","7.67512","420","25.7","150","150","300","16","13","29","166","163","329","8.8"
"8016","Ceriana","LIGURIA","Imperia","IM","18034","43.8844","7.77223","369","32.1","536","560","1096","80","77","157","616","637","1253","12.5"
"8017","Cervo","LIGURIA","Imperia","IM","18010","43.925","8.11419","66","3.4","544","494","1038","50","40","90","594","534","1128","8.0"
"8018","Cesio","LIGURIA","Imperia","IM","18022","44.0105","7.97465","530","8.9","129","126","255","15","16","31","144","142","286","10.8"
"8019","Chiusanico","LIGURIA","Imperia","IM","18027","43.9823","7.99744","360","13.7","260","272","532","41","30","71","301","302","603","11.8"
"8020","Chiusavecchia","LIGURIA","Imperia","IM","18027","43.9572","7.98381","140","3.3","203","218","421","66","78","144","269","296","565","25.5"
"8021","Cipressa","LIGURIA","Imperia","IM","18017","43.8643","7.92116","240","9.6","591","574","1165","66","40","106","657","614","1271","8.3"
"8022","Civezza","LIGURIA","Imperia","IM","18017","43.8788","7.95111","225","3.8","270","279","549","47","44","91","317","323","640","14.2"
"8023","Cosio d'Arroscia","LIGURIA","Imperia","IM","18023","44.0769","7.83103","721","40.5","124","114","238","5","5","10","129","119","248","4.0"
"8024","Costarainera","LIGURIA","Imperia","IM","18017","43.8564","7.9409","220","2.4","392","361","753","29","21","50","421","382","803","6.2"
"8025","Diano Arentino","LIGURIA","Imperia","IM","18013","43.953","8.04104","331","8.3","299","318","617","34","27","61","333","345","678","9.0"
"8026","Diano Castello","LIGURIA","Imperia","IM","18013","43.9261","8.06441","135","6.0","1040","941","1981","142","134","276","1182","1075","2257","12.2"
"8027","Diano Marina","LIGURIA","Imperia","IM","18013","43.9089","8.0828","4","6.5","2875","2462","5337","375","292","667","3250","2754","6004","11.1"
"8028","Diano San Pietro","LIGURIA","Imperia","IM","18013","43.9492","8.06289","83","11.8","494","494","988","58","55","113","552","549","1101","10.3"
"8029","Dolceacqua","LIGURIA","Imperia","IM","18035","43.8594","7.62393","51","20.2","937","910","1847","84","59","143","1021","969","1990","7.2"
"8030","Dolcedo","LIGURIA","Imperia","IM","18020","43.9066","7.9266","75","19.3","626","606","1232","112","107","219","738","713","1451","15.1"
"8031","Imperia","LIGURIA","Imperia","IM","18100","43.8906","8.03467","10","45.6","19761","17778","37539","2464","2319","4783","22225","20097","42322","11.3"
"8032","Isolabona","LIGURIA","Imperia","IM","18035","43.8792","7.63903","106","12.4","316","283","599","48","31","79","364","314","678","11.7"
"8033","Lucinasco","LIGURIA","Imperia","IM","18020","43.9656","7.96474","499","8.2","103","120","223","29","28","57","132","148","280","20.4"
"8034","Mendatica","LIGURIA","Imperia","IM","18025","44.074","7.80592","778","30.7","100","101","201","4","0","4","104","101","205","2.0"
"8035","Molini di Triora","LIGURIA","Imperia","IM","18010","43.9865","7.77771","460","58.0","248","274","522","62","42","104","310","316","626","16.6"
"8036","Montalto Ligure","LIGURIA","Imperia","IM","18010","43.9273","7.83408","315","13.9","159","165","324","27","13","40","186","178","364","11.0"
"8037","Montegrosso Pian Latte","LIGURIA","Imperia","IM","18025","44.0664","7.81539","721","10.2","61","60","121","0","0","0","61","60","121","0.0"
"8038","Olivetta San Michele","LIGURIA","Imperia","IM","18030","43.8725","7.51931","292","13.8","100","109","209","9","7","16","109","116","225","7.1"
"8039","Ospedaletti","LIGURIA","Imperia","IM","18014","43.7995","7.72528","5","5.2","1656","1487","3143","132","111","243","1788","1598","3386","7.2"
"8040","Perinaldo","LIGURIA","Imperia","IM","18032","43.8659","7.66777","572","21.0","400","398","798","62","52","114","462","450","912","12.5"
"8041","Pietrabruna","LIGURIA","Imperia","IM","18010","43.8848","7.89938","400","10.0","214","211","425","51","65","116","265","276","541","21.4"
"8042","Pieve di Teco","LIGURIA","Imperia","IM","18026","44.0466","7.91499","240","40.6","615","555","1170","103","127","230","718","682","1400","16.4"
"8043","Pigna","LIGURIA","Imperia","IM","18037","43.9341","7.66476","280","53.7","392","375","767","73","54","127","465","429","894","14.2"
"8044","Pompeiana","LIGURIA","Imperia","IM","18015","43.8565","7.88548","200","5.4","380","358","738","31","40","71","411","398","809","8.8"
"8045","Pontedassio","LIGURIA","Imperia","IM","18027","43.9407","8.01282","80","14.5","1059","1071","2130","108","118","226","1167","1189","2356","9.6"
"8046","Pornassio","LIGURIA","Imperia","IM","18024","44.0765","7.86672","630","27.7","262","283","545","21","18","39","283","301","584","6.7"
"8047","Prelà","LIGURIA","Imperia","IM","18020","43.9269","7.93736","151","15.4","220","235","455","29","16","45","249","251","500","9.0"
"8048","Ranzo","LIGURIA","Imperia","IM","18020","44.0583","8.01173","124","11.7","254","253","507","24","25","49","278","278","556","8.8"
"8049","Rezzo","LIGURIA","Imperia","IM","18026","44.0219","7.87321","563","37.4","161","172","333","20","18","38","181","190","371","10.2"
"8050","Riva Ligure","LIGURIA","Imperia","IM","18015","43.8383","7.88053","2","2.1","1386","1292","2678","106","77","183","1492","1369","2861","6.4"
"8051","Rocchetta Nervina","LIGURIA","Imperia","IM","18030","43.9164","7.57348","235","15.0","120","123","243","17","12","29","137","135","272","10.7"
"8052","San Bartolomeo al Mare","LIGURIA","Imperia","IM","18016","43.922","8.10343","26","10.9","1489","1343","2832","159","136","295","1648","1479","3127","9.4"
"8053","San Biagio della Cima","LIGURIA","Imperia","IM","18036","43.8237","7.64667","100","4.6","618","582","1200","40","38","78","658","620","1278","6.1"
"8054","San Lorenzo al Mare","LIGURIA","Imperia","IM","18017","43.854","7.96524","6","1.4","660","616","1276","57","40","97","717","656","1373","7.1"
"8055","Sanremo","LIGURIA","Imperia","IM","18038","43.8412","7.77427","15","54.7","26592","23336","49928","2291","1918","4209","28883","25254","54137","7.8"
"8056","Santo Stefano al Mare","LIGURIA","Imperia","IM","18010","43.8386","7.89583","7","2.7","1091","984","2075","90","74","164","1181","1058","2239","7.3"
"8057","Seborga","LIGURIA","Imperia","IM","18012","43.8317","7.70366","500","4.9","150","134","284","17","22","39","167","156","323","12.1"
"8058","Soldano","LIGURIA","Imperia","IM","18036","43.8351","7.66176","80","3.6","442","463","905","42","38","80","484","501","985","8.1"
"8059","Taggia","LIGURIA","Imperia","IM","18018","43.8352","7.85495","39","30.9","6934","6218","13152","472","408","880","7406","6626","14032","6.3"
"8060","Terzorio","LIGURIA","Imperia","IM","18010","43.8538","7.9021","185","1.9","112","108","220","7","5","12","119","113","232","5.2"
"8061","Triora","LIGURIA","Imperia","IM","18010","43.9943","7.76571","780","67.8","182","167","349","15","10","25","197","177","374","6.7"
"8062","Vallebona","LIGURIA","Imperia","IM","18012","43.8117","7.66432","149","6.0","616","600","1216","57","59","116","673","659","1332","8.7"
"8063","Vallecrosia","LIGURIA","Imperia","IM","18019","43.7837","7.64505","5","3.6","3438","3167","6605","256","171","427","3694","3338","7032","6.1"
"8064","Vasia","LIGURIA","Imperia","IM","18020","43.9337","7.95246","385","10.8","187","188","375","25","24","49","212","212","424","11.6"
"8065","Ventimiglia","LIGURIA","Imperia","IM","18039","43.7912","7.60759","9","54.1","11412","10792","22204","962","760","1722","12374","11552","23926","7.2"
"8066","Vessalico","LIGURIA","Imperia","IM","18026","44.0516","7.95384","197","10.4","104","113","217","33","37","70","137","150","287","24.4"
"8067","Villa Faraldi","LIGURIA","Imperia","IM","18010","43.968","8.09155","336","9.6","194","195","389","26","22","48","220","217","437","11.0"
"9001","Alassio","LIGURIA","Savona","SV","17021","44.0143","8.18117","6","17.3","5407","4623","10030","550","446","996","5957","5069","11026","9.0"
"9002","Albenga","LIGURIA","Savona","SV","17031","44.0494","8.21561","5","36.5","11306","10333","21639","929","1008","1937","12235","11341","23576","8.2"
"9003","Albissola Marina","LIGURIA","Savona","SV","17012","44.3285","8.50654","8","3.2","2902","2458","5360","107","97","204","3009","2555","5564","3.7"
"9004","Albisola Superiore","LIGURIA","Savona","SV","17011","44.3402","8.50646","10","29.0","5345","4686","10031","223","153","376","5568","4839","10407","3.6"
"9005","Altare","LIGURIA","Savona","SV","17041","44.3255","8.33016","398","11.7","991","952","1943","105","79","184","1096","1031","2127","8.7"
"9006","Andora","LIGURIA","Savona","SV","17051","43.9838","8.13266","10","31.6","3635","3299","6934","308","228","536","3943","3527","7470","7.2"
"9007","Arnasco","LIGURIA","Savona","SV","17032","44.0789","8.09749","290","6.0","254","289","543","44","43","87","298","332","630","13.8"
"9008","Balestrino","LIGURIA","Savona","SV","17020","44.1212","8.1721","371","11.3","300","269","569","17","11","28","317","280","597","4.7"
"9009","Bardineto","LIGURIA","Savona","SV","17057","44.1906","8.13527","711","29.6","329","318","647","29","21","50","358","339","697","7.2"
"9010","Bergeggi","LIGURIA","Savona","SV","17028","44.2491","8.43863","110","3.7","582","519","1101","16","9","25","598","528","1126","2.2"
"9011","Boissano","LIGURIA","Savona","SV","17054","44.134","8.22747","121","8.7","1182","1168","2350","50","37","87","1232","1205","2437","3.6"
"9012","Borghetto Santo Spirito","LIGURIA","Savona","SV","17052","44.1087","8.24053","2","5.3","2488","2121","4609","301","244","545","2789","2365","5154","10.6"
"9013","Borgio Verezzi","LIGURIA","Savona","SV","17022","44.1608","8.3077","10","2.9","1197","1010","2207","65","55","120","1262","1065","2327","5.2"
"9014","Bormida","LIGURIA","Savona","SV","17045","44.2745","8.23157","586","22.4","190","193","383","12","6","18","202","199","401","4.5"
"9015","Cairo Montenotte","LIGURIA","Savona","SV","17014","44.4008","8.27325","338","99.5","6192","5755","11947","664","626","1290","6856","6381","13237","9.7"
"9016","Calice Ligure","LIGURIA","Savona","SV","17020","44.2046","8.29481","70","19.4","838","811","1649","23","11","34","861","822","1683","2.0"
"9017","Calizzano","LIGURIA","Savona","SV","17057","44.2427","8.11158","647","63.2","761","706","1467","47","36","83","808","742","1550","5.4"
"9018","Carcare","LIGURIA","Savona","SV","17043","44.3584","8.28855","365","10.4","2783","2485","5268","192","145","337","2975","2630","5605","6.0"
"9019","Casanova Lerrone","LIGURIA","Savona","SV","17033","44.0359","8.04586","256","24.3","333","326","659","43","42","85","376","368","744","11.4"
"9020","Castelbianco","LIGURIA","Savona","SV","17030","44.1197","8.06661","343","14.8","153","131","284","12","25","37","165","156","321","11.5"
"9021","Castelvecchio di Rocca Barbena","LIGURIA","Savona","SV","17034","44.1577","8.12293","430","16.7","75","89","164","6","2","8","81","91","172","4.7"
"9022","Celle Ligure","LIGURIA","Savona","SV","17015","44.3421","8.54533","4","9.6","2726","2484","5210","78","65","143","2804","2549","5353","2.7"
"9023","Cengio","LIGURIA","Savona","SV","17056","44.3914","8.19436","450","18.8","1669","1584","3253","217","208","425","1886","1792","3678","11.6"
"9024","Ceriale","LIGURIA","Savona","SV","17023","44.097","8.23198","10","11.2","2822","2467","5289","261","265","526","3083","2732","5815","9.0"
"9025","Cisano sul Neva","LIGURIA","Savona","SV","17035","44.0864","8.1429","52","12.2","930","878","1808","76","80","156","1006","958","1964","7.9"
"9026","Cosseria","LIGURIA","Savona","SV","17017","44.3673","8.24192","516","13.7","532","517","1049","21","10","31","553","527","1080","2.9"
"9027","Dego","LIGURIA","Savona","SV","17058","44.4477","8.31325","317","67.8","939","916","1855","78","70","148","1017","986","2003","7.4"
"9028","Erli","LIGURIA","Savona","SV","17030","44.138","8.1025","250","16.6","108","120","228","12","16","28","120","136","256","10.9"
"9029","Finale Ligure","LIGURIA","Savona","SV","17024","44.1689","8.34162","10","34.6","5801","5254","11055","384","285","669","6185","5539","11724","5.7"
"9030","Garlenda","LIGURIA","Savona","SV","17033","44.0331","8.09951","75","8.3","537","554","1091","68","55","123","605","609","1214","10.1"
"9031","Giustenice","LIGURIA","Savona","SV","17027","44.1686","8.25792","140","17.4","457","479","936","7","3","10","464","482","946","1.1"
"9032","Giusvalla","LIGURIA","Savona","SV","17010","44.4584","8.38553","475","19.1","184","211","395","31","34","65","215","245","460","14.1"
"9033","Laigueglia","LIGURIA","Savona","SV","17053","43.9784","8.15794","6","2.8","890","778","1668","82","50","132","972","828","1800","7.3"
"9034","Loano","LIGURIA","Savona","SV","17025","44.1306","8.26097","4","13.5","5733","4760","10493","569","501","1070","6302","5261","11563","9.3"
"9035","Magliolo","LIGURIA","Savona","SV","17020","44.1928","8.24461","270","19.2","411","460","871","21","25","46","432","485","917","5.0"
"9036","Mallare","LIGURIA","Savona","SV","17045","44.2915","8.29428","458","32.6","595","556","1151","23","26","49","618","582","1200","4.1"
"9037","Massimino","LIGURIA","Savona","SV","12071","44.2999","8.07369","527","7.7","53","57","110","8","3","11","61","60","121","9.1"
"9038","Millesimo","LIGURIA","Savona","SV","17017","44.3627","8.20778","429","15.9","1632","1529","3161","122","143","265","1754","1672","3426","7.7"
"9039","Mioglia","LIGURIA","Savona","SV","17040","44.4897","8.41142","354","20.0","264","254","518","15","6","21","279","260","539","3.9"
"9040","Murialdo","LIGURIA","Savona","SV","17013","44.3164","8.163","524","37.5","386","396","782","33","23","56","419","419","838","6.7"
"9041","Nasino","LIGURIA","Savona","SV","17030","44.132","8.01925","363","21.6","85","93","178","25","19","44","110","112","222","19.8"
"9042","Noli","LIGURIA","Savona","SV","17026","44.2071","8.41413","2","9.6","1402","1276","2678","67","56","123","1469","1332","2801","4.4"
"9043","Onzo","LIGURIA","Savona","SV","17037","44.0698","8.05327","417","8.2","116","101","217","8","9","17","124","110","234","7.3"
"9044","Orco Feglino","LIGURIA","Savona","SV","17024","44.2184","8.32237","161","17.7","442","425","867","14","14","28","456","439","895","3.1"
"9045","Ortovero","LIGURIA","Savona","SV","17037","44.0537","8.09559","63","9.8","689","677","1366","107","110","217","796","787","1583","13.7"
"9046","Osiglia","LIGURIA","Savona","SV","17010","44.2807","8.20082","715","29.2","211","224","435","24","10","34","235","234","469","7.2"
"9047","Pallare","LIGURIA","Savona","SV","17043","44.3272","8.27451","404","21.3","464","457","921","20","16","36","484","473","957","3.8"
"9048","Piana Crixia","LIGURIA","Savona","SV","17058","44.4906","8.30015","267","29.6","388","401","789","36","32","68","424","433","857","7.9"
"9049","Pietra Ligure","LIGURIA","Savona","SV","17027","44.1503","8.28345","3","9.7","4410","3752","8162","383","335","718","4793","4087","8880","8.1"
"9050","Plodio","LIGURIA","Savona","SV","17043","44.3511","8.24864","498","8.2","312","320","632","12","4","16","324","324","648","2.5"
"9051","Pontinvrea","LIGURIA","Savona","SV","17042","44.4446","8.4348","425","24.9","409","414","823","15","8","23","424","422","846","2.7"
"9052","Quiliano","LIGURIA","Savona","SV","17047","44.2934","8.40276","32","49.5","3666","3426","7092","144","100","244","3810","3526","7336","3.3"
"9053","Rialto","LIGURIA","Savona","SV","17020","44.2234","8.26192","376","19.8","279","275","554","8","2","10","287","277","564","1.8"
"9054","Roccavignale","LIGURIA","Savona","SV","17017","44.3533","8.16296","521","17.5","367","334","701","20","25","45","387","359","746","6.0"
"9055","Sassello","LIGURIA","Savona","SV","17046","44.4795","8.4901","405","100.5","877","898","1775","56","51","107","933","949","1882","5.7"
"9056","Savona","LIGURIA","Savona","SV","17100","44.2976","8.4645","4","65.6","29768","25831","55599","2742","2320","5062","32510","28151","60661","8.3"
"9057","Spotorno","LIGURIA","Savona","SV","17028","44.2306","8.4235","7","8.1","1944","1714","3658","126","102","228","2070","1816","3886","5.9"
"9058","Stella","LIGURIA","Savona","SV","17044","44.392","8.49697","266","43.3","1461","1504","2965","64","37","101","1525","1541","3066","3.3"
"9059","Stellanello","LIGURIA","Savona","SV","17020","44.0009","8.06742","141","17.6","379","411","790","34","34","68","413","445","858","7.9"
"9060","Testico","LIGURIA","Savona","SV","17020","44.0059","8.03255","470","10.2","92","100","192","14","6","20","106","106","212","9.4"
"9061","Toirano","LIGURIA","Savona","SV","17055","44.1255","8.20791","38","18.6","1317","1267","2584","44","41","85","1361","1308","2669","3.2"
"9062","Tovo San Giacomo","LIGURIA","Savona","SV","17020","44.1741","8.26868","80","9.6","1218","1211","2429","38","22","60","1256","1233","2489","2.4"
"9063","Urbe","LIGURIA","Savona","SV","17048","44.4863","8.59064","526","31.5","389","359","748","12","9","21","401","368","769","2.7"
"9064","Vado Ligure","LIGURIA","Savona","SV","17047","44.2691","8.43978","12","23.4","4090","3771","7861","205","166","371","4295","3937","8232","4.5"
"9065","Varazze","LIGURIA","Savona","SV","17019","44.359","8.57742","10","48.0","6652","6235","12887","331","243","574","6983","6478","13461","4.3"
"9066","Vendone","LIGURIA","Savona","SV","17032","44.0809","8.0738","398","10.1","197","183","380","13","10","23","210","193","403","5.7"
"9067","Vezzi Portio","LIGURIA","Savona","SV","17028","44.2211","8.35988","300","9.7","399","393","792","10","8","18","409","401","810","2.2"
"9068","Villanova d'Albenga","LIGURIA","Savona","SV","17038","44.0458","8.14334","29","15.7","1205","1178","2383","74","65","139","1279","1243","2522","5.5"
"9069","Zuccarello","LIGURIA","Savona","SV","17039","44.1118","8.11659","130","10.7","150","121","271","23","28","51","173","149","322","15.8"
"10001","Arenzano","LIGURIA","Genova","GE","16011","44.4059","8.68602","10","24.6","5887","5422","11309","190","85","275","6077","5507","11584","2.4"
"10002","Avegno","LIGURIA","Genova","GE","16030","44.3936","9.16187","40","11.0","1237","1207","2444","53","42","95","1290","1249","2539","3.7"
"10003","Bargagli","LIGURIA","Genova","GE","16021","44.4456","9.09406","341","16.3","1322","1349","2671","67","72","139","1389","1421","2810","4.9"
"10004","Bogliasco","LIGURIA","Genova","GE","16031","44.3793","9.06476","25","4.4","2278","2041","4319","109","58","167","2387","2099","4486","3.7"
"10005","Borzonasca","LIGURIA","Genova","GE","16041","44.4189","9.38989","167","80.0","979","936","1915","100","109","209","1079","1045","2124","9.8"
"10006","Busalla","LIGURIA","Genova","GE","16012","44.5692","8.94615","358","17.1","2809","2656","5465","148","128","276","2957","2784","5741","4.8"
"10007","Camogli","LIGURIA","Genova","GE","16032","44.3543","9.14982","32","9.9","2675","2567","5242","158","81","239","2833","2648","5481","4.4"
"10008","Campo Ligure","LIGURIA","Genova","GE","16013","44.5359","8.69897","342","23.8","1498","1444","2942","55","48","103","1553","1492","3045","3.4"
"10009","Campomorone","LIGURIA","Genova","GE","16014","44.5098","8.89248","118","26.1","3633","3400","7033","147","126","273","3780","3526","7306","3.7"
"10010","Carasco","LIGURIA","Genova","GE","16042","44.3588","9.36176","26","8.6","1687","1625","3312","161","176","337","1848","1801","3649","9.2"
"10011","Casarza Ligure","LIGURIA","Genova","GE","16030","44.272","9.44629","34","27.4","3264","3105","6369","193","146","339","3457","3251","6708","5.1"
"10012","Casella","LIGURIA","Genova","GE","16015","44.5357","8.99682","410","7.8","1537","1602","3139","62","31","93","1599","1633","3232","2.9"
"10013","Castiglione Chiavarese","LIGURIA","Genova","GE","16030","44.2774","9.526","271","30.2","772","732","1504","81","57","138","853","789","1642","8.4"
"10014","Ceranesi","LIGURIA","Genova","GE","16014","44.5045","8.87166","80","30.9","1953","1941","3894","67","45","112","2020","1986","4006","2.8"
"10015","Chiavari","LIGURIA","Genova","GE","16043","44.3168","9.31998","5","12.5","13795","11685","25480","1080","778","1858","14875","12463","27338","6.8"
"10016","Cicagna","LIGURIA","Genova","GE","16044","44.4062","9.23976","88","11.5","1180","1146","2326","125","115","240","1305","1261","2566","9.4"
"10017","Cogoleto","LIGURIA","Genova","GE","16016","44.3894","8.64697","4","20.3","4640","4228","8868","167","110","277","4807","4338","9145","3.0"
"10018","Cogorno","LIGURIA","Genova","GE","16030","44.3253","9.37212","38","9.1","2782","2665","5447","100","94","194","2882","2759","5641","3.4"
"10019","Coreglia Ligure","LIGURIA","Genova","GE","16040","44.3865","9.26569","65","8.0","125","144","269","2","3","5","127","147","274","1.8"
"10020","Crocefieschi","LIGURIA","Genova","GE","16010","44.5863","9.02485","742","11.6","265","275","540","16","5","21","281","280","561","3.7"
"10021","Davagna","LIGURIA","Genova","GE","16022","44.4686","9.09288","552","22.1","935","946","1881","26","20","46","961","966","1927","2.4"
"10022","Fascia","LIGURIA","Genova","GE","16020","44.5831","9.22014","900","11.0","43","56","99","1","0","1","44","56","100","1.0"
"10023","Favale di Malvaro","LIGURIA","Genova","GE","16040","44.4606","9.26193","300","16.7","231","223","454","25","25","50","256","248","504","9.9"
"10024","Fontanigorda","LIGURIA","Genova","GE","16023","44.5327","9.29519","819","16.6","130","140","270","4","0","4","134","140","274","1.5"
"10025","Genova","LIGURIA","Genova","GE","16100","44.4057","8.94626","19","243.6","288057","253744","541801","24728","19651","44379","312785","273395","586180","7.6"
"10026","Gorreto","LIGURIA","Genova","GE","16020","44.6046","9.2918","533","18.5","56","48","104","2","1","3","58","49","107","2.8"
"10027","Isola del Cantone","LIGURIA","Genova","GE","16017","44.6454","8.9566","298","47.8","702","709","1411","57","67","124","759","776","1535","8.1"
"10028","Lavagna","LIGURIA","Genova","GE","16033","44.3086","9.3418","6","13.9","6462","5493","11955","352","272","624","6814","5765","12579","5.0"
"10029","Leivi","LIGURIA","Genova","GE","16040","44.353","9.30224","272","9.9","1190","1091","2281","41","27","68","1231","1118","2349","2.9"
"10030","Lorsica","LIGURIA","Genova","GE","16045","44.4325","9.26193","343","17.8","244","253","497","14","8","22","258","261","519","4.2"
"10031","Lumarzo","LIGURIA","Genova","GE","16024","44.4569","9.13455","228","25.5","775","782","1557","23","14","37","798","796","1594","2.3"
"10032","Masone","LIGURIA","Genova","GE","16010","44.5022","8.71568","403","29.8","1865","1785","3650","65","43","108","1930","1828","3758","2.9"
"10033","Mele","LIGURIA","Genova","GE","16010","44.4429","8.74813","125","16.9","1349","1286","2635","37","15","52","1386","1301","2687","1.9"
"10034","Mezzanego","LIGURIA","Genova","GE","16046","44.3854","9.37847","83","28.8","682","680","1362","144","118","262","826","798","1624","16.1"
"10035","Mignanego","LIGURIA","Genova","GE","16018","44.528","8.91543","137","18.4","1817","1803","3620","77","59","136","1894","1862","3756","3.6"
"10036","Moconesi","LIGURIA","Genova","GE","16047","44.4365","9.19951","132","16.1","1199","1214","2413","135","147","282","1334","1361","2695","10.5"
"10037","Moneglia","LIGURIA","Genova","GE","16030","44.2391","9.48862","4","15.4","1435","1285","2720","114","56","170","1549","1341","2890","5.9"
"10038","Montebruno","LIGURIA","Genova","GE","16025","44.5253","9.24711","655","17.5","90","121","211","3","3","6","93","124","217","2.8"
"10039","Montoggio","LIGURIA","Genova","GE","16026","44.5146","9.04729","438","46.3","1002","984","1986","39","37","76","1041","1021","2062","3.7"
"10040","Ne","LIGURIA","Genova","GE","16040","44.3561","9.39173","68","64.1","1076","1093","2169","105","87","192","1181","1180","2361","8.1"
"10041","Neirone","LIGURIA","Genova","GE","16040","44.4702","9.20098","342","29.6","440","505","945","20","19","39","460","524","984","4.0"
"10042","Orero","LIGURIA","Genova","GE","16040","44.4087","9.26822","169","15.9","279","286","565","18","21","39","297","307","604","6.5"
"10043","Pieve Ligure","LIGURIA","Genova","GE","16030","44.3758","9.08271","70","3.4","1262","1222","2484","65","33","98","1327","1255","2582","3.8"
"10044","Portofino","LIGURIA","Genova","GE","16034","44.3032","9.20979","5","2.6","206","210","416","22","15","37","228","225","453","8.2"
"10045","Propata","LIGURIA","Genova","GE","16027","44.5655","9.17883","990","16.8","68","88","156","1","4","5","69","92","161","3.1"
"10046","Rapallo","LIGURIA","Genova","GE","16035","44.3498","9.23389","5","33.6","14288","12356","26644","1391","1191","2582","15679","13547","29226","8.8"
"10047","Recco","LIGURIA","Genova","GE","16036","44.3614","9.14375","5","9.7","5122","4508","9630","297","179","476","5419","4687","10106","4.7"
"10048","Rezzoaglio","LIGURIA","Genova","GE","16048","44.5257","9.38648","700","105.2","531","525","1056","13","11","24","544","536","1080","2.2"
"10049","Ronco Scrivia","LIGURIA","Genova","GE","16019","44.6161","8.94452","334","30.5","2177","2099","4276","153","129","282","2330","2228","4558","6.2"
"10050","Rondanina","LIGURIA","Genova","GE","16025","44.5483","9.2176","981","12.6","27","42","69","0","0","0","27","42","69","0.0"
"10051","Rossiglione","LIGURIA","Genova","GE","16010","44.5673","8.66898","297","47.2","1432","1342","2774","98","60","158","1530","1402","2932","5.4"
"10052","Rovegno","LIGURIA","Genova","GE","16028","44.5771","9.27647","658","45.1","240","263","503","36","29","65","276","292","568","11.4"
"10053","San Colombano Certenoli","LIGURIA","Genova","GE","16040","44.373","9.30383","45","41.2","1225","1281","2506","96","85","181","1321","1366","2687","6.7"
"10054","Santa Margherita Ligure","LIGURIA","Genova","GE","16038","44.3346","9.21366","13","9.8","4875","4230","9105","359","245","604","5234","4475","9709","6.2"
"10055","Sant'Olcese","LIGURIA","Genova","GE","16010","44.4923","8.97672","155","21.9","2947","2851","5798","80","33","113","3027","2884","5911","1.9"
"10056","Santo Stefano d'Aveto","LIGURIA","Genova","GE","16049","44.5458","9.45106","1.012","55.3","586","597","1183","20","14","34","606","611","1217","2.8"
"10057","Savignone","LIGURIA","Genova","GE","16010","44.564","8.9927","471","21.8","1547","1537","3084","82","60","142","1629","1597","3226","4.4"
"10058","Serra Riccò","LIGURIA","Genova","GE","16010","44.5322","8.93706","187","26.2","3930","3816","7746","103","82","185","4033","3898","7931","2.3"
"10059","Sestri Levante","LIGURIA","Genova","GE","16039","44.2764","9.40083","10","33.5","9203","8199","17402","450","320","770","9653","8519","18172","4.2"
"10060","Sori","LIGURIA","Genova","GE","16030","44.3719","9.10115","14","13.1","2196","2022","4218","111","75","186","2307","2097","4404","4.2"
"10061","Tiglieto","LIGURIA","Genova","GE","16010","44.5174","8.62748","500","24.5","270","287","557","12","11","23","282","298","580","4.0"
"10062","Torriglia","LIGURIA","Genova","GE","16029","44.5109","9.16321","769","58.8","1165","1142","2307","48","37","85","1213","1179","2392","3.6"
"10063","Tribogna","LIGURIA","Genova","GE","16030","44.4139","9.19614","279","7.1","280","291","571","29","20","49","309","311","620","7.9"
"10064","Uscio","LIGURIA","Genova","GE","16030","44.416","9.15605","361","9.6","1073","1068","2141","79","55","134","1152","1123","2275","5.9"
"10065","Valbrevenna","LIGURIA","Genova","GE","16010","44.5549","9.06259","533","35.1","355","442","797","10","5","15","365","447","812","1.8"
"10066","Vobbia","LIGURIA","Genova","GE","16010","44.5931","9.06817","477","33.2","212","247","459","4","0","4","216","247","463","0.9"
"10067","Zoagli","LIGURIA","Genova","GE","16030","44.3365","9.26817","17","7.6","1241","1171","2412","62","42","104","1303","1213","2516","4.1"
"11001","Ameglia","LIGURIA","La Spezia","SP","19031","44.0677","9.95559","89","14.4","2245","2028","4273","127","84","211","2372","2112","4484","4.7"
"11002","Arcola","LIGURIA","La Spezia","SP","19021","44.1134","9.9046","70","16.4","5048","4765","9813","284","219","503","5332","4984","10316","4.9"
"11003","Beverino","LIGURIA","La Spezia","SP","19020","44.198","9.78559","73","36.0","1203","1141","2344","34","25","59","1237","1166","2403","2.5"
"11004","Bolano","LIGURIA","La Spezia","SP","19020","44.1869","9.89462","317","14.7","3740","3631","7371","202","186","388","3942","3817","7759","5.0"
"11005","Bonassola","LIGURIA","La Spezia","SP","19011","44.1821","9.58352","6","9.3","492","439","931","35","29","64","527","468","995","6.4"
"11006","Borghetto di Vara","LIGURIA","La Spezia","SP","19020","44.2229","9.71969","104","27.3","486","463","949","32","27","59","518","490","1008","5.9"
"11007","Brugnato","LIGURIA","La Spezia","SP","19020","44.2404","9.71974","115","12.0","603","583","1186","44","36","80","647","619","1266","6.3"
"11008","Calice al Cornoviglio","LIGURIA","La Spezia","SP","19020","44.2445","9.83768","405","34.1","543","538","1081","36","29","65","579","567","1146","5.7"
"11009","Carro","LIGURIA","La Spezia","SP","19012","44.2732","9.60449","178","33.6","287","283","570","10","0","10","297","283","580","1.7"
"11010","Carrodano","LIGURIA","La Spezia","SP","19020","44.2404","9.65768","215","21.0","245","267","512","8","1","9","253","268","521","1.7"
"11011","Castelnuovo Magra","LIGURIA","La Spezia","SP","19033","44.1016","10.0174","181","14.9","4066","3825","7891","213","165","378","4279","3990","8269","4.6"
"11012","Deiva Marina","LIGURIA","La Spezia","SP","19013","44.216","9.51531","15","14.2","724","659","1383","31","24","55","755","683","1438","3.8"
"11013","Follo","LIGURIA","La Spezia","SP","19020","44.1678","9.84618","30","23.1","2994","2937","5931","198","208","406","3192","3145","6337","6.4"
"11014","Framura","LIGURIA","La Spezia","SP","19014","44.2067","9.55603","76","18.9","352","309","661","16","6","22","368","315","683","3.2"
"11015","La Spezia","LIGURIA","La Spezia","SP","19100","44.1025","9.82408","3","51.7","44443","39525","83968","4752","3939","8691","49195","43464","92659","9.4"
"11016","Lerici","LIGURIA","La Spezia","SP","19032","44.0756","9.91693","10","16.0","5185","4494","9679","252","159","411","5437","4653","10090","4.1"
"11017","Levanto","LIGURIA","La Spezia","SP","19015","44.1686","9.61065","3","38.1","2803","2544","5347","112","50","162","2915","2594","5509","2.9"
"11018","Maissana","LIGURIA","La Spezia","SP","19010","44.3365","9.53527","575","45.4","289","342","631","15","13","28","304","355","659","4.2"
"11019","Monterosso al Mare","LIGURIA","La Spezia","SP","19016","44.1551","9.66198","12","11.3","737","638","1375","69","37","106","806","675","1481","7.2"
"11020","Ortonovo","LIGURIA","La Spezia","SP","19034","44.0894","10.0542","76","13.8","4101","3902","8003","220","182","402","4321","4084","8405","4.8"
"11021","Pignone","LIGURIA","La Spezia","SP","19020","44.1794","9.72412","189","16.2","290","284","574","14","11","25","304","295","599","4.2"
"11022","Portovenere","LIGURIA","La Spezia","SP","19025","44.0495","9.83377","8","7.7","1846","1793","3639","47","16","63","1893","1809","3702","1.7"
"11023","Riccò del Golfo di Spezia","LIGURIA","La Spezia","SP","19020","44.1548","9.76442","148","36.9","1739","1695","3434","64","39","103","1803","1734","3537","2.9"
"11024","Riomaggiore","LIGURIA","La Spezia","SP","19017","44.1108","9.73999","35","10.3","828","768","1596","46","27","73","874","795","1669","4.4"
"11025","Rocchetta di Vara","LIGURIA","La Spezia","SP","19020","44.2525","9.75636","220","32.3","356","386","742","27","16","43","383","402","785","5.5"
"11026","Santo Stefano di Magra","LIGURIA","La Spezia","SP","19037","44.1613","9.91565","50","14.0","4249","4027","8276","297","217","514","4546","4244","8790","5.8"
"11027","Sarzana","LIGURIA","La Spezia","SP","19038","44.1114","9.96312","21","34.3","10762","9943","20705","672","452","1124","11434","10395","21829","5.1"
"11028","Sesta Godano","LIGURIA","La Spezia","SP","19020","44.2918","9.67358","242","69.4","704","695","1399","37","16","53","741","711","1452","3.7"
"11029","Varese Ligure","LIGURIA","La Spezia","SP","19028","44.3779","9.59124","353","136.6","1058","974","2032","49","22","71","1107","996","2103","3.4"
"11030","Vernazza","LIGURIA","La Spezia","SP","19018","44.1429","9.6954","3","12.3","456","434","890","37","14","51","493","448","941","5.4"
"11031","Vezzano Ligure","LIGURIA","La Spezia","SP","19020","44.1401","9.89059","271","18.4","3646","3442","7088","171","132","303","3817","3574","7391","4.1"
"11032","Zignago","LIGURIA","La Spezia","SP","19020","44.2978","9.73965","472","27.9","260","246","506","9","9","18","269","255","524","3.4"
"12001","Agra","LOMBARDIA","Varese","VA","21010","46.0347","8.77269","655","3.0","157","169","326","24","29","53","181","198","379","14.0"
"12002","Albizzate","LOMBARDIA","Varese","VA","21041","45.7209","8.80284","334","3.8","2539","2380","4919","177","196","373","2716","2576","5292","7.0"
"12003","Angera","LOMBARDIA","Varese","VA","21021","45.7736","8.58133","205","17.6","2631","2456","5087","277","258","535","2908","2714","5622","9.5"
"12004","Arcisate","LOMBARDIA","Varese","VA","21051","45.8602","8.85941","381","12.2","4753","4526","9279","310","261","571","5063","4787","9850","5.8"
"12005","Arsago Seprio","LOMBARDIA","Varese","VA","21010","45.6893","8.73597","290","10.4","2283","2278","4561","148","136","284","2431","2414","4845","5.9"
"12006","Azzate","LOMBARDIA","Varese","VA","21022","45.7775","8.79893","332","4.7","2147","2103","4250","159","145","304","2306","2248","4554","6.7"
"12007","Azzio","LOMBARDIA","Varese","VA","21030","45.8867","8.70725","399","2.3","357","373","730","37","35","72","394","408","802","9.0"
"12008","Barasso","LOMBARDIA","Varese","VA","21020","45.8401","8.75692","401","4.0","840","738","1578","75","57","132","915","795","1710","7.7"
"12009","Bardello","LOMBARDIA","Varese","VA","21020","45.8348","8.69814","263","2.3","756","678","1434","59","57","116","815","735","1550","7.5"
"12010","Bedero Valcuvia","LOMBARDIA","Varese","VA","21039","45.9114","8.79427","520","2.6","304","300","604","33","30","63","337","330","667","9.4"
"12011","Besano","LOMBARDIA","Varese","VA","21050","45.8883","8.88854","350","3.6","1261","1267","2528","51","24","75","1312","1291","2603","2.9"
"12012","Besnate","LOMBARDIA","Varese","VA","21010","45.6984","8.76504","300","7.7","2634","2576","5210","136","118","254","2770","2694","5464","4.6"
"12013","Besozzo","LOMBARDIA","Varese","VA","21023","45.8436","8.67085","258","13.5","4225","3922","8147","453","394","847","4678","4316","8994","9.4"
"12014","Biandronno","LOMBARDIA","Varese","VA","21024","45.8187","8.71142","262","8.3","1610","1513","3123","92","70","162","1702","1583","3285","4.9"
"12015","Bisuschio","LOMBARDIA","Varese","VA","21050","45.874","8.87119","345","7.1","2090","1993","4083","111","73","184","2201","2066","4267","4.3"
"12016","Bodio Lomnago","LOMBARDIA","Varese","VA","21020","45.7905","8.74778","273","4.5","978","979","1957","96","66","162","1074","1045","2119","7.6"
"12017","Brebbia","LOMBARDIA","Varese","VA","21020","45.8286","8.64919","225","6.3","1563","1508","3071","163","128","291","1726","1636","3362","8.7"
"12018","Bregano","LOMBARDIA","Varese","VA","21020","45.8254","8.69016","303","2.3","373","387","760","38","41","79","411","428","839","9.4"
"12019","Brenta","LOMBARDIA","Varese","VA","21030","45.8932","8.68709","276","4.3","818","815","1633","82","83","165","900","898","1798","9.2"
"12020","Brezzo di Bedero","LOMBARDIA","Varese","VA","21010","45.9778","8.70901","352","8.2","537","562","1099","44","42","86","581","604","1185","7.3"
"12021","Brinzio","LOMBARDIA","Varese","VA","21030","45.8891","8.78875","510","6.4","394","445","839","20","14","34","414","459","873","3.9"
"12022","Brissago-Valtravaglia","LOMBARDIA","Varese","VA","21030","45.9497","8.74874","429","6.3","590","580","1170","42","38","80","632","618","1250","6.4"
"12023","Brunello","LOMBARDIA","Varese","VA","21020","45.766","8.79539","411","1.6","491","492","983","29","18","47","520","510","1030","4.6"
"12024","Brusimpiano","LOMBARDIA","Varese","VA","21050","45.9493","8.8893","289","5.9","552","548","1100","72","36","108","624","584","1208","8.9"
"12025","Buguggiate","LOMBARDIA","Varese","VA","21020","45.7792","8.80782","306","2.6","1550","1466","3016","68","31","99","1618","1497","3115","3.2"
"12026","Busto Arsizio","LOMBARDIA","Varese","VA","21052","45.6119","8.85313","226","30.3","38507","35429","73936","3105","2651","5756","41612","38080","79692","7.2"
"12027","Cadegliano-Viconago","LOMBARDIA","Varese","VA","21031","45.967","8.84064","414","10.3","852","845","1697","92","78","170","944","923","1867","9.1"
"12028","Cadrezzate","LOMBARDIA","Varese","VA","21020","45.7971","8.64364","281","5.0","816","781","1597","110","111","221","926","892","1818","12.2"
"12029","Cairate","LOMBARDIA","Varese","VA","21050","45.6907","8.86913","273","11.3","3726","3712","7438","200","192","392","3926","3904","7830","5.0"
"12030","Cantello","LOMBARDIA","Varese","VA","21050","45.821","8.89596","404","9.1","2212","2164","4376","106","87","193","2318","2251","4569","4.2"
"12031","Caravate","LOMBARDIA","Varese","VA","21032","45.8755","8.64818","296","5.1","1189","1225","2414","106","92","198","1295","1317","2612","7.6"
"12032","Cardano al Campo","LOMBARDIA","Varese","VA","21010","45.6456","8.77167","240","9.4","6764","6426","13190","477","469","946","7241","6895","14136","6.7"
"12033","Carnago","LOMBARDIA","Varese","VA","21040","45.7225","8.84125","354","6.2","3154","3031","6185","176","141","317","3330","3172","6502","4.9"
"12034","Caronno Pertusella","LOMBARDIA","Varese","VA","21042","45.5985","9.04504","194","8.6","7750","7551","15301","585","511","1096","8335","8062","16397","6.7"
"12035","Caronno Varesino","LOMBARDIA","Varese","VA","21040","45.7431","8.83136","403","5.6","2338","2310","4648","150","142","292","2488","2452","4940","5.9"
"12036","Casale Litta","LOMBARDIA","Varese","VA","21020","45.7667","8.74197","382","10.7","1301","1249","2550","52","50","102","1353","1299","2652","3.8"
"12037","Casalzuigno","LOMBARDIA","Varese","VA","21030","45.9067","8.71101","350","7.3","603","602","1205","42","57","99","645","659","1304","7.6"
"12038","Casciago","LOMBARDIA","Varese","VA","21020","45.8334","8.78169","426","4.0","1900","1775","3675","104","86","190","2004","1861","3865","4.9"
"12039","Casorate Sempione","LOMBARDIA","Varese","VA","21011","45.6741","8.74008","282","6.9","2783","2638","5421","162","143","305","2945","2781","5726","5.3"
"12040","Cassano Magnago","LOMBARDIA","Varese","VA","21012","45.6717","8.82726","261","12.2","10246","9706","19952","753","681","1434","10999","10387","21386","6.7"
"12041","Cassano Valcuvia","LOMBARDIA","Varese","VA","21030","45.9314","8.76874","296","4.1","319","287","606","30","29","59","349","316","665","8.9"
"12042","Castellanza","LOMBARDIA","Varese","VA","21053","45.6054","8.8915","216","6.9","6932","6334","13266","539","439","978","7471","6773","14244","6.9"
"12043","Castello Cabiaglio","LOMBARDIA","Varese","VA","21030","45.8915","8.75661","514","7.1","237","253","490","20","20","40","257","273","530","7.5"
"12044","Castelseprio","LOMBARDIA","Varese","VA","21050","45.7169","8.86276","310","3.9","647","615","1262","12","7","19","659","622","1281","1.5"
"12045","Castelveccana","LOMBARDIA","Varese","VA","21010","45.9408","8.65905","257","21.0","983","916","1899","57","44","101","1040","960","2000","5.1"
"12046","Castiglione Olona","LOMBARDIA","Varese","VA","21043","45.7526","8.87141","307","7.1","3760","3677","7437","209","190","399","3969","3867","7836","5.1"
"12047","Castronno","LOMBARDIA","Varese","VA","21040","45.7477","8.81191","325","3.7","2518","2473","4991","138","119","257","2656","2592","5248","4.9"
"12048","Cavaria con Premezzo","LOMBARDIA","Varese","VA","21044","45.6946","8.80295","268","3.2","2577","2540","5117","305","291","596","2882","2831","5713","10.4"
"12049","Cazzago Brabbia","LOMBARDIA","Varese","VA","21020","45.7959","8.73485","265","3.9","394","388","782","21","25","46","415","413","828","5.6"
"12050","Cislago","LOMBARDIA","Varese","VA","21040","45.6608","8.974","237","10.9","4569","4534","9103","457","424","881","5026","4958","9984","8.8"
"12051","Cittiglio","LOMBARDIA","Varese","VA","21033","45.8967","8.66453","254","11.5","1803","1788","3591","208","173","381","2011","1961","3972","9.6"
"12052","Clivio","LOMBARDIA","Varese","VA","21050","45.8643","8.93095","468","2.9","971","921","1892","34","16","50","1005","937","1942","2.6"
"12053","Cocquio-Trevisago","LOMBARDIA","Varese","VA","21034","45.8601","8.68601","291","9.6","2269","2117","4386","184","186","370","2453","2303","4756","7.8"
"12054","Comabbio","LOMBARDIA","Varese","VA","21020","45.77","8.67477","307","4.8","553","571","1124","45","25","70","598","596","1194","5.9"
"12055","Comerio","LOMBARDIA","Varese","VA","21025","45.8415","8.74691","382","5.7","1254","1137","2391","125","100","225","1379","1237","2616","8.6"
"12056","Cremenaga","LOMBARDIA","Varese","VA","21030","45.9901","8.80422","272","4.6","367","361","728","24","16","40","391","377","768","5.2"
"12057","Crosio della Valle","LOMBARDIA","Varese","VA","21020","45.7595","8.76984","322","1.5","298","288","586","17","8","25","315","296","611","4.1"
"12058","Cuasso al Monte","LOMBARDIA","Varese","VA","21050","45.9158","8.88026","530","16.4","1745","1708","3453","91","60","151","1836","1768","3604","4.2"
"12059","Cugliate-Fabiasco","LOMBARDIA","Varese","VA","21030","45.9494","8.81292","516","6.7","1433","1454","2887","95","92","187","1528","1546","3074","6.1"
"12060","Cunardo","LOMBARDIA","Varese","VA","21035","45.9344","8.80352","450","6.0","1324","1273","2597","157","133","290","1481","1406","2887","10.0"
"12061","Curiglia con Monteviasco","LOMBARDIA","Varese","VA","21010","46.0618","8.80469","670","11.3","88","91","179","8","3","11","96","94","190","5.8"
"12062","Cuveglio","LOMBARDIA","Varese","VA","21030","45.9044","8.73321","294","7.7","1642","1508","3150","133","114","247","1775","1622","3397","7.3"
"12063","Cuvio","LOMBARDIA","Varese","VA","21030","45.8977","8.73404","309","5.9","784","759","1543","81","74","155","865","833","1698","9.1"
"12064","Daverio","LOMBARDIA","Varese","VA","21020","45.778","8.77045","327","4.0","1509","1425","2934","82","59","141","1591","1484","3075","4.6"
"12065","Dumenza","LOMBARDIA","Varese","VA","21010","46.0185","8.78777","411","18.5","678","693","1371","39","23","62","717","716","1433","4.3"
"12066","Duno","LOMBARDIA","Varese","VA","21030","45.9128","8.74005","530","2.5","71","81","152","5","2","7","76","83","159","4.4"
"12067","Fagnano Olona","LOMBARDIA","Varese","VA","21054","45.6683","8.86676","265","8.7","5821","5625","11446","358","337","695","6179","5962","12141","5.7"
"12068","Ferno","LOMBARDIA","Varese","VA","21010","45.6125","8.75771","211","8.5","3146","3123","6269","241","276","517","3387","3399","6786","7.6"
"12069","Ferrera di Varese","LOMBARDIA","Varese","VA","21030","45.9314","8.78718","299","1.5","312","342","654","22","17","39","334","359","693","5.6"
"12070","Gallarate","LOMBARDIA","Varese","VA","21013","45.6602","8.7918","238","21.0","22944","21021","43965","3268","3223","6491","26212","24244","50456","12.9"
"12071","Galliate Lombardo","LOMBARDIA","Varese","VA","21020","45.7851","8.77045","335","3.7","486","459","945","26","11","37","512","470","982","3.8"
"12072","Gavirate","LOMBARDIA","Varese","VA","21026","45.8459","8.71223","261","13.3","4476","4158","8634","316","259","575","4792","4417","9209","6.2"
"12073","Gazzada Schianno","LOMBARDIA","Varese","VA","21045","45.7798","8.83566","368","4.8","2238","2120","4358","151","135","286","2389","2255","4644","6.2"
"12074","Gemonio","LOMBARDIA","Varese","VA","21036","45.8841","8.68036","303","3.7","1332","1268","2600","146","137","283","1478","1405","2883","9.8"
"12075","Gerenzano","LOMBARDIA","Varese","VA","21040","45.6397","9.00074","226","9.8","4852","4749","9601","403","407","810","5255","5156","10411","7.8"
"12076","Germignaga","LOMBARDIA","Varese","VA","21010","45.991","8.72347","204","6.2","1764","1691","3455","155","114","269","1919","1805","3724","7.2"
"12077","Golasecca","LOMBARDIA","Varese","VA","21010","45.6969","8.65565","280","7.4","1254","1246","2500","87","66","153","1341","1312","2653","5.8"
"12078","Gorla Maggiore","LOMBARDIA","Varese","VA","21050","45.6651","8.89678","258","5.3","2418","2435","4853","116","112","228","2534","2547","5081","4.5"
"12079","Gorla Minore","LOMBARDIA","Varese","VA","21055","45.6435","8.89871","237","7.7","3919","3883","7802","315","281","596","4234","4164","8398","7.1"
"12080","Gornate-Olona","LOMBARDIA","Varese","VA","21040","45.7424","8.85977","303","4.8","1068","1073","2141","41","45","86","1109","1118","2227","3.9"
"12081","Grantola","LOMBARDIA","Varese","VA","21030","45.9485","8.77268","250","2.1","579","579","1158","59","54","113","638","633","1271","8.9"
"12082","Inarzo","LOMBARDIA","Varese","VA","21020","45.7842","8.7351","261","2.4","518","506","1024","23","26","49","541","532","1073","4.6"
"12083","Induno Olona","LOMBARDIA","Varese","VA","21056","45.8507","8.83851","394","12.5","4956","4730","9686","341","309","650","5297","5039","10336","6.3"
"12084","Ispra","LOMBARDIA","Varese","VA","21027","45.814","8.61208","220","15.8","2356","2199","4555","330","293","623","2686","2492","5178","12.0"
"12085","Jerago con Orago","LOMBARDIA","Varese","VA","21040","45.7062","8.79848","324","4.0","2428","2339","4767","166","151","317","2594","2490","5084","6.2"
"12086","Lavena Ponte Tresa","LOMBARDIA","Varese","VA","21037","45.9671","8.85853","275","4.4","2598","2430","5028","236","150","386","2834","2580","5414","7.1"
"12087","Laveno-Mombello","LOMBARDIA","Varese","VA","21014","45.8887","8.63057","205","25.9","4367","3813","8180","381","344","725","4748","4157","8905","8.1"
"12088","Leggiuno","LOMBARDIA","Varese","VA","21038","45.8748","8.62076","240","13.2","1677","1607","3284","159","128","287","1836","1735","3571","8.0"
"12089","Lonate Ceppino","LOMBARDIA","Varese","VA","21050","45.7048","8.87667","287","4.8","2331","2292","4623","134","103","237","2465","2395","4860","4.9"
"12090","Lonate Pozzolo","LOMBARDIA","Varese","VA","21015","45.5993","8.7538","205","29.1","5541","5421","10962","377","409","786","5918","5830","11748","6.7"
"12091","Lozza","LOMBARDIA","Varese","VA","21040","45.7752","8.85691","329","1.7","593","604","1197","25","15","40","618","619","1237","3.2"
"12092","Luino","LOMBARDIA","Varese","VA","21016","46.0018","8.7464","202","21.0","6944","6450","13394","501","381","882","7445","6831","14276","6.2"
"12093","Luvinate","LOMBARDIA","Varese","VA","21020","45.8387","8.77158","425","4.2","601","621","1222","54","33","87","655","654","1309","6.6"
"12094","Maccagno","LOMBARDIA","Varese","VA","21010","46.0519","8.74352","210","17.0","936","873","1809","102","73","175","1038","946","1984","8.8"
"12095","Malgesso","LOMBARDIA","Varese","VA","21020","45.8278","8.6796","291","2.8","604","608","1212","41","45","86","645","653","1298","6.6"
"12096","Malnate","LOMBARDIA","Varese","VA","21046","45.7971","8.88274","355","8.8","7933","7345","15278","715","611","1326","8648","7956","16604","8.0"
"12097","Marchirolo","LOMBARDIA","Varese","VA","21030","45.9522","8.83595","500","5.5","1570","1520","3090","141","150","291","1711","1670","3381","8.6"
"12098","Marnate","LOMBARDIA","Varese","VA","21050","45.6291","8.89831","227","4.8","3565","3407","6972","170","157","327","3735","3564","7299","4.5"
"12099","Marzio","LOMBARDIA","Varese","VA","21030","45.9379","8.85921","728","2.0","138","159","297","2","4","6","140","163","303","2.0"
"12100","Masciago Primo","LOMBARDIA","Varese","VA","21030","45.9171","8.78197","343","2.0","130","130","260","11","19","30","141","149","290","10.3"
"12101","Mercallo","LOMBARDIA","Varese","VA","21020","45.7491","8.66943","277","5.3","853","871","1724","58","45","103","911","916","1827","5.6"
"12102","Mesenzana","LOMBARDIA","Varese","VA","21030","45.9478","8.75744","305","4.9","716","701","1417","39","30","69","755","731","1486","4.6"
"12103","Montegrino Valtravaglia","LOMBARDIA","Varese","VA","21010","45.9737","8.76769","525","10.3","668","678","1346","47","21","68","715","699","1414","4.8"
"12104","Monvalle","LOMBARDIA","Varese","VA","21020","45.8552","8.63439","226","4.1","912","868","1780","88","76","164","1000","944","1944","8.4"
"12105","Morazzone","LOMBARDIA","Varese","VA","21040","45.765","8.83149","432","5.5","2103","1996","4099","106","98","204","2209","2094","4303","4.7"
"12106","Mornago","LOMBARDIA","Varese","VA","21020","45.7502","8.75383","281","12.4","2315","2321","4636","106","92","198","2421","2413","4834","4.1"
"12107","Oggiona con Santo Stefano","LOMBARDIA","Varese","VA","21040","45.6976","8.81643","284","2.7","2018","1978","3996","143","156","299","2161","2134","4295","7.0"
"12108","Olgiate Olona","LOMBARDIA","Varese","VA","21057","45.6333","8.88761","239","7.3","5865","5620","11485","383","347","730","6248","5967","12215","6.0"
"12109","Origgio","LOMBARDIA","Varese","VA","21040","45.5985","9.01508","194","8.1","3650","3536","7186","138","92","230","3788","3628","7416","3.1"
"12110","Orino","LOMBARDIA","Varese","VA","21030","45.886","8.7206","456","3.8","379","390","769","39","32","71","418","422","840","8.5"
"12111","Osmate","LOMBARDIA","Varese","VA","21018","45.7911","8.65718","333","3.4","340","329","669","59","44","103","399","373","772","13.3"
"12112","Pino sulla Sponda del Lago Maggiore","LOMBARDIA","Varese","VA","21010","46.0939","8.76636","289","7.1","90","110","200","8","2","10","98","112","210","4.8"
"12113","Porto Ceresio","LOMBARDIA","Varese","VA","21050","45.9047","8.90907","280","5.1","1428","1329","2757","133","111","244","1561","1440","3001","8.1"
"12114","Porto Valtravaglia","LOMBARDIA","Varese","VA","21010","45.959","8.70327","199","16.0","1163","1060","2223","73","52","125","1236","1112","2348","5.3"
"12115","Rancio Valcuvia","LOMBARDIA","Varese","VA","21030","45.9148","8.77261","296","4.5","411","434","845","50","40","90","461","474","935","9.6"
"12116","Ranco","LOMBARDIA","Varese","VA","21020","45.7976","8.57323","214","6.4","572","514","1086","121","119","240","693","633","1326","18.1"
"12117","Saltrio","LOMBARDIA","Varese","VA","21050","45.8742","8.92153","543","3.5","1504","1430","2934","50","29","79","1554","1459","3013","2.6"
"12118","Samarate","LOMBARDIA","Varese","VA","21017","45.626","8.78703","221","16.0","7700","7423","15123","511","534","1045","8211","7957","16168","6.5"
"12119","Saronno","LOMBARDIA","Varese","VA","21047","45.6242","9.03596","212","10.8","18400","16673","35073","1893","1632","3525","20293","18305","38598","9.1"
"12120","Sesto Calende","LOMBARDIA","Varese","VA","21018","45.7307","8.6366","198","23.9","4994","4664","9658","585","576","1161","5579","5240","10819","10.7"
"12121","Solbiate Arno","LOMBARDIA","Varese","VA","21048","45.7186","8.81412","325","3.0","1996","1941","3937","192","145","337","2188","2086","4274","7.9"
"12122","Solbiate Olona","LOMBARDIA","Varese","VA","21058","45.6552","8.88294","247","4.9","2706","2664","5370","103","106","209","2809","2770","5579","3.7"
"12123","Somma Lombardo","LOMBARDIA","Varese","VA","21019","45.6827","8.7068","282","30.5","7919","7472","15391","759","755","1514","8678","8227","16905","9.0"
"12124","Sumirago","LOMBARDIA","Varese","VA","21040","45.7386","8.78126","392","11.5","3036","2921","5957","152","145","297","3188","3066","6254","4.7"
"12125","Taino","LOMBARDIA","Varese","VA","21020","45.7632","8.61633","262","7.8","1690","1660","3350","207","205","412","1897","1865","3762","11.0"
"12126","Ternate","LOMBARDIA","Varese","VA","21020","45.7838","8.69181","281","5.1","1203","1152","2355","56","63","119","1259","1215","2474","4.8"
"12127","Tradate","LOMBARDIA","Varese","VA","21049","45.7115","8.90707","303","21.2","8499","8003","16502","651","576","1227","9150","8579","17729","6.9"
"12128","Travedona-Monate","LOMBARDIA","Varese","VA","21028","45.8042","8.66529","273","9.1","1926","1826","3752","142","128","270","2068","1954","4022","6.7"
"12129","Tronzano Lago Maggiore","LOMBARDIA","Varese","VA","21010","46.0888","8.73426","342","11.0","105","109","214","29","11","40","134","120","254","15.7"
"12130","Uboldo","LOMBARDIA","Varese","VA","21040","45.6142","9.00436","205","10.6","4848","4860","9708","374","364","738","5222","5224","10446","7.1"
"12131","Valganna","LOMBARDIA","Varese","VA","21039","45.9024","8.82288","460","12.5","738","722","1460","66","58","124","804","780","1584","7.8"
"12132","Varano Borghi","LOMBARDIA","Varese","VA","21020","45.7759","8.70403","281","3.3","1142","1050","2192","110","116","226","1252","1166","2418","9.3"
"12133","Varese","LOMBARDIA","Varese","VA","21100","45.8206","8.82506","382","54.9","37708","33589","71297","4568","3928","8496","42276","37517","79793","10.6"
"12134","Vedano Olona","LOMBARDIA","Varese","VA","21040","45.7772","8.88721","360","7.1","3541","3362","6903","218","180","398","3759","3542","7301","5.5"
"12135","Veddasca","LOMBARDIA","Varese","VA","21010","46.0702","8.79266","896","16.6","129","108","237","9","4","13","138","112","250","5.2"
"12136","Venegono Inferiore","LOMBARDIA","Varese","VA","21040","45.738","8.90047","320","5.8","2991","2885","5876","200","162","362","3191","3047","6238","5.8"
"12137","Venegono Superiore","LOMBARDIA","Varese","VA","21040","45.7548","8.90176","331","6.9","3380","3304","6684","265","231","496","3645","3535","7180","6.9"
"12138","Vergiate","LOMBARDIA","Varese","VA","21029","45.7224","8.69757","270","21.6","4300","4159","8459","282","226","508","4582","4385","8967","5.7"
"12139","Viggiù","LOMBARDIA","Varese","VA","21059","45.8754","8.91162","482","9.3","2601","2406","5007","111","89","200","2712","2495","5207","3.8"
"12140","Vizzola Ticino","LOMBARDIA","Varese","VA","21010","45.6258","8.69654","196","7.9","266","267","533","5","38","43","271","305","576","7.5"
"12141","Sangiano","LOMBARDIA","Varese","VA","21038","45.8774","8.62978","223","2.2","688","710","1398","73","65","138","761","775","1536","9.0"
"13003","Albavilla","LOMBARDIA","Como","CO","22031","45.8029","9.18803","429","10.6","3119","2912","6031","130","94","224","3249","3006","6255","3.6"
"13004","Albese con Cassano","LOMBARDIA","Como","CO","22032","45.7936","9.16899","402","8.1","2024","1926","3950","115","99","214","2139","2025","4164","5.1"
"13005","Albiolo","LOMBARDIA","Como","CO","22070","45.8064","8.93509","423","2.9","1279","1291","2570","58","51","109","1337","1342","2679","4.1"
"13006","Alserio","LOMBARDIA","Como","CO","22040","45.7809","9.1997","265","1.9","554","556","1110","35","31","66","589","587","1176","5.6"
"13007","Alzate Brianza","LOMBARDIA","Como","CO","22040","45.7695","9.18246","371","7.7","2434","2407","4841","95","83","178","2529","2490","5019","3.5"
"13009","Anzano del Parco","LOMBARDIA","Como","CO","22040","45.7697","9.19761","329","3.3","879","835","1714","24","19","43","903","854","1757","2.4"
"13010","Appiano Gentile","LOMBARDIA","Como","CO","22070","45.7347","8.98489","366","12.9","3768","3592","7360","221","137","358","3989","3729","7718","4.6"
"13011","Argegno","LOMBARDIA","Como","CO","22010","45.9424","9.12983","210","4.3","297","304","601","37","29","66","334","333","667","9.9"
"13012","Arosio","LOMBARDIA","Como","CO","22060","45.717","9.21615","292","2.7","2415","2321","4736","131","120","251","2546","2441","4987","5.0"
"13013","Asso","LOMBARDIA","Como","CO","22033","45.8615","9.26966","427","6.5","1726","1610","3336","142","147","289","1868","1757","3625","8.0"
"13015","Barni","LOMBARDIA","Como","CO","22030","45.9125","9.26614","627","5.9","253","259","512","41","44","85","294","303","597","14.2"
"13019","Bellagio","LOMBARDIA","Como","CO","22021","45.9889","9.26541","229","26.6","1445","1302","2747","169","151","320","1614","1453","3067","10.4"
"13021","Bene Lario","LOMBARDIA","Como","CO","22010","46.0292","9.18407","377","5.7","158","160","318","13","11","24","171","171","342","7.0"
"13022","Beregazzo con Figliaro","LOMBARDIA","Como","CO","22070","45.7713","8.95675","423","3.8","1255","1204","2459","71","47","118","1326","1251","2577","4.6"
"13023","Binago","LOMBARDIA","Como","CO","22070","45.7829","8.92358","431","6.9","2246","2299","4545","124","107","231","2370","2406","4776","4.8"
"13024","Bizzarone","LOMBARDIA","Como","CO","22020","45.8354","8.94169","436","2.7","718","715","1433","49","35","84","767","750","1517","5.5"
"13025","Blessagno","LOMBARDIA","Como","CO","22028","45.9602","9.0976","762","3.6","135","140","275","5","4","9","140","144","284","3.2"
"13026","Blevio","LOMBARDIA","Como","CO","22020","45.8387","9.10832","231","5.9","589","535","1124","41","20","61","630","555","1185","5.1"
"13028","Bregnano","LOMBARDIA","Como","CO","22070","45.6962","9.06045","298","6.2","2879","2901","5780","219","230","449","3098","3131","6229","7.2"
"13029","Brenna","LOMBARDIA","Como","CO","22040","45.7452","9.18672","356","4.9","962","1010","1972","18","21","39","980","1031","2011","1.9"
"13030","Brienno","LOMBARDIA","Como","CO","22010","45.9164","9.12444","203","9.1","192","189","381","14","7","21","206","196","402","5.2"
"13032","Brunate","LOMBARDIA","Como","CO","22034","45.8201","9.09704","715","2.0","821","800","1621","84","61","145","905","861","1766","8.2"
"13034","Bulgarograsso","LOMBARDIA","Como","CO","22070","45.7468","9.00955","317","3.9","1812","1850","3662","100","121","221","1912","1971","3883","5.7"
"13035","Cabiate","LOMBARDIA","Como","CO","22060","45.6747","9.17412","237","3.2","3430","3411","6841","282","289","571","3712","3700","7412","7.7"
"13036","Cadorago","LOMBARDIA","Como","CO","22071","45.7246","9.03833","313","7.1","3587","3477","7064","299","268","567","3886","3745","7631","7.4"
"13037","Caglio","LOMBARDIA","Como","CO","22030","45.8718","9.23697","800","6.5","210","195","405","14","11","25","224","206","430","5.8"
"13038","Cagno","LOMBARDIA","Como","CO","22070","45.8122","8.92015","405","3.5","1003","1000","2003","34","21","55","1037","1021","2058","2.7"
"13040","Campione d'Italia","LOMBARDIA","Como","CO","22060","45.9743","8.96916","273","2.6","823","858","1681","284","193","477","1107","1051","2158","22.1"
"13041","Cantù","LOMBARDIA","Como","CO","22063","45.7368","9.12538","369","23.2","18125","17172","35297","1740","1680","3420","19865","18852","38717","8.8"
"13042","Canzo","LOMBARDIA","Como","CO","22035","45.8486","9.2727","402","11.2","2423","2278","4701","191","217","408","2614","2495","5109","8.0"
"13043","Capiago Intimiano","LOMBARDIA","Como","CO","22070","45.7638","9.13032","421","5.7","2695","2622","5317","115","93","208","2810","2715","5525","3.8"
"13044","Carate Urio","LOMBARDIA","Como","CO","22010","45.8732","9.12748","204","6.9","614","552","1166","35","15","50","649","567","1216","4.1"
"13045","Carbonate","LOMBARDIA","Como","CO","22070","45.6837","8.93894","267","5.2","1375","1406","2781","70","54","124","1445","1460","2905","4.3"
"13046","Carimate","LOMBARDIA","Como","CO","22060","45.7035","9.10875","265","5.2","2083","2018","4101","115","111","226","2198","2129","4327","5.2"
"13047","Carlazzo","LOMBARDIA","Como","CO","22010","46.0493","9.1579","481","12.7","1427","1369","2796","103","73","176","1530","1442","2972","5.9"
"13048","Carugo","LOMBARDIA","Como","CO","22060","45.7083","9.19571","270","4.1","2964","2876","5840","198","205","403","3162","3081","6243","6.5"
"13050","Casasco d'Intelvi","LOMBARDIA","Como","CO","22022","45.9438","9.07644","822","4.0","196","184","380","20","18","38","216","202","418","9.1"
"13052","Caslino d'Erba","LOMBARDIA","Como","CO","22030","45.8389","9.22739","427","7.0","800","765","1565","63","64","127","863","829","1692","7.5"
"13053","Casnate con Bernate","LOMBARDIA","Como","CO","22070","45.7558","9.07377","342","5.4","2364","2402","4766","82","67","149","2446","2469","4915","3.0"
"13055","Cassina Rizzardi","LOMBARDIA","Como","CO","22070","45.7524","9.02836","317","3.5","1523","1433","2956","132","87","219","1655","1520","3175","6.9"
"13058","Castelmarte","LOMBARDIA","Como","CO","22030","45.8337","9.23834","459","1.9","603","641","1244","18","24","42","621","665","1286","3.3"
"13059","Castelnuovo Bozzente","LOMBARDIA","Como","CO","22070","45.7627","8.93996","398","3.7","439","429","868","15","6","21","454","435","889","2.4"
"13060","Castiglione d'Intelvi","LOMBARDIA","Como","CO","22023","45.9567","9.0899","650","4.3","480","513","993","34","30","64","514","543","1057","6.1"
"13061","Cavallasca","LOMBARDIA","Como","CO","22020","45.8145","9.03194","400","2.7","1411","1357","2768","73","73","146","1484","1430","2914","5.0"
"13062","Cavargna","LOMBARDIA","Como","CO","22010","46.1102","9.10392","1.071","15.1","121","121","242","0","0","0","121","121","242","0.0"
"13063","Cerano d'Intelvi","LOMBARDIA","Como","CO","22020","45.9478","9.08955","630","5.5","262","238","500","20","16","36","282","254","536","6.7"
"13064","Cermenate","LOMBARDIA","Como","CO","22072","45.7022","9.08209","297","8.1","4363","4161","8524","266","233","499","4629","4394","9023","5.5"
"13065","Cernobbio","LOMBARDIA","Como","CO","22012","45.8404","9.07531","201","11.7","3313","3101","6414","241","175","416","3554","3276","6830","6.1"
"13068","Cirimido","LOMBARDIA","Como","CO","22070","45.7003","9.01274","290","2.6","929","918","1847","127","135","262","1056","1053","2109","12.4"
"13070","Civenna","LOMBARDIA","Como","CO","22030","45.9395","9.27265","627","5.2","341","327","668","35","26","61","376","353","729","8.4"
"13071","Claino con Osteno","LOMBARDIA","Como","CO","22010","46.0033","9.08717","280","13.1","262","258","520","18","5","23","280","263","543","4.2"
"13074","Colonno","LOMBARDIA","Como","CO","22010","45.9583","9.15601","215","5.7","227","226","453","40","36","76","267","262","529","14.4"
"13075","Como","LOMBARDIA","Como","CO","22100","45.8081","9.08518","201","37.3","38441","34313","72754","5036","4255","9291","43477","38568","82045","11.3"
"13077","Corrido","LOMBARDIA","Como","CO","22010","46.0485","9.13568","483","6.3","404","391","795","30","16","46","434","407","841","5.5"
"13083","Cremia","LOMBARDIA","Como","CO","22010","46.0841","9.26503","323","10.2","341","341","682","10","17","27","351","358","709","3.8"
"13084","Cucciago","LOMBARDIA","Como","CO","22060","45.7405","9.0962","349","5.0","1619","1660","3279","90","81","171","1709","1741","3450","5.0"
"13085","Cusino","LOMBARDIA","Como","CO","22010","46.1037","9.18483","800","9.7","121","109","230","3","5","8","124","114","238","3.4"
"13087","Dizzasco","LOMBARDIA","Como","CO","22020","45.9452","9.10071","506","3.6","270","245","515","29","21","50","299","266","565","8.8"
"13089","Domaso","LOMBARDIA","Como","CO","22013","46.1507","9.3257","216","6.1","722","676","1398","29","28","57","751","704","1455","3.9"
"13090","Dongo","LOMBARDIA","Como","CO","22014","46.1228","9.27954","208","7.5","1701","1595","3296","107","86","193","1808","1681","3489","5.5"
"13092","Dosso del Liro","LOMBARDIA","Como","CO","22010","46.1637","9.27252","650","23.2","134","139","273","2","0","2","136","139","275","0.7"
"13093","Drezzo","LOMBARDIA","Como","CO","22020","45.8136","8.99835","285","1.9","597","586","1183","27","21","48","624","607","1231","3.9"
"13095","Erba","LOMBARDIA","Como","CO","22036","45.8116","9.22673","320","18.1","7925","7249","15174","696","633","1329","8621","7882","16503","8.1"
"13097","Eupilio","LOMBARDIA","Como","CO","22030","45.816","9.26426","383","6.5","1329","1334","2663","61","45","106","1390","1379","2769","3.8"
"13098","Faggeto Lario","LOMBARDIA","Como","CO","22020","45.8626","9.14984","533","18.1","574","584","1158","39","38","77","613","622","1235","6.2"
"13099","Faloppio","LOMBARDIA","Como","CO","22020","45.8044","8.97953","376","4.2","2058","2088","4146","73","55","128","2131","2143","4274","3.0"
"13100","Fenegrò","LOMBARDIA","Como","CO","22070","45.7006","8.99818","290","5.4","1471","1421","2892","134","121","255","1605","1542","3147","8.1"
"13101","Figino Serenza","LOMBARDIA","Como","CO","22060","45.7098","9.13097","329","5.0","2526","2485","5011","111","104","215","2637","2589","5226","4.1"
"13102","Fino Mornasco","LOMBARDIA","Como","CO","22073","45.7451","9.05244","334","7.3","4350","4371","8721","433","415","848","4783","4786","9569","8.9"
"13106","Garzeno","LOMBARDIA","Como","CO","22010","46.1344","9.24676","662","29.1","419","423","842","6","4","10","425","427","852","1.2"
"13107","Gera Lario","LOMBARDIA","Como","CO","22010","46.1691","9.37038","201","6.7","472","503","975","21","20","41","493","523","1016","4.0"
"13109","Gironico","LOMBARDIA","Como","CO","22020","45.7991","9.00413","370","4.5","1073","1011","2084","100","71","171","1173","1082","2255","7.6"
"13110","Grandate","LOMBARDIA","Como","CO","22070","45.7753","9.05747","324","2.8","1426","1320","2746","61","55","116","1487","1375","2862","4.1"
"13111","Grandola ed Uniti","LOMBARDIA","Como","CO","22010","46.0409","9.19838","443","17.3","598","637","1235","48","30","78","646","667","1313","5.9"
"13113","Griante","LOMBARDIA","Como","CO","22011","46.0034","9.23528","247","6.1","297","276","573","23","27","50","320","303","623","8.0"
"13114","Guanzate","LOMBARDIA","Como","CO","22070","45.723","9.01214","342","6.9","2684","2647","5331","188","186","374","2872","2833","5705","6.6"
"13118","Inverigo","LOMBARDIA","Como","CO","22044","45.7356","9.23074","346","10.0","4328","4184","8512","231","183","414","4559","4367","8926","4.6"
"13119","Laglio","LOMBARDIA","Como","CO","22010","45.8865","9.1384","202","6.1","454","418","872","29","16","45","483","434","917","4.9"
"13120","Laino","LOMBARDIA","Como","CO","22020","45.9849","9.07656","671","6.8","229","256","485","22","10","32","251","266","517","6.2"
"13121","Lambrugo","LOMBARDIA","Como","CO","22045","45.7604","9.24157","280","1.9","1145","1155","2300","82","87","169","1227","1242","2469","6.8"
"13122","Lanzo d'Intelvi","LOMBARDIA","Como","CO","22024","45.9819","9.02219","907","10.0","649","642","1291","78","51","129","727","693","1420","9.1"
"13123","Lasnigo","LOMBARDIA","Como","CO","22030","45.8819","9.26722","570","5.6","207","199","406","24","32","56","231","231","462","12.1"
"13125","Lenno","LOMBARDIA","Como","CO","22016","45.9744","9.19678","209","9.7","873","849","1722","70","41","111","943","890","1833","6.1"
"13126","Lezzeno","LOMBARDIA","Como","CO","22025","45.945","9.1826","202","22.5","971","907","1878","96","78","174","1067","985","2052","8.5"
"13128","Limido Comasco","LOMBARDIA","Como","CO","22070","45.6913","8.97671","276","4.5","1710","1758","3468","149","176","325","1859","1934","3793","8.6"
"13129","Lipomo","LOMBARDIA","Como","CO","22030","45.7954","9.12544","384","2.5","2741","2683","5424","184","192","376","2925","2875","5800","6.5"
"13130","Livo","LOMBARDIA","Como","CO","22010","46.1689","9.3034","675","32.5","80","105","185","3","2","5","83","107","190","2.6"
"13131","Locate Varesino","LOMBARDIA","Como","CO","22070","45.6906","8.93122","274","5.8","1947","1950","3897","166","153","319","2113","2103","4216","7.6"
"13133","Lomazzo","LOMBARDIA","Como","CO","22074","45.6984","9.03654","296","9.4","4416","4125","8541","361","292","653","4777","4417","9194","7.1"
"13134","Longone al Segrino","LOMBARDIA","Como","CO","22030","45.8185","9.25135","368","1.5","865","863","1728","29","23","52","894","886","1780","2.9"
"13135","Luisago","LOMBARDIA","Como","CO","22070","45.7608","9.03834","327","2.2","1286","1257","2543","76","67","143","1362","1324","2686","5.3"
"13136","Lurago d'Erba","LOMBARDIA","Como","CO","22040","45.752","9.22214","351","4.7","2532","2509","5041","157","137","294","2689","2646","5335","5.5"
"13137","Lurago Marinone","LOMBARDIA","Como","CO","22070","45.7051","8.984","294","3.8","1118","1118","2236","104","116","220","1222","1234","2456","9.0"
"13138","Lurate Caccivio","LOMBARDIA","Como","CO","22075","45.7713","8.99889","322","5.9","4756","4497","9253","331","338","669","5087","4835","9922","6.7"
"13139","Magreglio","LOMBARDIA","Como","CO","22030","45.9218","9.26237","744","3.2","316","284","600","25","20","45","341","304","645","7.0"
"13143","Mariano Comense","LOMBARDIA","Como","CO","22066","45.6982","9.18245","252","13.7","11064","10677","21741","872","887","1759","11936","11564","23500","7.5"
"13144","Maslianico","LOMBARDIA","Como","CO","22026","45.8427","9.04723","225","1.3","1583","1505","3088","130","87","217","1713","1592","3305","6.6"
"13145","Menaggio","LOMBARDIA","Como","CO","22017","46.0217","9.23883","203","13.2","1511","1391","2902","158","122","280","1669","1513","3182","8.8"
"13147","Merone","LOMBARDIA","Como","CO","22046","45.7819","9.24591","284","3.3","1903","1868","3771","180","204","384","2083","2072","4155","9.2"
"13148","Mezzegra","LOMBARDIA","Como","CO","22010","45.9896","9.19825","206","3.4","476","440","916","50","48","98","526","488","1014","9.7"
"13152","Moltrasio","LOMBARDIA","Como","CO","22010","45.8631","9.09895","247","8.9","802","777","1579","41","20","61","843","797","1640","3.7"
"13153","Monguzzo","LOMBARDIA","Como","CO","22040","45.7803","9.22676","320","3.7","1040","1034","2074","74","82","156","1114","1116","2230","7.0"
"13154","Montano Lucino","LOMBARDIA","Como","CO","22070","45.7928","9.02097","331","5.2","2268","2204","4472","177","126","303","2445","2330","4775","6.3"
"13155","Montemezzo","LOMBARDIA","Como","CO","22010","46.1851","9.36904","522","9.1","122","136","258","1","2","3","123","138","261","1.1"
"13157","Montorfano","LOMBARDIA","Como","CO","22030","45.785","9.1458","414","3.5","1271","1224","2495","71","53","124","1342","1277","2619","4.7"
"13159","Mozzate","LOMBARDIA","Como","CO","22076","45.6754","8.95069","255","10.4","3822","3647","7469","370","369","739","4192","4016","8208","9.0"
"13160","Musso","LOMBARDIA","Como","CO","22010","46.1127","9.27652","201","4.1","484","494","978","23","18","41","507","512","1019","4.0"
"13161","Nesso","LOMBARDIA","Como","CO","22020","45.9106","9.15915","300","15.0","571","539","1110","67","64","131","638","603","1241","10.6"
"13163","Novedrate","LOMBARDIA","Como","CO","22060","45.6997","9.12094","277","2.8","1331","1340","2671","95","107","202","1426","1447","2873","7.0"
"13165","Olgiate Comasco","LOMBARDIA","Como","CO","22077","45.7838","8.96687","415","10.9","5530","5263","10793","332","276","608","5862","5539","11401","5.3"
"13169","Oltrona di San Mamette","LOMBARDIA","Como","CO","22070","45.759","8.97268","370","2.7","1106","1062","2168","61","60","121","1167","1122","2289","5.3"
"13170","Orsenigo","LOMBARDIA","Como","CO","22030","45.7781","9.18072","390","4.5","1343","1335","2678","45","34","79","1388","1369","2757","2.9"
"13172","Ossuccio","LOMBARDIA","Como","CO","22010","45.9826","9.16642","235","8.0","481","462","943","14","16","30","495","478","973","3.1"
"13175","Parè","LOMBARDIA","Como","CO","22020","45.8129","9.01203","412","2.2","839","837","1676","46","26","72","885","863","1748","4.1"
"13178","Peglio","LOMBARDIA","Como","CO","22010","46.1606","9.29321","650","10.8","95","85","180","1","4","5","96","89","185","2.7"
"13179","Pellio Intelvi","LOMBARDIA","Como","CO","22020","45.9791","9.05623","750","10.2","437","426","863","73","68","141","510","494","1004","14.0"
"13183","Pianello del Lario","LOMBARDIA","Como","CO","22010","46.1011","9.26857","213","9.8","531","480","1011","17","13","30","548","493","1041","2.9"
"13184","Pigra","LOMBARDIA","Como","CO","22020","45.9576","9.12668","881","4.3","127","129","256","7","3","10","134","132","266","3.8"
"13185","Plesio","LOMBARDIA","Como","CO","22010","46.0465","9.22892","595","17.0","408","393","801","15","26","41","423","419","842","4.9"
"13186","Pognana Lario","LOMBARDIA","Como","CO","22020","45.8785","9.15788","307","5.0","379","357","736","16","12","28","395","369","764","3.7"
"13187","Ponna","LOMBARDIA","Como","CO","22020","45.9905","9.09446","870","6.0","138","122","260","3","4","7","141","126","267","2.6"
"13188","Ponte Lambro","LOMBARDIA","Como","CO","22037","45.8267","9.22194","305","3.4","2021","1856","3877","216","252","468","2237","2108","4345","10.8"
"13189","Porlezza","LOMBARDIA","Como","CO","22018","46.0352","9.1182","275","18.7","2174","2040","4214","243","204","447","2417","2244","4661","9.6"
"13192","Proserpio","LOMBARDIA","Como","CO","22030","45.828","9.24922","456","2.4","440","435","875","9","8","17","449","443","892","1.9"
"13193","Pusiano","LOMBARDIA","Como","CO","22030","45.8136","9.28666","264","3.2","638","629","1267","34","26","60","672","655","1327","4.5"
"13194","Ramponio Verna","LOMBARDIA","Como","CO","22020","45.9918","9.06632","667","4.9","183","207","390","12","9","21","195","216","411","5.1"
"13195","Rezzago","LOMBARDIA","Como","CO","22030","45.8595","9.23573","654","3.9","136","142","278","17","22","39","153","164","317","12.3"
"13197","Rodero","LOMBARDIA","Como","CO","22070","45.822","8.91375","394","2.5","572","574","1146","42","22","64","614","596","1210","5.3"
"13199","Ronago","LOMBARDIA","Como","CO","22027","45.8314","8.98147","357","2.1","838","858","1696","38","20","58","876","878","1754","3.3"
"13201","Rovellasca","LOMBARDIA","Como","CO","22069","45.6658","9.0544","244","3.5","3649","3435","7084","246","235","481","3895","3670","7565","6.4"
"13202","Rovello Porro","LOMBARDIA","Como","CO","22070","45.6516","9.03737","240","5.6","2770","2649","5419","305","311","616","3075","2960","6035","10.2"
"13203","Sala Comacina","LOMBARDIA","Como","CO","22010","45.9657","9.16851","213","5.3","322","245","567","24","23","47","346","268","614","7.7"
"13204","San Bartolomeo Val Cavargna","LOMBARDIA","Como","CO","22010","46.0831","9.14459","852","11.1","527","507","1034","5","2","7","532","509","1041","0.7"
"13205","San Fedele Intelvi","LOMBARDIA","Como","CO","22028","45.9704","9.07811","779","11.0","760","711","1471","148","133","281","908","844","1752","16.0"
"13206","San Fermo della Battaglia","LOMBARDIA","Como","CO","22020","45.8045","9.03915","397","3.1","2206","2066","4272","113","81","194","2319","2147","4466","4.3"
"13207","San Nazzaro Val Cavargna","LOMBARDIA","Como","CO","22010","46.0894","9.12747","995","13.3","165","170","335","3","0","3","168","170","338","0.9"
"13211","Schignano","LOMBARDIA","Como","CO","22020","45.9205","9.09682","600","10.2","412","435","847","15","12","27","427","447","874","3.1"
"13212","Senna Comasco","LOMBARDIA","Como","CO","22070","45.7638","9.11665","296","2.7","1518","1553","3071","53","47","100","1571","1600","3171","3.2"
"13215","Solbiate","LOMBARDIA","Como","CO","22070","45.7889","8.93359","445","4.1","1255","1196","2451","45","34","79","1300","1230","2530","3.1"
"13216","Sorico","LOMBARDIA","Como","CO","22010","46.1737","9.38325","201","23.3","606","584","1190","24","20","44","630","604","1234","3.6"
"13217","Sormano","LOMBARDIA","Como","CO","22030","45.8771","9.24682","775","11.0","276","300","576","25","32","57","301","332","633","9.0"
"13218","Stazzona","LOMBARDIA","Como","CO","22010","46.138","9.27398","515","7.5","313","318","631","2","1","3","315","319","634","0.5"
"13222","Tavernerio","LOMBARDIA","Como","CO","22038","45.8018","9.14781","460","12.0","2716","2642","5358","190","157","347","2906","2799","5705","6.1"
"13223","Torno","LOMBARDIA","Como","CO","22020","45.8579","9.11818","225","7.8","576","551","1127","47","29","76","623","580","1203","6.3"
"13225","Tremezzo","LOMBARDIA","Como","CO","22019","45.9882","9.21554","225","8.4","604","571","1175","49","34","83","653","605","1258","6.6"
"13226","Trezzone","LOMBARDIA","Como","CO","22010","46.1717","9.35246","430","4.0","113","118","231","5","1","6","118","119","237","2.5"
"13227","Turate","LOMBARDIA","Como","CO","22078","45.6568","9.00207","240","10.1","4178","3903","8081","412","480","892","4590","4383","8973","9.9"
"13228","Uggiate-Trevano","LOMBARDIA","Como","CO","22029","45.8209","8.97159","414","5.8","2163","2138","4301","87","63","150","2250","2201","4451","3.4"
"13229","Valbrona","LOMBARDIA","Como","CO","22039","45.8776","9.29858","494","13.9","1245","1204","2449","114","93","207","1359","1297","2656","7.8"
"13232","Valmorea","LOMBARDIA","Como","CO","22070","45.8194","8.93563","408","3.2","1304","1259","2563","56","37","93","1360","1296","2656","3.5"
"13233","Val Rezzo","LOMBARDIA","Como","CO","22010","46.0717","9.10344","1.044","6.6","83","94","177","2","0","2","85","94","179","1.1"
"13234","Valsolda","LOMBARDIA","Como","CO","22010","46.0328","9.0496","275","31.7","759","777","1536","66","45","111","825","822","1647","6.7"
"13236","Veleso","LOMBARDIA","Como","CO","22020","45.9088","9.18122","826","5.9","105","104","209","32","33","65","137","137","274","23.7"
"13238","Veniano","LOMBARDIA","Como","CO","22070","45.7182","8.98761","316","3.2","1380","1361","2741","73","73","146","1453","1434","2887","5.1"
"13239","Vercana","LOMBARDIA","Como","CO","22013","46.1597","9.33088","345","14.6","365","373","738","8","5","13","373","378","751","1.7"
"13242","Vertemate con Minoprio","LOMBARDIA","Como","CO","22070","45.7245","9.06886","342","5.8","1911","1883","3794","102","86","188","2013","1969","3982","4.7"
"13245","Villa Guardia","LOMBARDIA","Como","CO","22079","45.7734","9.02326","350","7.7","3693","3583","7276","303","214","517","3996","3797","7793","6.6"
"13246","Zelbio","LOMBARDIA","Como","CO","22020","45.905","9.17989","802","4.7","98","95","193","15","12","27","113","107","220","12.3"
"13248","San Siro","LOMBARDIA","Como","CO","22010","46.0596","9.25358","216","18.6","856","826","1682","46","30","76","902","856","1758","4.3"
"13249","Gravedona ed Uniti","LOMBARDIA","Como","CO","","46.1485","9.30857","201","40.8","2065","1959","4024","110","75","185","2175","2034","4209","4.4"
"14001","Albaredo per San Marco","LOMBARDIA","Sondrio","SO","23010","46.1024","9.59117","950","18.2","166","183","349","0","0","0","166","183","349","0.0"
"14002","Albosaggia","LOMBARDIA","Sondrio","SO","23010","46.1474","9.85374","490","34.3","1526","1513","3039","66","41","107","1592","1554","3146","3.4"
"14003","Andalo Valtellino","LOMBARDIA","Sondrio","SO","23014","46.1333","9.47435","229","6.7","247","262","509","19","24","43","266","286","552","7.8"
"14004","Aprica","LOMBARDIA","Sondrio","SO","23031","46.154","10.1524","1.172","20.5","789","729","1518","36","34","70","825","763","1588","4.4"
"14005","Ardenno","LOMBARDIA","Sondrio","SO","23011","46.1764","9.64451","266","17.0","1584","1547","3131","73","66","139","1657","1613","3270","4.3"
"14006","Bema","LOMBARDIA","Sondrio","SO","23010","46.1089","9.56511","800","19.8","63","67","130","0","0","0","63","67","130","0.0"
"14007","Berbenno di Valtellina","LOMBARDIA","Sondrio","SO","23010","46.1697","9.74637","370","35.7","2093","1980","4073","119","116","235","2212","2096","4308","5.5"
"14008","Bianzone","LOMBARDIA","Sondrio","SO","23030","46.1871","10.1081","444","17.3","615","598","1213","31","29","60","646","627","1273","4.7"
"14009","Bormio","LOMBARDIA","Sondrio","SO","23032","46.4664","10.3705","1.225","41.8","2012","1893","3905","79","52","131","2091","1945","4036","3.2"
"14010","Buglio in Monte","LOMBARDIA","Sondrio","SO","23010","46.1835","9.67708","577","27.8","1012","1048","2060","22","9","31","1034","1057","2091","1.5"
"14011","Caiolo","LOMBARDIA","Sondrio","SO","23010","46.1507","9.81856","335","33.4","525","488","1013","14","8","22","539","496","1035","2.1"
"14012","Campodolcino","LOMBARDIA","Sondrio","SO","23021","46.3992","9.35288","1.071","48.3","526","505","1031","4","2","6","530","507","1037","0.6"
"14013","Caspoggio","LOMBARDIA","Sondrio","SO","23020","46.2638","9.86451","1.098","6.8","768","729","1497","3","0","3","771","729","1500","0.2"
"14014","Castello dell'Acqua","LOMBARDIA","Sondrio","SO","23030","46.1446","10.0135","664","13.9","307","325","632","10","1","11","317","326","643","1.7"
"14015","Castione Andevenno","LOMBARDIA","Sondrio","SO","23012","46.1744","9.80129","468","17.2","744","774","1518","27","17","44","771","791","1562","2.8"
"14016","Cedrasco","LOMBARDIA","Sondrio","SO","23010","46.1504","9.76866","287","14.8","226","220","446","3","6","9","229","226","455","2.0"
"14017","Cercino","LOMBARDIA","Sondrio","SO","23016","46.1591","9.50809","487","6.2","354","353","707","29","18","47","383","371","754","6.2"
"14018","Chiavenna","LOMBARDIA","Sondrio","SO","23022","46.321","9.39766","333","11.1","3671","3275","6946","209","142","351","3880","3417","7297","4.8"
"14019","Chiesa in Valmalenco","LOMBARDIA","Sondrio","SO","23023","46.1663","9.87507","960","115.0","1267","1251","2518","36","37","73","1303","1288","2591","2.8"
"14020","Chiuro","LOMBARDIA","Sondrio","SO","23030","46.1718","9.99031","390","51.7","1264","1174","2438","48","38","86","1312","1212","2524","3.4"
"14021","Cino","LOMBARDIA","Sondrio","SO","23010","46.1582","9.48796","504","5.2","174","191","365","2","6","8","176","197","373","2.1"
"14022","Civo","LOMBARDIA","Sondrio","SO","23010","46.1539","9.56117","719","25.2","519","579","1098","12","4","16","531","583","1114","1.4"
"14023","Colorina","LOMBARDIA","Sondrio","SO","23010","46.1492","9.73566","302","18.0","680","706","1386","44","30","74","724","736","1460","5.1"
"14024","Cosio Valtellino","LOMBARDIA","Sondrio","SO","23013","46.135","9.52859","231","23.9","2525","2586","5111","141","148","289","2666","2734","5400","5.4"
"14025","Dazio","LOMBARDIA","Sondrio","SO","23010","46.161","9.60193","568","3.7","220","190","410","6","8","14","226","198","424","3.3"
"14026","Delebio","LOMBARDIA","Sondrio","SO","23014","46.1377","9.4653","218","22.5","1423","1392","2815","171","187","358","1594","1579","3173","11.3"
"14027","Dubino","LOMBARDIA","Sondrio","SO","23015","46.1539","9.46089","223","13.1","1666","1587","3253","142","156","298","1808","1743","3551","8.4"
"14028","Faedo Valtellino","LOMBARDIA","Sondrio","SO","23020","46.1403","9.89895","557","4.8","273","258","531","7","7","14","280","265","545","2.6"
"14029","Forcola","LOMBARDIA","Sondrio","SO","23010","46.1642","9.67985","289","15.7","417","397","814","12","9","21","429","406","835","2.5"
"14030","Fusine","LOMBARDIA","Sondrio","SO","23010","46.1506","9.75039","285","37.5","290","293","583","16","12","28","306","305","611","4.6"
"14031","Gerola Alta","LOMBARDIA","Sondrio","SO","23010","46.0596","9.55075","1.050","38.1","84","100","184","5","0","5","89","100","189","2.6"
"14032","Gordona","LOMBARDIA","Sondrio","SO","23020","46.2914","9.36593","283","49.0","936","905","1841","9","7","16","945","912","1857","0.9"
"14033","Grosio","LOMBARDIA","Sondrio","SO","23033","46.2982","10.2747","656","126.9","2368","2193","4561","35","23","58","2403","2216","4619","1.3"
"14034","Grosotto","LOMBARDIA","Sondrio","SO","23034","46.282","10.2595","590","53.1","822","770","1592","16","7","23","838","777","1615","1.4"
"14035","Madesimo","LOMBARDIA","Sondrio","SO","23024","46.4382","9.35977","1.399","85.3","254","277","531","5","4","9","259","281","540","1.7"
"14036","Lanzada","LOMBARDIA","Sondrio","SO","23020","46.2696","9.8721","983","116.0","666","699","1365","6","1","7","672","700","1372","0.5"
"14037","Livigno","LOMBARDIA","Sondrio","SO","23030","46.5386","10.1357","1.816","210.8","2618","2845","5463","284","229","513","2902","3074","5976","8.6"
"14038","Lovero","LOMBARDIA","Sondrio","SO","23030","46.2318","10.2274","515","13.4","318","322","640","16","11","27","334","333","667","4.0"
"14039","Mantello","LOMBARDIA","Sondrio","SO","23016","46.1514","9.48703","211","3.7","361","332","693","18","21","39","379","353","732","5.3"
"14040","Mazzo di Valtellina","LOMBARDIA","Sondrio","SO","23030","46.2592","10.2545","552","15.4","511","504","1015","14","12","26","525","516","1041","2.5"
"14041","Mello","LOMBARDIA","Sondrio","SO","23010","46.1545","9.54757","681","11.8","486","484","970","17","14","31","503","498","1001","3.1"
"14042","Menarola","LOMBARDIA","Sondrio","SO","23020","46.3047","9.3219","425","14.8","18","27","45","1","0","1","19","27","46","2.2"
"14043","Mese","LOMBARDIA","Sondrio","SO","23020","46.3091","9.38304","274","4.2","874","847","1721","18","8","26","892","855","1747","1.5"
"14044","Montagna in Valtellina","LOMBARDIA","Sondrio","SO","23020","46.1798","9.89454","567","48.6","1497","1429","2926","61","44","105","1558","1473","3031","3.5"
"14045","Morbegno","LOMBARDIA","Sondrio","SO","23017","46.1355","9.56607","262","15.4","5807","5462","11269","307","210","517","6114","5672","11786","4.4"
"14046","Novate Mezzola","LOMBARDIA","Sondrio","SO","23025","46.2232","9.44687","212","99.8","889","864","1753","35","26","61","924","890","1814","3.4"
"14047","Pedesina","LOMBARDIA","Sondrio","SO","23010","46.077","9.50922","1.032","6.3","15","14","29","1","0","1","16","14","30","3.3"
"14048","Piantedo","LOMBARDIA","Sondrio","SO","23010","46.1253","9.42093","215","6.7","628","608","1236","43","42","85","671","650","1321","6.4"
"14049","Piateda","LOMBARDIA","Sondrio","SO","23020","46.1596","9.93044","304","71.0","1133","1085","2218","54","37","91","1187","1122","2309","3.9"
"14050","Piuro","LOMBARDIA","Sondrio","SO","23020","46.3671","9.4445","382","85.5","956","958","1914","27","9","36","983","967","1950","1.8"
"14051","Poggiridenti","LOMBARDIA","Sondrio","SO","23020","46.1766","9.92881","564","2.9","918","913","1831","17","17","34","935","930","1865","1.8"
"14052","Ponte in Valtellina","LOMBARDIA","Sondrio","SO","23026","46.1767","9.98181","485","69.5","1134","1090","2224","47","33","80","1181","1123","2304","3.5"
"14053","Postalesio","LOMBARDIA","Sondrio","SO","23010","46.1739","9.77414","516","10.6","315","316","631","16","12","28","331","328","659","4.2"
"14054","Prata Camportaccio","LOMBARDIA","Sondrio","SO","23020","46.3098","9.39601","352","27.9","1390","1439","2829","55","37","92","1445","1476","2921","3.1"
"14055","Rasura","LOMBARDIA","Sondrio","SO","23010","46.1007","9.55345","762","5.5","134","152","286","4","2","6","138","154","292","2.1"
"14056","Rogolo","LOMBARDIA","Sondrio","SO","23010","46.0883","9.48914","216","13.0","259","256","515","20","29","49","279","285","564","8.7"
"14057","Samolaco","LOMBARDIA","Sondrio","SO","23027","46.2508","9.39265","213","45.2","1438","1391","2829","31","24","55","1469","1415","2884","1.9"
"14058","San Giacomo Filippo","LOMBARDIA","Sondrio","SO","23020","46.3377","9.36991","522","61.8","194","198","392","2","1","3","196","199","395","0.8"
"14059","Sernio","LOMBARDIA","Sondrio","SO","23030","46.2256","10.2029","632","9.6","236","233","469","17","14","31","253","247","500","6.2"
"14060","Sondalo","LOMBARDIA","Sondrio","SO","23035","46.3307","10.3282","939","96.1","2141","2012","4153","57","27","84","2198","2039","4237","2.0"
"14061","Sondrio","LOMBARDIA","Sondrio","SO","23100","46.1699","9.87877","307","20.4","10657","9400","20057","902","683","1585","11559","10083","21642","7.3"
"14062","Spriana","LOMBARDIA","Sondrio","SO","23020","46.22","9.86469","754","8.2","48","52","100","1","0","1","49","52","101","1.0"
"14063","Talamona","LOMBARDIA","Sondrio","SO","23018","46.1368","9.61058","285","21.2","2366","2300","4666","55","47","102","2421","2347","4768","2.1"
"14064","Tartano","LOMBARDIA","Sondrio","SO","23010","46.1075","9.67908","1.210","47.4","91","99","190","0","0","0","91","99","190","0.0"
"14065","Teglio","LOMBARDIA","Sondrio","SO","23036","46.1715","10.061","851","115.2","2245","2192","4437","108","109","217","2353","2301","4654","4.7"
"14066","Tirano","LOMBARDIA","Sondrio","SO","23037","46.2162","10.1696","441","32.5","4494","4107","8601","261","211","472","4755","4318","9073","5.2"
"14067","Torre di Santa Maria","LOMBARDIA","Sondrio","SO","23020","46.2326","9.85222","772","45.5","411","398","809","11","4","15","422","402","824","1.8"
"14068","Tovo di Sant'Agata","LOMBARDIA","Sondrio","SO","23030","46.2478","10.2479","526","11.0","303","314","617","6","1","7","309","315","624","1.1"
"14069","Traona","LOMBARDIA","Sondrio","SO","23019","46.1492","9.52469","252","6.2","1189","1227","2416","62","58","120","1251","1285","2536","4.7"
"14070","Tresivio","LOMBARDIA","Sondrio","SO","23020","46.1747","9.94468","504","15.0","977","958","1935","39","28","67","1016","986","2002","3.3"
"14071","Valdidentro","LOMBARDIA","Sondrio","SO","23038","46.4894","10.2945","1.350","244.4","1983","2017","4000","29","16","45","2012","2033","4045","1.1"
"14072","Valdisotto","LOMBARDIA","Sondrio","SO","23030","46.43","10.357","1.141","88.4","1722","1729","3451","44","38","82","1766","1767","3533","2.3"
"14073","Valfurva","LOMBARDIA","Sondrio","SO","23030","46.4637","10.4234","1.339","215.3","1346","1318","2664","26","13","39","1372","1331","2703","1.4"
"14074","Val Masino","LOMBARDIA","Sondrio","SO","23010","46.2182","9.6387","787","115.5","456","462","918","13","8","21","469","470","939","2.2"
"14075","Verceia","LOMBARDIA","Sondrio","SO","23020","46.1997","9.4519","200","11.2","522","540","1062","17","14","31","539","554","1093","2.8"
"14076","Vervio","LOMBARDIA","Sondrio","SO","23030","46.253","10.2404","549","12.6","101","101","202","4","3","7","105","104","209","3.3"
"14077","Villa di Chiavenna","LOMBARDIA","Sondrio","SO","23029","46.3304","9.48884","633","32.7","482","518","1000","21","9","30","503","527","1030","2.9"
"14078","Villa di Tirano","LOMBARDIA","Sondrio","SO","23030","46.2059","10.1341","400","24.6","1433","1410","2843","67","47","114","1500","1457","2957","3.9"
"15002","Abbiategrasso","LOMBARDIA","Milano","MI","20081","45.3991","8.91656","120","47.1","14719","13609","28328","1371","1295","2666","16090","14904","30994","8.6"
"15005","Albairate","LOMBARDIA","Milano","MI","20080","45.4232","8.93451","123","15.0","2169","2237","4406","131","84","215","2300","2321","4621","4.7"
"15007","Arconate","LOMBARDIA","Milano","MI","20020","45.5409","8.84802","178","8.4","3153","3083","6236","136","152","288","3289","3235","6524","4.4"
"15009","Arese","LOMBARDIA","Milano","MI","20020","45.5508","9.07792","160","6.5","9273","8929","18202","569","367","936","9842","9296","19138","4.9"
"15010","Arluno","LOMBARDIA","Milano","MI","20010","45.5057","8.94101","156","12.4","5401","5212","10613","453","429","882","5854","5641","11495","7.7"
"15011","Assago","LOMBARDIA","Milano","MI","20090","45.4062","9.12397","109","8.1","3865","3834","7699","241","184","425","4106","4018","8124","5.2"
"15012","Bareggio","LOMBARDIA","Milano","MI","20010","45.4791","8.99753","138","11.3","8209","7940","16149","499","387","886","8708","8327","17035","5.2"
"15014","Basiano","LOMBARDIA","Milano","MI","20060","45.5804","9.46302","161","4.6","1708","1701","3409","124","106","230","1832","1807","3639","6.3"
"15015","Basiglio","LOMBARDIA","Milano","MI","20080","45.3516","9.16668","97","8.5","3443","3421","6864","393","310","703","3836","3731","7567","9.3"
"15016","Bellinzago Lombardo","LOMBARDIA","Milano","MI","20060","45.5387","9.4479","129","4.5","1829","1761","3590","122","98","220","1951","1859","3810","5.8"
"15019","Bernate Ticino","LOMBARDIA","Milano","MI","20010","45.4756","8.81423","130","12.1","1476","1417","2893","89","89","178","1565","1506","3071","5.8"
"15022","Besate","LOMBARDIA","Milano","MI","20080","45.312","8.9688","104","12.7","959","952","1911","65","46","111","1024","998","2022","5.5"
"15024","Binasco","LOMBARDIA","Milano","MI","20082","45.3317","9.09961","101","3.9","3520","3249","6769","225","164","389","3745","3413","7158","5.4"
"15026","Boffalora sopra Ticino","LOMBARDIA","Milano","MI","20010","45.4691","8.8317","142","7.5","2001","1979","3980","122","93","215","2123","2072","4195","5.1"
"15027","Bollate","LOMBARDIA","Milano","MI","20021","45.5447","9.1177","156","13.1","17593","16381","33974","925","658","1583","18518","17039","35557","4.5"
"15032","Bresso","LOMBARDIA","Milano","MI","20091","45.5383","9.1876","142","3.4","12217","11253","23470","1185","1057","2242","13402","12310","25712","8.7"
"15035","Bubbiano","LOMBARDIA","Milano","MI","20080","45.3265","9.01516","106","3.0","1053","1053","2106","60","49","109","1113","1102","2215","4.9"
"15036","Buccinasco","LOMBARDIA","Milano","MI","20090","45.4082","9.10923","113","12.0","13003","12506","25509","574","420","994","13577","12926","26503","3.8"
"15038","Buscate","LOMBARDIA","Milano","MI","20010","45.5446","8.81355","178","7.9","2246","2154","4400","167","184","351","2413","2338","4751","7.4"
"15040","Bussero","LOMBARDIA","Milano","MI","20060","45.5361","9.3717","141","4.6","4151","3992","8143","215","174","389","4366","4166","8532","4.6"
"15041","Busto Garolfo","LOMBARDIA","Milano","MI","20020","45.5454","8.88337","180","12.8","6457","6251","12708","394","377","771","6851","6628","13479","5.7"
"15042","Calvignasco","LOMBARDIA","Milano","MI","20080","45.3259","9.02633","105","1.9","552","559","1111","29","42","71","581","601","1182","6.0"
"15044","Cambiago","LOMBARDIA","Milano","MI","20040","45.5722","9.42536","158","7.3","3022","3093","6115","215","178","393","3237","3271","6508","6.0"
"15046","Canegrate","LOMBARDIA","Milano","MI","20010","45.5659","8.92427","193","5.3","5972","5778","11750","391","297","688","6363","6075","12438","5.5"
"15050","Carpiano","LOMBARDIA","Milano","MI","20080","45.3415","9.27146","91","17.2","1845","1913","3758","124","94","218","1969","2007","3976","5.5"
"15051","Carugate","LOMBARDIA","Milano","MI","20061","45.5489","9.33912","149","5.4","6724","6575","13299","459","417","876","7183","6992","14175","6.2"
"15055","Casarile","LOMBARDIA","Milano","MI","20080","45.3171","9.10598","97","7.3","1823","1765","3588","165","114","279","1988","1879","3867","7.2"
"15058","Casorezzo","LOMBARDIA","Milano","MI","20010","45.5238","8.90237","166","6.6","2588","2535","5123","132","100","232","2720","2635","5355","4.3"
"15059","Cassano d'Adda","LOMBARDIA","Milano","MI","20062","45.5266","9.5141","133","18.5","8365","7997","16362","1151","1039","2190","9516","9036","18552","11.8"
"15060","Cassina de' Pecchi","LOMBARDIA","Milano","MI","20060","45.5184","9.36018","130","7.6","6291","5952","12243","532","431","963","6823","6383","13206","7.3"
"15061","Cassinetta di Lugagnano","LOMBARDIA","Milano","MI","20081","45.4262","8.91005","125","3.3","923","898","1821","40","23","63","963","921","1884","3.3"
"15062","Castano Primo","LOMBARDIA","Milano","MI","20022","45.5546","8.77724","182","19.1","5179","4837","10016","465","509","974","5644","5346","10990","8.9"
"15070","Cernusco sul Naviglio","LOMBARDIA","Milano","MI","20063","45.5279","9.33746","134","13.3","15236","14131","29367","795","535","1330","16031","14666","30697","4.3"
"15071","Cerro al Lambro","LOMBARDIA","Milano","MI","20070","45.331","9.34159","84","10.2","2365","2389","4754","114","88","202","2479","2477","4956","4.1"
"15072","Cerro Maggiore","LOMBARDIA","Milano","MI","20023","45.5953","8.9529","205","10.2","6999","6649","13648","551","536","1087","7550","7185","14735","7.4"
"15074","Cesano Boscone","LOMBARDIA","Milano","MI","20090","45.4457","9.0906","119","4.0","11031","10539","21570","985","843","1828","12016","11382","23398","7.8"
"15076","Cesate","LOMBARDIA","Milano","MI","20020","45.591","9.07822","194","5.7","6624","6354","12978","450","430","880","7074","6784","13858","6.4"
"15077","Cinisello Balsamo","LOMBARDIA","Milano","MI","20092","45.5584","9.21438","154","12.7","32094","29998","62092","4580","4456","9036","36674","34454","71128","12.7"
"15078","Cisliano","LOMBARDIA","Milano","MI","20080","45.4442","8.98739","128","14.7","2014","2051","4065","113","85","198","2127","2136","4263","4.6"
"15081","Cologno Monzese","LOMBARDIA","Milano","MI","20093","45.5286","9.27871","131","8.7","20505","19108","39613","3157","3016","6173","23662","22124","45786","13.5"
"15082","Colturano","LOMBARDIA","Milano","MI","20060","45.3802","9.34065","92","4.3","900","927","1827","68","57","125","968","984","1952","6.4"
"15085","Corbetta","LOMBARDIA","Milano","MI","20011","45.4696","8.91893","140","18.8","8197","7941","16138","667","655","1322","8864","8596","17460","7.6"
"15086","Cormano","LOMBARDIA","Milano","MI","20032","45.548","9.16044","149","4.5","9521","8880","18401","818","725","1543","10339","9605","19944","7.7"
"15087","Cornaredo","LOMBARDIA","Milano","MI","20010","45.5015","9.02393","140","13.6","9688","9223","18911","639","571","1210","10327","9794","20121","6.0"
"15093","Corsico","LOMBARDIA","Milano","MI","20094","45.4323","9.10923","115","5.4","15496","14277","29773","2012","1884","3896","17508","16161","33669","11.6"
"15096","Cuggiono","LOMBARDIA","Milano","MI","20012","45.5064","8.81522","157","14.8","3816","3616","7432","378","332","710","4194","3948","8142","8.7"
"15097","Cusago","LOMBARDIA","Milano","MI","20090","45.4481","9.03396","126","11.5","1769","1713","3482","64","51","115","1833","1764","3597","3.2"
"15098","Cusano Milanino","LOMBARDIA","Milano","MI","20095","45.5534","9.18446","152","3.1","9320","8449","17769","635","501","1136","9955","8950","18905","6.0"
"15099","Dairago","LOMBARDIA","Milano","MI","20020","45.5663","8.86603","194","5.6","2860","2756","5616","126","120","246","2986","2876","5862","4.2"
"15101","Dresano","LOMBARDIA","Milano","MI","20070","45.3726","9.3619","92","3.5","1407","1416","2823","107","93","200","1514","1509","3023","6.6"
"15103","Gaggiano","LOMBARDIA","Milano","MI","20083","45.4053","9.04197","117","26.7","4303","4164","8467","256","210","466","4559","4374","8933","5.2"
"15105","Garbagnate Milanese","LOMBARDIA","Milano","MI","20024","45.5756","9.07544","179","8.9","12657","12080","24737","835","690","1525","13492","12770","26262","5.8"
"15106","Gessate","LOMBARDIA","Milano","MI","20060","45.5566","9.43486","144","7.8","4047","3961","8008","348","308","656","4395","4269","8664","7.6"
"15108","Gorgonzola","LOMBARDIA","Milano","MI","20064","45.5308","9.40545","133","10.7","9149","8576","17725","928","749","1677","10077","9325","19402","8.6"
"15110","Grezzago","LOMBARDIA","Milano","MI","20056","45.5903","9.49389","180","2.5","1246","1285","2531","155","156","311","1401","1441","2842","10.9"
"15112","Gudo Visconti","LOMBARDIA","Milano","MI","20088","45.3748","9.00066","111","6.0","845","813","1658","37","16","53","882","829","1711","3.1"
"15113","Inveruno","LOMBARDIA","Milano","MI","20010","45.5139","8.85215","161","12.2","4168","3987","8155","237","217","454","4405","4204","8609","5.3"
"15114","Inzago","LOMBARDIA","Milano","MI","20065","45.5408","9.48083","137","12.1","4933","4795","9728","422","390","812","5355","5185","10540","7.7"
"15115","Lacchiarella","LOMBARDIA","Milano","MI","20084","45.322","9.1372","98","24.2","4009","3799","7808","288","294","582","4297","4093","8390","6.9"
"15116","Lainate","LOMBARDIA","Milano","MI","20020","45.574","9.02742","176","12.9","12059","11863","23922","661","471","1132","12720","12334","25054","4.5"
"15118","Legnano","LOMBARDIA","Milano","MI","20025","45.5983","8.91425","199","17.7","27044","25004","52048","2897","2702","5599","29941","27706","57647","9.7"
"15122","Liscate","LOMBARDIA","Milano","MI","20060","45.483","9.40922","115","9.4","1803","1872","3675","190","185","375","1993","2057","4050","9.3"
"15125","Locate di Triulzi","LOMBARDIA","Milano","MI","20085","45.3584","9.22153","96","12.3","4466","4289","8755","466","434","900","4932","4723","9655","9.3"
"15130","Magenta","LOMBARDIA","Milano","MI","20013","45.4655","8.88502","138","21.8","10914","10102","21016","979","882","1861","11893","10984","22877","8.1"
"15131","Magnago","LOMBARDIA","Milano","MI","20020","45.5777","8.81019","197","11.3","4331","4263","8594","244","247","491","4575","4510","9085","5.4"
"15134","Marcallo con Casone","LOMBARDIA","Milano","MI","20010","45.4852","8.87033","147","8.1","2863","2786","5649","184","199","383","3047","2985","6032","6.3"
"15136","Masate","LOMBARDIA","Milano","MI","20060","45.5677","9.46478","153","4.4","1538","1540","3078","132","102","234","1670","1642","3312","7.1"
"15139","Mediglia","LOMBARDIA","Milano","MI","20060","45.3952","9.33283","95","21.9","5427","5451","10878","607","595","1202","6034","6046","12080","10.0"
"15140","Melegnano","LOMBARDIA","Milano","MI","20077","45.3563","9.32146","88","4.9","7961","6948","14909","962","903","1865","8923","7851","16774","11.1"
"15142","Melzo","LOMBARDIA","Milano","MI","20066","45.5032","9.42209","118","9.7","8763","7909","16672","786","745","1531","9549","8654","18203","8.4"
"15144","Mesero","LOMBARDIA","Milano","MI","20010","45.5011","8.8577","154","5.7","1837","1847","3684","121","104","225","1958","1951","3909","5.8"
"15146","Milano","LOMBARDIA","Milano","MI","20100","45.4655","9.18652","122","182.1","567186","498634","1065820","93959","82344","176303","661145","580978","1242123","14.2"
"15150","Morimondo","LOMBARDIA","Milano","MI","20081","45.3553","8.95508","109","26.3","550","557","1107","36","40","76","586","597","1183","6.4"
"15151","Motta Visconti","LOMBARDIA","Milano","MI","20086","45.2874","8.99317","100","9.9","3643","3518","7161","222","218","440","3865","3736","7601","5.8"
"15154","Nerviano","LOMBARDIA","Milano","MI","20014","45.5536","8.97062","175","13.5","8249","7879","16128","540","421","961","8789","8300","17089","5.6"
"15155","Nosate","LOMBARDIA","Milano","MI","20020","45.5515","8.72591","177","5.0","337","319","656","14","19","33","351","338","689","4.8"
"15157","Novate Milanese","LOMBARDIA","Milano","MI","20026","45.5318","9.13972","148","5.5","9686","8972","18658","698","582","1280","10384","9554","19938","6.4"
"15158","Noviglio","LOMBARDIA","Milano","MI","20082","45.359","9.05117","105","15.6","2044","2084","4128","59","50","109","2103","2134","4237","2.6"
"15159","Opera","LOMBARDIA","Milano","MI","20090","45.3747","9.21201","101","7.6","6429","5943","12372","447","407","854","6876","6350","13226","6.5"
"15164","Ossona","LOMBARDIA","Milano","MI","20010","45.5057","8.90102","156","6.0","1900","1935","3835","137","162","299","2037","2097","4134","7.2"
"15165","Ozzero","LOMBARDIA","Milano","MI","20080","45.3656","8.92394","107","11.0","720","668","1388","46","33","79","766","701","1467","5.4"
"15166","Paderno Dugnano","LOMBARDIA","Milano","MI","20037","45.5712","9.16398","163","14.1","22243","21092","43335","1749","1478","3227","23992","22570","46562","6.9"
"15167","Pantigliate","LOMBARDIA","Milano","MI","20090","45.4395","9.35323","102","5.7","2787","2715","5502","190","149","339","2977","2864","5841","5.8"
"15168","Parabiago","LOMBARDIA","Milano","MI","20015","45.5582","8.94781","184","14.2","12763","12238","25001","891","725","1616","13654","12963","26617","6.1"
"15169","Paullo","LOMBARDIA","Milano","MI","20067","45.4168","9.40809","97","8.9","5108","4881","9989","521","504","1025","5629","5385","11014","9.3"
"15170","Pero","LOMBARDIA","Milano","MI","20016","45.5101","9.08468","144","5.0","4796","4512","9308","548","435","983","5344","4947","10291","9.6"
"15171","Peschiera Borromeo","LOMBARDIA","Milano","MI","20068","45.4363","9.33114","101","23.5","10703","10379","21082","718","454","1172","11421","10833","22254","5.3"
"15172","Pessano con Bornago","LOMBARDIA","Milano","MI","20060","45.5516","9.38822","148","6.6","4313","4201","8514","278","272","550","4591","4473","9064","6.1"
"15173","Pieve Emanuele","LOMBARDIA","Milano","MI","20090","45.3546","9.20301","97","13.1","6910","6800","13710","626","532","1158","7536","7332","14868","7.8"
"15175","Pioltello","LOMBARDIA","Milano","MI","20096","45.5014","9.33047","122","13.1","13920","13535","27455","3652","3959","7611","17572","17494","35066","21.7"
"15176","Pogliano Milanese","LOMBARDIA","Milano","MI","20010","45.5389","8.99559","164","4.7","3855","3807","7662","277","202","479","4132","4009","8141","5.9"
"15177","Pozzo d'Adda","LOMBARDIA","Milano","MI","20060","45.5759","9.50077","164","4.2","2490","2583","5073","310","284","594","2800","2867","5667","10.5"
"15178","Pozzuolo Martesana","LOMBARDIA","Milano","MI","20060","45.5135","9.45173","121","12.4","3831","3624","7455","284","244","528","4115","3868","7983","6.6"
"15179","Pregnana Milanese","LOMBARDIA","Milano","MI","20010","45.5183","9.01299","154","4.9","3267","3267","6534","186","147","333","3453","3414","6867","4.8"
"15181","Rescaldina","LOMBARDIA","Milano","MI","20027","45.6189","8.95511","220","8.2","6551","6373","12924","507","489","996","7058","6862","13920","7.2"
"15182","Rho","LOMBARDIA","Milano","MI","20017","45.5296","9.04161","158","22.3","23871","22542","46413","2034","1605","3639","25905","24147","50052","7.3"
"15183","Robecchetto con Induno","LOMBARDIA","Milano","MI","20020","45.5349","8.76344","172","14.0","2288","2269","4557","151","161","312","2439","2430","4869","6.4"
"15184","Robecco sul Naviglio","LOMBARDIA","Milano","MI","20087","45.4393","8.88676","129","20.4","3282","3286","6568","152","122","274","3434","3408","6842","4.0"
"15185","Rodano","LOMBARDIA","Milano","MI","20090","45.4764","9.35424","112","12.9","2119","2161","4280","137","109","246","2256","2270","4526","5.4"
"15188","Rosate","LOMBARDIA","Milano","MI","20088","45.3511","9.01736","107","18.7","2544","2465","5009","206","180","386","2750","2645","5395","7.2"
"15189","Rozzano","LOMBARDIA","Milano","MI","20089","45.376","9.14277","103","12.3","18877","17784","36661","1799","1523","3322","20676","19307","39983","8.3"
"15191","San Colombano al Lambro","LOMBARDIA","Milano","MI","20078","45.1828","9.48892","80","16.4","3455","3357","6812","270","254","524","3725","3611","7336","7.1"
"15192","San Donato Milanese","LOMBARDIA","Milano","MI","20097","45.4092","9.26849","102","12.8","14250","13597","27847","1701","1444","3145","15951","15041","30992","10.1"
"15194","San Giorgio su Legnano","LOMBARDIA","Milano","MI","20010","45.5782","8.91564","198","2.3","3158","3010","6168","310","252","562","3468","3262","6730","8.4"
"15195","San Giuliano Milanese","LOMBARDIA","Milano","MI","20098","45.3938","9.29201","98","30.7","15895","15308","31203","2377","2391","4768","18272","17699","35971","13.3"
"15200","Santo Stefano Ticino","LOMBARDIA","Milano","MI","20010","45.4887","8.91905","152","5.0","2275","2183","4458","186","157","343","2461","2340","4801","7.1"
"15201","San Vittore Olona","LOMBARDIA","Milano","MI","20028","45.587","8.94357","197","3.4","4000","3744","7744","293","217","510","4293","3961","8254","6.2"
"15202","San Zenone al Lambro","LOMBARDIA","Milano","MI","20070","45.3264","9.35644","83","7.3","1995","1981","3976","110","100","210","2105","2081","4186","5.0"
"15204","Sedriano","LOMBARDIA","Milano","MI","20018","45.4874","8.96973","145","7.9","5233","5178","10411","449","410","859","5682","5588","11270","7.6"
"15205","Segrate","LOMBARDIA","Milano","MI","20090","45.492","9.29813","115","17.4","15773","15019","30792","1505","1222","2727","17278","16241","33519","8.1"
"15206","Senago","LOMBARDIA","Milano","MI","20030","45.5764","9.12613","176","8.6","10001","9711","19712","642","560","1202","10643","10271","20914","5.7"
"15209","Sesto San Giovanni","LOMBARDIA","Milano","MI","20099","45.5328","9.22569","140","11.7","35299","31923","67222","4861","4431","9292","40160","36354","76514","12.1"
"15210","Settala","LOMBARDIA","Milano","MI","20090","45.4549","9.39276","108","17.5","3355","3358","6713","306","309","615","3661","3667","7328","8.4"
"15211","Settimo Milanese","LOMBARDIA","Milano","MI","20019","45.4867","9.05674","134","10.8","9419","8979","18398","440","310","750","9859","9289","19148","3.9"
"15213","Solaro","LOMBARDIA","Milano","MI","20020","45.618","9.0794","211","6.7","6419","6259","12678","595","617","1212","7014","6876","13890","8.7"
"15219","Trezzano Rosa","LOMBARDIA","Milano","MI","20060","45.5831","9.48866","170","3.5","2262","2228","4490","198","173","371","2460","2401","4861","7.6"
"15220","Trezzano sul Naviglio","LOMBARDIA","Milano","MI","20090","45.4267","9.06002","116","10.8","9568","9169","18737","689","592","1281","10257","9761","20018","6.4"
"15221","Trezzo sull'Adda","LOMBARDIA","Milano","MI","20056","45.6106","9.51568","187","12.8","5554","5151","10705","587","591","1178","6141","5742","11883","9.9"
"15222","Tribiano","LOMBARDIA","Milano","MI","20067","45.4127","9.37943","93","7.0","1555","1583","3138","93","81","174","1648","1664","3312","5.3"
"15224","Truccazzano","LOMBARDIA","Milano","MI","20060","45.4853","9.46591","108","22.2","2611","2768","5379","285","304","589","2896","3072","5968","9.9"
"15226","Turbigo","LOMBARDIA","Milano","MI","20029","45.533","8.73666","146","8.5","3439","3104","6543","394","452","846","3833","3556","7389","11.4"
"15229","Vanzago","LOMBARDIA","Milano","MI","20010","45.5268","8.99484","161","6.2","4300","4224","8524","239","151","390","4539","4375","8914","4.4"
"15230","Vaprio d'Adda","LOMBARDIA","Milano","MI","20069","45.5768","9.53114","161","7.1","3532","3407","6939","582","605","1187","4114","4012","8126","14.6"
"15235","Vermezzo","LOMBARDIA","Milano","MI","20080","45.396","8.97862","119","6.1","1851","1787","3638","110","81","191","1961","1868","3829","5.0"
"15236","Vernate","LOMBARDIA","Milano","MI","20080","45.316","9.06037","103","14.6","1501","1509","3010","85","86","171","1586","1595","3181","5.4"
"15237","Vignate","LOMBARDIA","Milano","MI","20060","45.4965","9.37501","121","8.7","4240","4143","8383","366","304","670","4606","4447","9053","7.4"
"15242","Vimodrone","LOMBARDIA","Milano","MI","20090","45.5146","9.28394","128","4.8","7711","7346","15057","757","612","1369","8468","7958","16426","8.3"
"15243","Vittuone","LOMBARDIA","Milano","MI","20010","45.4896","8.95645","146","6.0","4106","3891","7997","486","466","952","4592","4357","8949","10.6"
"15244","Vizzolo Predabissi","LOMBARDIA","Milano","MI","20070","45.3556","9.34758","90","5.7","1922","1888","3810","134","101","235","2056","1989","4045","5.8"
"15246","Zelo Surrigone","LOMBARDIA","Milano","MI","20080","45.3882","8.98463","113","4.4","739","679","1418","35","24","59","774","703","1477","4.0"
"15247","Zibido San Giacomo","LOMBARDIA","Milano","MI","20080","45.3686","9.11878","103","24.6","3133","3149","6282","166","104","270","3299","3253","6552","4.1"
"15248","Villa Cortese","LOMBARDIA","Milano","MI","20020","45.5669","8.8865","190","3.6","3010","2937","5947","113","90","203","3123","3027","6150","3.3"
"15249","Vanzaghello","LOMBARDIA","Milano","MI","20020","45.579","8.78445","194","5.5","2594","2469","5063","147","134","281","2741","2603","5344","5.3"
"15250","Baranzate","LOMBARDIA","Milano","MI","20021","45.5282","9.11403","144","2.8","4087","3975","8062","1290","1427","2717","5377","5402","10779","25.2"
"16001","Adrara San Martino","LOMBARDIA","Bergamo","BG","24060","45.7","9.94991","355","12.5","898","931","1829","131","201","332","1029","1132","2161","15.4"
"16002","Adrara San Rocco","LOMBARDIA","Bergamo","BG","24060","45.7138","9.95902","431","9.1","346","353","699","63","74","137","409","427","836","16.4"
"16003","Albano Sant'Alessandro","LOMBARDIA","Bergamo","BG","24061","45.6858","9.76846","243","5.3","3551","3517","7068","444","517","961","3995","4034","8029","12.0"
"16004","Albino","LOMBARDIA","Bergamo","BG","24021","45.7637","9.80154","342","31.3","8633","8294","16927","590","570","1160","9223","8864","18087","6.4"
"16005","Almè","LOMBARDIA","Bergamo","BG","24011","45.7398","9.6125","294","2.0","2745","2610","5355","173","137","310","2918","2747","5665","5.5"
"16006","Almenno San Bartolomeo","LOMBARDIA","Bergamo","BG","24030","45.741","9.5807","352","10.4","2850","2834","5684","190","156","346","3040","2990","6030","5.7"
"16007","Almenno San Salvatore","LOMBARDIA","Bergamo","BG","24031","45.751","9.59912","328","4.8","2895","2730","5625","113","93","206","3008","2823","5831","3.5"
"16008","Alzano Lombardo","LOMBARDIA","Bergamo","BG","24022","45.7294","9.72412","304","13.4","6332","6051","12383","626","582","1208","6958","6633","13591","8.9"
"16009","Ambivere","LOMBARDIA","Bergamo","BG","24030","45.7167","9.55077","261","3.2","1071","1126","2197","76","81","157","1147","1207","2354","6.7"
"16010","Antegnate","LOMBARDIA","Bergamo","BG","24051","45.4853","9.78886","112","9.6","1281","1209","2490","280","337","617","1561","1546","3107","19.9"
"16011","Arcene","LOMBARDIA","Bergamo","BG","24040","45.5735","9.61328","152","4.2","2126","2074","4200","235","296","531","2361","2370","4731","11.2"
"16012","Ardesio","LOMBARDIA","Bergamo","BG","24020","45.9382","9.931","608","53.8","1715","1762","3477","93","62","155","1808","1824","3632","4.3"
"16013","Arzago d'Adda","LOMBARDIA","Bergamo","BG","24040","45.4826","9.5648","106","9.3","1290","1296","2586","90","84","174","1380","1380","2760","6.3"
"16014","Averara","LOMBARDIA","Bergamo","BG","24010","46.0081","9.64116","650","10.6","85","87","172","6","4","10","91","91","182","5.5"
"16015","Aviatico","LOMBARDIA","Bergamo","BG","24020","45.8004","9.77039","1.022","8.4","231","264","495","13","9","22","244","273","517","4.3"
"16016","Azzano San Paolo","LOMBARDIA","Bergamo","BG","24052","45.6597","9.67469","230","4.2","3474","3295","6769","415","413","828","3889","3708","7597","10.9"
"16017","Azzone","LOMBARDIA","Bergamo","BG","24020","45.9786","10.1126","973","16.8","201","225","426","5","2","7","206","227","433","1.6"
"16018","Bagnatica","LOMBARDIA","Bergamo","BG","24060","45.6622","9.78094","220","6.3","1953","1895","3848","144","162","306","2097","2057","4154","7.4"
"16019","Barbata","LOMBARDIA","Bergamo","BG","24040","45.4754","9.77635","105","8.0","295","294","589","48","61","109","343","355","698","15.6"
"16020","Bariano","LOMBARDIA","Bergamo","BG","24050","45.5193","9.70485","114","7.0","1906","2043","3949","177","224","401","2083","2267","4350","9.2"
"16021","Barzana","LOMBARDIA","Bergamo","BG","24030","45.7341","9.56973","300","2.1","837","849","1686","48","56","104","885","905","1790","5.8"
"16022","Bedulita","LOMBARDIA","Bergamo","BG","24030","45.7935","9.54184","600","4.1","333","357","690","21","12","33","354","369","723","4.6"
"16023","Berbenno","LOMBARDIA","Bergamo","BG","24030","45.8142","9.5703","675","6.3","1208","1132","2340","55","47","102","1263","1179","2442","4.2"
"16024","Bergamo","LOMBARDIA","Bergamo","BG","24100","45.6983","9.67727","249","39.6","53752","46404","100156","8203","6990","15193","61955","53394","115349","13.2"
"16025","Berzo San Fermo","LOMBARDIA","Bergamo","BG","24060","45.7181","9.90326","350","5.8","541","568","1109","88","101","189","629","669","1298","14.6"
"16026","Bianzano","LOMBARDIA","Bergamo","BG","24060","45.7726","9.91899","600","6.6","301","292","593","8","4","12","309","296","605","2.0"
"16027","Blello","LOMBARDIA","Bergamo","BG","24010","45.8293","9.57167","815","2.2","38","38","76","0","0","0","38","38","76","0.0"
"16028","Bolgare","LOMBARDIA","Bergamo","BG","24060","45.634","9.81389","199","8.4","2438","2403","4841","414","505","919","2852","2908","5760","16.0"
"16029","Boltiere","LOMBARDIA","Bergamo","BG","24040","45.5997","9.57922","171","4.1","2585","2610","5195","278","341","619","2863","2951","5814","10.6"
"16030","Bonate Sopra","LOMBARDIA","Bergamo","BG","24040","45.6799","9.55872","230","5.9","4138","3988","8126","394","400","794","4532","4388","8920","8.9"
"16031","Bonate Sotto","LOMBARDIA","Bergamo","BG","24040","45.6659","9.55815","215","6.3","2864","2904","5768","321","366","687","3185","3270","6455","10.6"
"16032","Borgo di Terzo","LOMBARDIA","Bergamo","BG","24060","45.7211","9.89488","300","1.9","478","453","931","71","88","159","549","541","1090","14.6"
"16033","Bossico","LOMBARDIA","Bergamo","BG","24060","45.8282","10.0453","860","7.1","483","473","956","9","4","13","492","477","969","1.3"
"16034","Bottanuco","LOMBARDIA","Bergamo","BG","24040","45.6416","9.51121","222","5.7","2396","2419","4815","180","181","361","2576","2600","5176","7.0"
"16035","Bracca","LOMBARDIA","Bergamo","BG","24010","45.8231","9.70714","620","5.5","346","349","695","32","22","54","378","371","749","7.2"
"16036","Branzi","LOMBARDIA","Bergamo","BG","24010","46.0059","9.7609","874","25.3","350","362","712","8","12","20","358","374","732","2.7"
"16037","Brembate","LOMBARDIA","Bergamo","BG","24041","45.6044","9.55923","173","5.5","3722","3689","7411","376","506","882","4098","4195","8293","10.6"
"16038","Brembate di Sopra","LOMBARDIA","Bergamo","BG","24030","45.7197","9.58167","267","4.3","3676","3603","7279","229","263","492","3905","3866","7771","6.3"
"16039","Brembilla","LOMBARDIA","Bergamo","BG","24012","45.8211","9.59591","425","20.9","1992","2003","3995","83","72","155","2075","2075","4150","3.7"
"16040","Brignano Gera d'Adda","LOMBARDIA","Bergamo","BG","24053","45.5453","9.64715","130","11.8","2636","2581","5217","337","383","720","2973","2964","5937","12.1"
"16041","Brumano","LOMBARDIA","Bergamo","BG","24037","45.8489","9.48046","911","8.1","37","56","93","1","1","2","38","57","95","2.1"
"16042","Brusaporto","LOMBARDIA","Bergamo","BG","24060","45.6712","9.76166","255","5.0","2591","2581","5172","117","104","221","2708","2685","5393","4.1"
"16043","Calcinate","LOMBARDIA","Bergamo","BG","24050","45.6216","9.79409","186","14.7","2348","2408","4756","467","559","1026","2815","2967","5782","17.7"
"16044","Calcio","LOMBARDIA","Bergamo","BG","24054","45.5074","9.85188","123","15.8","2233","2171","4404","417","515","932","2650","2686","5336","17.5"
"16046","Calusco d'Adda","LOMBARDIA","Bergamo","BG","24033","45.6911","9.47707","273","8.2","3670","3640","7310","414","509","923","4084","4149","8233","11.2"
"16047","Calvenzano","LOMBARDIA","Bergamo","BG","24040","45.4924","9.60038","113","6.5","1915","1836","3751","145","165","310","2060","2001","4061","7.6"
"16048","Camerata Cornello","LOMBARDIA","Bergamo","BG","24010","45.9021","9.65369","570","12.6","309","312","621","4","2","6","313","314","627","1.0"
"16049","Canonica d'Adda","LOMBARDIA","Bergamo","BG","24040","45.577","9.54014","142","3.2","1842","1829","3671","248","288","536","2090","2117","4207","12.7"
"16050","Capizzone","LOMBARDIA","Bergamo","BG","24030","45.784","9.56811","454","4.6","605","585","1190","50","61","111","655","646","1301","8.5"
"16051","Capriate San Gervasio","LOMBARDIA","Bergamo","BG","24042","45.6225","9.5271","190","5.8","3574","3445","7019","360","398","758","3934","3843","7777","9.7"
"16052","Caprino Bergamasco","LOMBARDIA","Bergamo","BG","24030","45.7456","9.48166","315","8.6","1422","1450","2872","120","135","255","1542","1585","3127","8.2"
"16053","Caravaggio","LOMBARDIA","Bergamo","BG","24043","45.4974","9.6436","111","32.8","7291","6924","14215","806","861","1667","8097","7785","15882","10.5"
"16055","Carobbio degli Angeli","LOMBARDIA","Bergamo","BG","24060","45.6679","9.82563","232","6.7","1836","1847","3683","396","470","866","2232","2317","4549","19.0"
"16056","Carona","LOMBARDIA","Bergamo","BG","24010","46.022","9.78597","1.110","44.2","188","164","352","5","2","7","193","166","359","1.9"
"16057","Carvico","LOMBARDIA","Bergamo","BG","24030","45.7037","9.47915","287","4.4","2184","2110","4294","172","200","372","2356","2310","4666","8.0"
"16058","Casazza","LOMBARDIA","Bergamo","BG","24060","45.7499","9.90838","349","7.1","1670","1541","3211","381","429","810","2051","1970","4021","20.1"
"16059","Casirate d'Adda","LOMBARDIA","Bergamo","BG","24040","45.4951","9.56804","114","10.2","1695","1690","3385","233","276","509","1928","1966","3894","13.1"
"16060","Casnigo","LOMBARDIA","Bergamo","BG","24020","45.8158","9.86802","514","13.5","1580","1614","3194","71","69","140","1651","1683","3334","4.2"
"16061","Cassiglio","LOMBARDIA","Bergamo","BG","24010","45.967","9.61333","602","14.0","67","55","122","0","0","0","67","55","122","0.0"
"16062","Castelli Calepio","LOMBARDIA","Bergamo","BG","24060","45.6404","9.90223","230","9.9","4275","4091","8366","562","684","1246","4837","4775","9612","13.0"
"16063","Castel Rozzone","LOMBARDIA","Bergamo","BG","24040","45.5565","9.62384","140","1.7","1353","1336","2689","101","106","207","1454","1442","2896","7.1"
"16064","Castione della Presolana","LOMBARDIA","Bergamo","BG","24020","45.9079","10.0359","870","42.6","1683","1703","3386","43","26","69","1726","1729","3455","2.0"
"16065","Castro","LOMBARDIA","Bergamo","BG","24063","45.8024","10.0677","200","3.5","627","614","1241","67","75","142","694","689","1383","10.3"
"16066","Cavernago","LOMBARDIA","Bergamo","BG","24050","45.6332","9.76313","199","7.5","1046","1041","2087","213","208","421","1259","1249","2508","16.8"
"16067","Cazzano Sant'Andrea","LOMBARDIA","Bergamo","BG","24026","45.811","9.88585","504","2.0","768","784","1552","24","18","42","792","802","1594","2.6"
"16068","Cenate Sopra","LOMBARDIA","Bergamo","BG","24060","45.71","9.82298","330","6.9","1169","1172","2341","95","69","164","1264","1241","2505","6.5"
"16069","Cenate Sotto","LOMBARDIA","Bergamo","BG","24069","45.6984","9.82379","267","4.5","1595","1623","3218","148","128","276","1743","1751","3494","7.9"
"16070","Cene","LOMBARDIA","Bergamo","BG","24020","45.7774","9.82725","368","8.6","1975","1916","3891","169","169","338","2144","2085","4229","8.0"
"16071","Cerete","LOMBARDIA","Bergamo","BG","24020","45.8615","9.98982","612","13.9","778","794","1572","37","37","74","815","831","1646","4.5"
"16072","Chignolo d'Isola","LOMBARDIA","Bergamo","BG","24040","45.6661","9.52686","229","5.3","1387","1437","2824","186","204","390","1573","1641","3214","12.1"
"16073","Chiuduno","LOMBARDIA","Bergamo","BG","24060","45.6502","9.85261","218","6.6","2498","2387","4885","445","522","967","2943","2909","5852","16.5"
"16074","Cisano Bergamasco","LOMBARDIA","Bergamo","BG","24034","45.7409","9.47091","267","7.5","2962","2855","5817","232","219","451","3194","3074","6268","7.2"
"16075","Ciserano","LOMBARDIA","Bergamo","BG","24040","45.5856","9.60295","159","5.2","2256","2315","4571","488","629","1117","2744","2944","5688","19.6"
"16076","Cividate al Piano","LOMBARDIA","Bergamo","BG","24050","45.5571","9.83302","147","9.6","2299","2298","4597","265","295","560","2564","2593","5157","10.9"
"16077","Clusone","LOMBARDIA","Bergamo","BG","24023","45.8889","9.94803","648","26.0","4209","3907","8116","303","259","562","4512","4166","8678","6.5"
"16078","Colere","LOMBARDIA","Bergamo","BG","24020","45.9743","10.0851","1.013","18.8","551","556","1107","17","13","30","568","569","1137","2.6"
"16079","Cologno al Serio","LOMBARDIA","Bergamo","BG","24055","45.5782","9.71098","156","17.5","4735","4727","9462","502","632","1134","5237","5359","10596","10.7"
"16080","Colzate","LOMBARDIA","Bergamo","BG","24020","45.816","9.85603","424","6.7","808","761","1569","50","45","95","858","806","1664","5.7"
"16081","Comun Nuovo","LOMBARDIA","Bergamo","BG","24040","45.6222","9.66028","188","6.4","1807","1954","3761","180","222","402","1987","2176","4163","9.7"
"16082","Corna Imagna","LOMBARDIA","Bergamo","BG","24030","45.8311","9.54325","736","4.5","408","409","817","70","66","136","478","475","953","14.3"
"16083","Cortenuova","LOMBARDIA","Bergamo","BG","24050","45.5399","9.78807","133","7.1","854","844","1698","120","124","244","974","968","1942","12.6"
"16084","Costa di Mezzate","LOMBARDIA","Bergamo","BG","24060","45.6625","9.79835","218","5.1","1466","1461","2927","146","198","344","1612","1659","3271","10.5"
"16085","Costa Valle Imagna","LOMBARDIA","Bergamo","BG","24030","45.8018","9.50402","1.014","4.3","304","311","615","3","2","5","307","313","620","0.8"
"16086","Costa Volpino","LOMBARDIA","Bergamo","BG","24062","45.8293","10.1028","248","18.6","4181","3920","8101","532","561","1093","4713","4481","9194","11.9"
"16087","Covo","LOMBARDIA","Bergamo","BG","24050","45.5013","9.7718","115","12.7","1661","1616","3277","358","431","789","2019","2047","4066","19.4"
"16088","Credaro","LOMBARDIA","Bergamo","BG","24060","45.6616","9.92953","225","3.4","1375","1362","2737","270","329","599","1645","1691","3336","18.0"
"16089","Curno","LOMBARDIA","Bergamo","BG","24035","45.6911","9.6103","244","4.6","3617","3478","7095","270","270","540","3887","3748","7635","7.1"
"16090","Cusio","LOMBARDIA","Bergamo","BG","24010","45.9924","9.60002","1.040","9.3","119","133","252","0","0","0","119","133","252","0.0"
"16091","Dalmine","LOMBARDIA","Bergamo","BG","24044","45.6502","9.60491","207","11.6","10599","10308","20907","1042","932","1974","11641","11240","22881","8.6"
"16092","Dossena","LOMBARDIA","Bergamo","BG","24010","45.8801","9.69829","986","19.6","461","493","954","7","1","8","468","494","962","0.8"
"16093","Endine Gaiano","LOMBARDIA","Bergamo","BG","24060","45.7878","9.98078","382","20.9","1580","1579","3159","160","200","360","1740","1779","3519","10.2"
"16094","Entratico","LOMBARDIA","Bergamo","BG","24060","45.7079","9.87124","299","4.1","869","853","1722","71","85","156","940","938","1878","8.3"
"16096","Fara Gera d'Adda","LOMBARDIA","Bergamo","BG","24045","45.5565","9.5345","131","10.6","3588","3613","7201","354","358","712","3942","3971","7913","9.0"
"16097","Fara Olivana con Sola","LOMBARDIA","Bergamo","BG","24058","45.4946","9.74883","107","4.9","539","566","1105","74","89","163","613","655","1268","12.9"
"16098","Filago","LOMBARDIA","Bergamo","BG","24040","45.6362","9.55574","190","5.3","1474","1437","2911","123","142","265","1597","1579","3176","8.3"
"16099","Fino del Monte","LOMBARDIA","Bergamo","BG","24020","45.892","9.99673","700","4.4","550","557","1107","14","10","24","564","567","1131","2.1"
"16100","Fiorano al Serio","LOMBARDIA","Bergamo","BG","24020","45.7991","9.84378","396","1.1","1463","1333","2796","131","144","275","1594","1477","3071","9.0"
"16101","Fontanella","LOMBARDIA","Bergamo","BG","24056","45.4697","9.80107","105","17.9","1822","1735","3557","359","423","782","2181","2158","4339","18.0"
"16102","Fonteno","LOMBARDIA","Bergamo","BG","24060","45.7585","10.0199","606","11.1","319","323","642","24","19","43","343","342","685","6.3"
"16103","Foppolo","LOMBARDIA","Bergamo","BG","24010","46.0457","9.75775","1.508","16.3","88","110","198","3","1","4","91","111","202","2.0"
"16104","Foresto Sparso","LOMBARDIA","Bergamo","BG","24060","45.6968","9.90674","346","7.7","1443","1397","2840","133","180","313","1576","1577","3153","9.9"
"16105","Fornovo San Giovanni","LOMBARDIA","Bergamo","BG","24040","45.4974","9.67849","109","7.0","1500","1496","2996","156","167","323","1656","1663","3319","9.7"
"16106","Fuipiano Valle Imagna","LOMBARDIA","Bergamo","BG","24030","45.853","9.52758","1.019","4.2","115","106","221","0","0","0","115","106","221","0.0"
"16107","Gandellino","LOMBARDIA","Bergamo","BG","24020","45.9939","9.94566","682","25.4","491","540","1031","10","5","15","501","545","1046","1.4"
"16108","Gandino","LOMBARDIA","Bergamo","BG","24024","45.8115","9.89944","552","29.1","2691","2572","5263","144","169","313","2835","2741","5576","5.6"
"16109","Gandosso","LOMBARDIA","Bergamo","BG","24060","45.6595","9.88817","488","3.1","649","669","1318","91","93","184","740","762","1502","12.3"
"16110","Gaverina Terme","LOMBARDIA","Bergamo","BG","24060","45.7552","9.88572","509","5.2","368","359","727","77","67","144","445","426","871","16.5"
"16111","Gazzaniga","LOMBARDIA","Bergamo","BG","24025","45.795","9.83333","386","14.7","2480","2210","4690","220","250","470","2700","2460","5160","9.1"
"16112","Gerosa","LOMBARDIA","Bergamo","BG","24010","45.8501","9.57427","760","10.0","183","176","359","6","7","13","189","183","372","3.5"
"16113","Ghisalba","LOMBARDIA","Bergamo","BG","24050","45.5954","9.75665","170","10.2","2561","2564","5125","377","421","798","2938","2985","5923","13.5"
"16114","Gorlago","LOMBARDIA","Bergamo","BG","24060","45.6763","9.82551","233","5.6","2185","2119","4304","302","422","724","2487","2541","5028","14.4"
"16115","Gorle","LOMBARDIA","Bergamo","BG","24020","45.7012","9.71408","268","2.4","3067","2972","6039","223","183","406","3290","3155","6445","6.3"
"16116","Gorno","LOMBARDIA","Bergamo","BG","24020","45.8657","9.84877","710","9.9","776","774","1550","43","43","86","819","817","1636","5.3"
"16117","Grassobbio","LOMBARDIA","Bergamo","BG","24050","45.66","9.71979","225","8.3","2849","2920","5769","275","301","576","3124","3221","6345","9.1"
"16118","Gromo","LOMBARDIA","Bergamo","BG","24020","45.9654","9.92717","676","20.1","562","626","1188","32","19","51","594","645","1239","4.1"
"16119","Grone","LOMBARDIA","Bergamo","BG","24060","45.7275","9.91054","388","7.8","391","401","792","53","68","121","444","469","913","13.3"
"16120","Grumello del Monte","LOMBARDIA","Bergamo","BG","24064","45.6363","9.87485","208","9.8","3293","3058","6351","404","473","877","3697","3531","7228","12.1"
"16121","Isola di Fondra","LOMBARDIA","Bergamo","BG","24010","45.9782","9.74745","799","13.3","90","100","190","1","1","2","91","101","192","1.0"
"16122","Isso","LOMBARDIA","Bergamo","BG","24040","45.4767","9.75899","104","4.9","312","301","613","20","27","47","332","328","660","7.1"
"16123","Lallio","LOMBARDIA","Bergamo","BG","24040","45.6648","9.62945","216","2.1","1898","1870","3768","191","165","356","2089","2035","4124","8.6"
"16124","Leffe","LOMBARDIA","Bergamo","BG","24026","45.7993","9.88546","454","6.8","2188","2144","4332","174","165","339","2362","2309","4671","7.3"
"16125","Lenna","LOMBARDIA","Bergamo","BG","24010","45.945","9.68021","482","12.9","316","302","618","16","7","23","332","309","641","3.6"
"16126","Levate","LOMBARDIA","Bergamo","BG","24040","45.6236","9.62435","185","5.3","1772","1775","3547","126","129","255","1898","1904","3802","6.7"
"16127","Locatello","LOMBARDIA","Bergamo","BG","24030","45.8425","9.52868","557","3.8","345","348","693","69","57","126","414","405","819","15.4"
"16128","Lovere","LOMBARDIA","Bergamo","BG","24065","45.8088","10.0674","208","7.4","2575","2184","4759","296","263","559","2871","2447","5318","10.5"
"16129","Lurano","LOMBARDIA","Bergamo","BG","24050","45.5681","9.6405","147","4.0","1143","1159","2302","141","137","278","1284","1296","2580","10.8"
"16130","Luzzana","LOMBARDIA","Bergamo","BG","24069","45.7161","9.88502","310","3.4","396","413","809","45","37","82","441","450","891","9.2"
"16131","Madone","LOMBARDIA","Bergamo","BG","24040","45.6513","9.55104","202","3.0","1691","1684","3375","262","306","568","1953","1990","3943","14.4"
"16132","Mapello","LOMBARDIA","Bergamo","BG","24030","45.709","9.55024","250","8.5","2980","2988","5968","228","257","485","3208","3245","6453","7.5"
"16133","Martinengo","LOMBARDIA","Bergamo","BG","24057","45.5693","9.76512","149","21.7","4174","4208","8382","796","910","1706","4970","5118","10088","16.9"
"16134","Mezzoldo","LOMBARDIA","Bergamo","BG","24010","46.0128","9.66491","835","18.8","99","89","188","5","0","5","104","89","193","2.6"
"16135","Misano di Gera d'Adda","LOMBARDIA","Bergamo","BG","24040","45.47","9.62246","104","6.1","1348","1331","2679","114","134","248","1462","1465","2927","8.5"
"16136","Moio de' Calvi","LOMBARDIA","Bergamo","BG","24010","45.9534","9.69915","654","6.2","99","110","209","3","1","4","102","111","213","1.9"
"16137","Monasterolo del Castello","LOMBARDIA","Bergamo","BG","24060","45.7632","9.93097","365","8.5","538","531","1069","62","59","121","600","590","1190","10.2"
"16139","Montello","LOMBARDIA","Bergamo","BG","24060","45.672","9.80293","229","1.7","1262","1276","2538","268","367","635","1530","1643","3173","20.0"
"16140","Morengo","LOMBARDIA","Bergamo","BG","24050","45.5335","9.70528","126","10.3","1204","1188","2392","98","91","189","1302","1279","2581","7.3"
"16141","Mornico al Serio","LOMBARDIA","Bergamo","BG","24050","45.5949","9.80899","162","7.0","1234","1224","2458","203","229","432","1437","1453","2890","14.9"
"16142","Mozzanica","LOMBARDIA","Bergamo","BG","24050","45.4758","9.6896","102","9.3","2013","2059","4072","248","254","502","2261","2313","4574","11.0"
"16143","Mozzo","LOMBARDIA","Bergamo","BG","24030","45.6954","9.60276","252","3.6","3568","3428","6996","250","214","464","3818","3642","7460","6.2"
"16144","Nembro","LOMBARDIA","Bergamo","BG","24027","45.7434","9.76152","309","15.2","5391","5201","10592","483","467","950","5874","5668","11542","8.2"
"16145","Olmo al Brembo","LOMBARDIA","Bergamo","BG","24010","45.9724","9.64968","556","7.8","249","258","507","9","2","11","258","260","518","2.1"
"16146","Oltre il Colle","LOMBARDIA","Bergamo","BG","24013","45.8899","9.76993","1.030","32.4","510","535","1045","7","6","13","517","541","1058","1.2"
"16147","Oltressenda Alta","LOMBARDIA","Bergamo","BG","24020","45.9163","9.94576","737","17.3","81","90","171","3","0","3","84","90","174","1.7"
"16148","Oneta","LOMBARDIA","Bergamo","BG","24020","45.8711","9.81875","740","18.3","316","329","645","6","1","7","322","330","652","1.1"
"16149","Onore","LOMBARDIA","Bergamo","BG","24020","45.8912","10.01","700","11.6","406","394","800","23","23","46","429","417","846","5.4"
"16150","Orio al Serio","LOMBARDIA","Bergamo","BG","24050","45.6739","9.68894","241","3.0","764","765","1529","126","78","204","890","843","1733","11.8"
"16151","Ornica","LOMBARDIA","Bergamo","BG","24010","45.9889","9.57949","922","14.3","85","86","171","1","0","1","86","86","172","0.6"
"16152","Osio Sopra","LOMBARDIA","Bergamo","BG","24040","45.6255","9.59974","192","5.0","2360","2316","4676","195","208","403","2555","2524","5079","7.9"
"16153","Osio Sotto","LOMBARDIA","Bergamo","BG","24046","45.6203","9.58423","182","7.5","5242","5123","10365","761","954","1715","6003","6077","12080","14.2"
"16154","Pagazzano","LOMBARDIA","Bergamo","BG","24040","45.5324","9.67168","126","5.0","906","952","1858","104","120","224","1010","1072","2082","10.8"
"16155","Paladina","LOMBARDIA","Bergamo","BG","24030","45.7269","9.60896","272","2.0","1910","1924","3834","84","78","162","1994","2002","3996","4.1"
"16156","Palazzago","LOMBARDIA","Bergamo","BG","24030","45.7516","9.53743","397","14.0","2026","2084","4110","96","87","183","2122","2171","4293","4.3"
"16157","Palosco","LOMBARDIA","Bergamo","BG","24050","45.5851","9.83742","157","10.5","2599","2557","5156","295","322","617","2894","2879","5773","10.7"
"16158","Parre","LOMBARDIA","Bergamo","BG","24020","45.8756","9.89007","640","22.5","1330","1309","2639","87","81","168","1417","1390","2807","6.0"
"16159","Parzanica","LOMBARDIA","Bergamo","BG","24060","45.7386","10.0349","753","10.8","178","182","360","9","4","13","187","186","373","3.5"
"16160","Pedrengo","LOMBARDIA","Bergamo","BG","24066","45.702","9.73564","262","3.6","2627","2669","5296","250","253","503","2877","2922","5799","8.7"
"16161","Peia","LOMBARDIA","Bergamo","BG","24020","45.8017","9.90228","570","4.4","896","918","1814","30","20","50","926","938","1864","2.7"
"16162","Pianico","LOMBARDIA","Bergamo","BG","24060","45.8102","10.0455","328","2.6","633","619","1252","118","142","260","751","761","1512","17.2"
"16163","Piario","LOMBARDIA","Bergamo","BG","24020","45.8946","9.92242","539","1.5","523","507","1030","46","33","79","569","540","1109","7.1"
"16164","Piazza Brembana","LOMBARDIA","Bergamo","BG","24014","45.9481","9.67595","536","6.5","594","584","1178","34","23","57","628","607","1235","4.6"
"16165","Piazzatorre","LOMBARDIA","Bergamo","BG","24010","45.9931","9.69107","868","23.6","217","217","434","2","1","3","219","218","437","0.7"
"16166","Piazzolo","LOMBARDIA","Bergamo","BG","24010","45.9741","9.67433","702","4.2","40","44","84","0","0","0","40","44","84","0.0"
"16167","Pognano","LOMBARDIA","Bergamo","BG","24040","45.5856","9.64096","157","3.2","685","722","1407","78","96","174","763","818","1581","11.0"
"16168","Ponte Nossa","LOMBARDIA","Bergamo","BG","24028","45.8672","9.88638","465","5.6","905","820","1725","91","97","188","996","917","1913","9.8"
"16169","Ponteranica","LOMBARDIA","Bergamo","BG","24010","45.7375","9.66713","381","8.4","3239","3183","6422","200","166","366","3439","3349","6788","5.4"
"16170","Ponte San Pietro","LOMBARDIA","Bergamo","BG","24036","45.696","9.58638","224","4.6","4898","4546","9444","884","945","1829","5782","5491","11273","16.2"
"16171","Pontida","LOMBARDIA","Bergamo","BG","24030","45.7325","9.50064","310","10.1","1484","1510","2994","110","106","216","1594","1616","3210","6.7"
"16172","Pontirolo Nuovo","LOMBARDIA","Bergamo","BG","24040","45.5691","9.5701","155","10.8","2151","2197","4348","303","342","645","2454","2539","4993","12.9"
"16173","Pradalunga","LOMBARDIA","Bergamo","BG","24020","45.7455","9.77919","327","8.4","2185","2150","4335","155","146","301","2340","2296","4636","6.5"
"16174","Predore","LOMBARDIA","Bergamo","BG","24060","45.6879","10.0192","190","11.6","895","836","1731","67","61","128","962","897","1859","6.9"
"16175","Premolo","LOMBARDIA","Bergamo","BG","24020","45.8696","9.87412","625","18.3","550","588","1138","23","10","33","573","598","1171","2.8"
"16176","Presezzo","LOMBARDIA","Bergamo","BG","24030","45.6918","9.56782","236","2.1","2226","2144","4370","281","283","564","2507","2427","4934","11.4"
"16177","Pumenengo","LOMBARDIA","Bergamo","BG","24050","45.4809","9.86768","106","10.1","708","701","1409","138","148","286","846","849","1695","16.9"
"16178","Ranica","LOMBARDIA","Bergamo","BG","24020","45.723","9.71708","293","4.2","2939","2778","5717","145","124","269","3084","2902","5986","4.5"
"16179","Ranzanico","LOMBARDIA","Bergamo","BG","24060","45.7893","9.9354","519","7.0","582","582","1164","57","40","97","639","622","1261","7.7"
"16180","Riva di Solto","LOMBARDIA","Bergamo","BG","24060","45.7728","10.0365","186","8.6","377","451","828","22","12","34","399","463","862","3.9"
"16182","Rogno","LOMBARDIA","Bergamo","BG","24060","45.8562","10.1329","215","15.6","1770","1717","3487","196","205","401","1966","1922","3888","10.3"
"16183","Romano di Lombardia","LOMBARDIA","Bergamo","BG","24058","45.5211","9.75501","120","18.0","7801","7653","15454","1580","1750","3330","9381","9403","18784","17.7"
"16184","Roncobello","LOMBARDIA","Bergamo","BG","24010","45.9565","9.75238","1.007","25.5","213","214","427","2","0","2","215","214","429","0.5"
"16185","Roncola","LOMBARDIA","Bergamo","BG","24030","45.772","9.55731","850","5.1","345","344","689","26","24","50","371","368","739","6.8"
"16186","Rota d'Imagna","LOMBARDIA","Bergamo","BG","24037","45.8367","9.51192","690","6.0","436","442","878","28","20","48","464","462","926","5.2"
"16187","Rovetta","LOMBARDIA","Bergamo","BG","24020","45.891","9.98586","658","24.0","1906","1907","3813","93","47","140","1999","1954","3953","3.5"
"16188","San Giovanni Bianco","LOMBARDIA","Bergamo","BG","24015","45.876","9.65224","408","31.5","2468","2509","4977","61","33","94","2529","2542","5071","1.9"
"16189","San Paolo d'Argon","LOMBARDIA","Bergamo","BG","24060","45.6864","9.79961","255","5.1","2347","2338","4685","334","367","701","2681","2705","5386","13.0"
"16190","San Pellegrino Terme","LOMBARDIA","Bergamo","BG","24016","45.8416","9.66674","358","22.8","2500","2337","4837","71","42","113","2571","2379","4950","2.3"
"16191","Santa Brigida","LOMBARDIA","Bergamo","BG","24010","45.9818","9.62142","805","14.2","292","302","594","3","0","3","295","302","597","0.5"
"16192","Sant'Omobono Terme","LOMBARDIA","Bergamo","BG","24038","45.8069","9.52559","427","10.8","1568","1597","3165","158","149","307","1726","1746","3472","8.8"
"16193","Sarnico","LOMBARDIA","Bergamo","BG","24067","45.6692","9.96406","197","6.4","2876","2591","5467","464","459","923","3340","3050","6390","14.4"
"16194","Scanzorosciate","LOMBARDIA","Bergamo","BG","24020","45.7087","9.73437","279","10.8","4688","4545","9233","339","263","602","5027","4808","9835","6.1"
"16195","Schilpario","LOMBARDIA","Bergamo","BG","24020","46.0091","10.1557","1.124","63.9","625","616","1241","9","0","9","634","616","1250","0.7"
"16196","Sedrina","LOMBARDIA","Bergamo","BG","24010","45.7817","9.62276","328","6.0","1195","1223","2418","50","39","89","1245","1262","2507","3.6"
"16197","Selvino","LOMBARDIA","Bergamo","BG","24020","45.7816","9.75252","960","6.4","968","974","1942","31","18","49","999","992","1991","2.5"
"16198","Seriate","LOMBARDIA","Bergamo","BG","24068","45.6854","9.7217","247","12.4","10912","10271","21183","1490","1663","3153","12402","11934","24336","13.0"
"16199","Serina","LOMBARDIA","Bergamo","BG","24017","45.8732","9.73087","820","27.5","1044","1080","2124","29","12","41","1073","1092","2165","1.9"
"16200","Solto Collina","LOMBARDIA","Bergamo","BG","24060","45.7816","10.0216","449","12.0","816","769","1585","92","58","150","908","827","1735","8.6"
"16201","Songavazzo","LOMBARDIA","Bergamo","BG","24020","45.8802","9.98773","640","12.7","328","326","654","26","22","48","354","348","702","6.8"
"16202","Sorisole","LOMBARDIA","Bergamo","BG","24010","45.7439","9.6625","415","12.3","4364","4296","8660","213","224","437","4577","4520","9097","4.8"
"16203","Sotto il Monte Giovanni XXIII","LOMBARDIA","Bergamo","BG","24039","45.7049","9.49866","291","5.1","2049","2049","4098","94","99","193","2143","2148","4291","4.5"
"16204","Sovere","LOMBARDIA","Bergamo","BG","24060","45.8237","10.0255","379","17.8","2490","2335","4825","315","369","684","2805","2704","5509","12.4"
"16205","Spinone al Lago","LOMBARDIA","Bergamo","BG","24060","45.7634","9.92194","360","2.0","471","469","940","40","58","98","511","527","1038","9.4"
"16206","Spirano","LOMBARDIA","Bergamo","BG","24050","45.5822","9.67052","154","9.5","2432","2492","4924","344","371","715","2776","2863","5639","12.7"
"16207","Stezzano","LOMBARDIA","Bergamo","BG","24040","45.6522","9.65404","211","9.3","5785","5692","11477","588","558","1146","6373","6250","12623","9.1"
"16208","Strozza","LOMBARDIA","Bergamo","BG","24030","45.7711","9.58164","378","3.9","482","509","991","38","37","75","520","546","1066","7.0"
"16209","Suisio","LOMBARDIA","Bergamo","BG","24040","45.655","9.50219","234","4.6","1696","1693","3389","212","272","484","1908","1965","3873","12.5"
"16210","Taleggio","LOMBARDIA","Bergamo","BG","24010","45.8857","9.56461","758","46.5","283","297","580","15","8","23","298","305","603","3.8"
"16211","Tavernola Bergamasca","LOMBARDIA","Bergamo","BG","24060","45.7103","10.048","191","12.4","1016","1067","2083","26","31","57","1042","1098","2140","2.7"
"16212","Telgate","LOMBARDIA","Bergamo","BG","24060","45.6283","9.85185","191","8.1","1813","1785","3598","497","762","1259","2310","2547","4857","25.9"
"16213","Terno d'Isola","LOMBARDIA","Bergamo","BG","24030","45.6852","9.53147","229","4.0","3256","3276","6532","552","581","1133","3808","3857","7665","14.8"
"16214","Torre Boldone","LOMBARDIA","Bergamo","BG","24020","45.7163","9.70662","280","3.4","3922","3681","7603","388","342","730","4310","4023","8333","8.8"
"16216","Torre de' Roveri","LOMBARDIA","Bergamo","BG","24060","45.701","9.77177","271","2.7","1068","1098","2166","74","70","144","1142","1168","2310","6.2"
"16217","Torre Pallavicina","LOMBARDIA","Bergamo","BG","24050","45.4479","9.87681","95","10.3","494","479","973","71","70","141","565","549","1114","12.7"
"16218","Trescore Balneario","LOMBARDIA","Bergamo","BG","24069","45.6966","9.84081","305","13.3","4027","3831","7858","751","818","1569","4778","4649","9427","16.6"
"16219","Treviglio","LOMBARDIA","Bergamo","BG","24047","45.5211","9.59512","125","31.5","13185","12144","25329","1467","1614","3081","14652","13758","28410","10.8"
"16220","Treviolo","LOMBARDIA","Bergamo","BG","24048","45.6693","9.60645","225","8.4","4958","4809","9767","279","256","535","5237","5065","10302","5.2"
"16221","Ubiale Clanezzo","LOMBARDIA","Bergamo","BG","24010","45.7829","9.61489","336","7.4","649","704","1353","27","19","46","676","723","1399","3.3"
"16222","Urgnano","LOMBARDIA","Bergamo","BG","24059","45.5988","9.69473","173","14.0","4164","4269","8433","523","593","1116","4687","4862","9549","11.7"
"16223","Valbondione","LOMBARDIA","Bergamo","BG","24020","46.0403","10.0152","900","95.3","527","535","1062","17","6","23","544","541","1085","2.1"
"16224","Valbrembo","LOMBARDIA","Bergamo","BG","24030","45.7144","9.60832","261","3.7","1896","1828","3724","88","74","162","1984","1902","3886","4.2"
"16225","Valgoglio","LOMBARDIA","Bergamo","BG","24020","45.9761","9.91392","929","31.8","306","298","604","2","1","3","308","299","607","0.5"
"16226","Valleve","LOMBARDIA","Bergamo","BG","24010","46.0279","9.74373","1.141","15.0","70","66","136","0","0","0","70","66","136","0.0"
"16227","Valnegra","LOMBARDIA","Bergamo","BG","24010","45.9539","9.68535","581","2.1","101","103","204","3","0","3","104","103","207","1.4"
"16228","Valsecca","LOMBARDIA","Bergamo","BG","24030","45.8293","9.48576","627","5.2","198","216","414","6","1","7","204","217","421","1.7"
"16229","Valtorta","LOMBARDIA","Bergamo","BG","24010","45.9775","9.53181","935","30.6","142","149","291","0","1","1","142","150","292","0.3"
"16230","Vedeseta","LOMBARDIA","Bergamo","BG","24010","45.8909","9.54098","820","19.8","96","113","209","1","0","1","97","113","210","0.5"
"16232","Verdellino","LOMBARDIA","Bergamo","BG","24040","45.6026","9.6134","172","3.8","2886","2879","5765","722","1167","1889","3608","4046","7654","24.7"
"16233","Verdello","LOMBARDIA","Bergamo","BG","24049","45.6051","9.63033","173","7.2","3374","3354","6728","483","537","1020","3857","3891","7748","13.2"
"16234","Vertova","LOMBARDIA","Bergamo","BG","24029","45.8101","9.85442","397","15.8","2291","2169","4460","199","185","384","2490","2354","4844","7.9"
"16235","Viadanica","LOMBARDIA","Bergamo","BG","24060","45.6919","9.97299","336","5.4","495","493","988","47","49","96","542","542","1084","8.9"
"16236","Vigano San Martino","LOMBARDIA","Bergamo","BG","24060","45.7253","9.9009","363","3.7","536","543","1079","80","93","173","616","636","1252","13.8"
"16237","Vigolo","LOMBARDIA","Bergamo","BG","24060","45.7167","10.0217","616","12.2","282","286","568","21","18","39","303","304","607","6.4"
"16238","Villa d'Adda","LOMBARDIA","Bergamo","BG","24030","45.7175","9.45638","286","6.0","2268","2115","4383","171","181","352","2439","2296","4735","7.4"
"16239","Villa d'Almè","LOMBARDIA","Bergamo","BG","24018","45.748","9.61349","300","6.4","3325","3226","6551","155","105","260","3480","3331","6811","3.8"
"16240","Villa di Serio","LOMBARDIA","Bergamo","BG","24020","45.7229","9.73517","275","4.6","3112","3099","6211","218","191","409","3330","3290","6620","6.2"
"16241","Villa d'Ogna","LOMBARDIA","Bergamo","BG","24020","45.907","9.93054","542","5.2","956","909","1865","52","54","106","1008","963","1971","5.4"
"16242","Villongo","LOMBARDIA","Bergamo","BG","24060","45.6694","9.93431","230","5.9","3116","3046","6162","614","843","1457","3730","3889","7619","19.1"
"16243","Vilminore di Scalve","LOMBARDIA","Bergamo","BG","24020","45.9971","10.0929","1.019","40.9","744","720","1464","15","12","27","759","732","1491","1.8"
"16244","Zandobbio","LOMBARDIA","Bergamo","BG","24060","45.6875","9.85581","278","6.5","1156","1145","2301","184","235","419","1340","1380","2720","15.4"
"16245","Zanica","LOMBARDIA","Bergamo","BG","24050","45.6386","9.68319","208","14.7","3680","3702","7382","398","413","811","4078","4115","8193","9.9"
"16246","Zogno","LOMBARDIA","Bergamo","BG","24019","45.7933","9.65933","334","34.9","4510","4280","8790","137","127","264","4647","4407","9054","2.9"
"16247","Costa Serina","LOMBARDIA","Bergamo","BG","24010","45.8313","9.7419","868","12.1","460","472","932","23","18","41","483","490","973","4.2"
"16248","Algua","LOMBARDIA","Bergamo","BG","24010","45.7986","9.73637","432","8.1","330","332","662","33","26","59","363","358","721","8.2"
"16249","Cornalba","LOMBARDIA","Bergamo","BG","24017","45.8524","9.74197","893","9.4","142","154","296","3","2","5","145","156","301","1.7"
"16250","Medolago","LOMBARDIA","Bergamo","BG","24030","45.6697","9.49362","246","3.8","1036","1028","2064","136","140","276","1172","1168","2340","11.8"
"16251","Solza","LOMBARDIA","Bergamo","BG","24030","45.6775","9.49397","254","1.2","872","851","1723","123","115","238","995","966","1961","12.1"
"17001","Acquafredda","LOMBARDIA","Brescia","BS","25010","45.3073","10.4109","55","9.3","720","661","1381","92","106","198","812","767","1579","12.5"
"17002","Adro","LOMBARDIA","Brescia","BS","25030","45.6201","9.95755","271","14.3","3290","3267","6557","266","291","557","3556","3558","7114","7.8"
"17003","Agnosine","LOMBARDIA","Brescia","BS","25071","45.6487","10.3543","465","13.7","823","877","1700","68","65","133","891","942","1833","7.3"
"17004","Alfianello","LOMBARDIA","Brescia","BS","25020","45.2668","10.154","48","13.6","1131","1085","2216","93","142","235","1224","1227","2451","9.6"
"17005","Anfo","LOMBARDIA","Brescia","BS","25070","45.7653","10.4947","400","23.2","202","221","423","27","22","49","229","243","472","10.4"
"17006","Angolo Terme","LOMBARDIA","Brescia","BS","25040","45.8913","10.1475","426","30.7","1180","1197","2377","68","58","126","1248","1255","2503","5.0"
"17007","Artogne","LOMBARDIA","Brescia","BS","25040","45.8519","10.1661","266","21.3","1629","1653","3282","147","142","289","1776","1795","3571","8.1"
"17008","Azzano Mella","LOMBARDIA","Brescia","BS","25020","45.4554","10.1176","95","10.6","1300","1372","2672","139","158","297","1439","1530","2969","10.0"
"17009","Bagnolo Mella","LOMBARDIA","Brescia","BS","25021","45.4296","10.1861","85","31.3","5663","5368","11031","785","876","1661","6448","6244","12692","13.1"
"17010","Bagolino","LOMBARDIA","Brescia","BS","25072","45.8232","10.4635","778","109.7","1910","1931","3841","61","38","99","1971","1969","3940","2.5"
"17011","Barbariga","LOMBARDIA","Brescia","BS","25030","45.4051","10.0558","81","11.4","1054","1067","2121","123","144","267","1177","1211","2388","11.2"
"17012","Barghe","LOMBARDIA","Brescia","BS","25070","45.6793","10.4074","295","5.5","518","541","1059","54","75","129","572","616","1188","10.9"
"17013","Bassano Bresciano","LOMBARDIA","Brescia","BS","25020","45.3266","10.128","65","9.6","986","967","1953","124","147","271","1110","1114","2224","12.2"
"17014","Bedizzole","LOMBARDIA","Brescia","BS","25081","45.5116","10.4202","184","26.4","5262","5117","10379","751","686","1437","6013","5803","11816","12.2"
"17015","Berlingo","LOMBARDIA","Brescia","BS","25030","45.5022","10.0316","121","4.6","1122","1158","2280","136","166","302","1258","1324","2582","11.7"
"17016","Berzo Demo","LOMBARDIA","Brescia","BS","25040","46.0925","10.3329","790","16.0","839","837","1676","21","23","44","860","860","1720","2.6"
"17017","Berzo Inferiore","LOMBARDIA","Brescia","BS","25040","45.9322","10.2793","356","21.9","1150","1140","2290","76","90","166","1226","1230","2456","6.8"
"17018","Bienno","LOMBARDIA","Brescia","BS","25040","45.9367","10.2911","445","31.0","1702","1625","3327","113","134","247","1815","1759","3574","6.9"
"17019","Bione","LOMBARDIA","Brescia","BS","25070","45.6696","10.3423","600","17.6","646","641","1287","104","80","184","750","721","1471","12.5"
"17020","Borgo San Giacomo","LOMBARDIA","Brescia","BS","25022","45.3485","9.96759","74","29.4","2317","2289","4606","417","473","890","2734","2762","5496","16.2"
"17021","Borgosatollo","LOMBARDIA","Brescia","BS","25010","45.4763","10.2403","112","8.4","4118","4058","8176","443","475","918","4561","4533","9094","10.1"
"17022","Borno","LOMBARDIA","Brescia","BS","25042","45.9463","10.1991","912","30.6","1317","1272","2589","30","11","41","1347","1283","2630","1.6"
"17023","Botticino","LOMBARDIA","Brescia","BS","25082","45.5349","10.3124","153","18.6","5152","4791","9943","449","396","845","5601","5187","10788","7.8"
"17024","Bovegno","LOMBARDIA","Brescia","BS","25061","45.7902","10.2683","684","47.5","1071","1084","2155","61","53","114","1132","1137","2269","5.0"
"17025","Bovezzo","LOMBARDIA","Brescia","BS","25073","45.5929","10.2412","203","6.4","3530","3393","6923","304","256","560","3834","3649","7483","7.5"
"17026","Brandico","LOMBARDIA","Brescia","BS","25030","45.4547","10.0536","99","8.4","685","736","1421","99","91","190","784","827","1611","11.8"
"17027","Braone","LOMBARDIA","Brescia","BS","25040","45.9897","10.343","394","12.4","310","289","599","23","35","58","333","324","657","8.8"
"17028","Breno","LOMBARDIA","Brescia","BS","25043","45.957","10.3027","343","58.8","2355","2204","4559","183","178","361","2538","2382","4920","7.3"
"17029","Brescia","LOMBARDIA","Brescia","BS","25100","45.5412","10.2194","149","90.7","84701","73651","158352","16359","15191","31550","101060","88842","189902","16.6"
"17030","Brione","LOMBARDIA","Brescia","BS","25060","45.6387","10.1498","614","6.9","317","308","625","29","31","60","346","339","685","8.8"
"17031","Caino","LOMBARDIA","Brescia","BS","25070","45.6116","10.3156","385","17.3","956","984","1940","71","68","139","1027","1052","2079","6.7"
"17032","Calcinato","LOMBARDIA","Brescia","BS","25011","45.4619","10.4111","171","33.4","5123","5120","10243","1133","1223","2356","6256","6343","12599","18.7"
"17033","Calvagese della Riviera","LOMBARDIA","Brescia","BS","25080","45.5309","10.4394","225","11.8","1529","1552","3081","189","191","380","1718","1743","3461","11.0"
"17034","Calvisano","LOMBARDIA","Brescia","BS","25012","45.3491","10.3454","67","45.2","3658","3682","7340","555","642","1197","4213","4324","8537","14.0"
"17035","Capo di Ponte","LOMBARDIA","Brescia","BS","25044","46.0284","10.3355","362","18.5","1230","1123","2353","79","77","156","1309","1200","2509","6.2"
"17036","Capovalle","LOMBARDIA","Brescia","BS","25070","45.7532","10.5454","960","23.1","195","184","379","7","2","9","202","186","388","2.3"
"17037","Capriano del Colle","LOMBARDIA","Brescia","BS","25020","45.4548","10.129","92","14.0","2045","2059","4104","221","228","449","2266","2287","4553","9.9"
"17038","Capriolo","LOMBARDIA","Brescia","BS","25031","45.6389","9.9338","216","10.7","4092","3891","7983","536","596","1132","4628","4487","9115","12.4"
"17039","Carpenedolo","LOMBARDIA","Brescia","BS","25013","45.367","10.4362","78","30.1","5240","5147","10387","1101","1161","2262","6341","6308","12649","17.9"
"17040","Castegnato","LOMBARDIA","Brescia","BS","25045","45.5636","10.1153","143","9.3","3623","3498","7121","452","458","910","4075","3956","8031","11.3"
"17041","Castelcovati","LOMBARDIA","Brescia","BS","25030","45.5019","9.94419","121","6.2","2585","2510","5095","679","819","1498","3264","3329","6593","22.7"
"17042","Castel Mella","LOMBARDIA","Brescia","BS","25030","45.4961","10.1442","106","7.5","4968","4990","9958","456","426","882","5424","5416","10840","8.1"
"17043","Castenedolo","LOMBARDIA","Brescia","BS","25014","45.4716","10.2982","152","26.2","5041","4954","9995","595","570","1165","5636","5524","11160","10.4"
"17044","Casto","LOMBARDIA","Brescia","BS","25070","45.6944","10.3196","417","21.4","764","788","1552","147","165","312","911","953","1864","16.7"
"17045","Castrezzato","LOMBARDIA","Brescia","BS","25030","45.5129","9.98026","125","13.7","2903","2749","5652","659","772","1431","3562","3521","7083","20.2"
"17046","Cazzago San Martino","LOMBARDIA","Brescia","BS","25046","45.5828","10.0254","200","22.3","5082","5005","10087","427","445","872","5509","5450","10959","8.0"
"17047","Cedegolo","LOMBARDIA","Brescia","BS","25051","46.077","10.3488","413","11.8","575","534","1109","65","72","137","640","606","1246","11.0"
"17048","Cellatica","LOMBARDIA","Brescia","BS","25060","45.5842","10.1803","170","6.5","2371","2220","4591","198","156","354","2569","2376","4945","7.2"
"17049","Cerveno","LOMBARDIA","Brescia","BS","25040","46.0035","10.3244","500","21.7","310","335","645","13","5","18","323","340","663","2.7"
"17050","Ceto","LOMBARDIA","Brescia","BS","25040","46.0023","10.3516","453","32.4","939","898","1837","53","60","113","992","958","1950","5.8"
"17051","Cevo","LOMBARDIA","Brescia","BS","25040","46.08","10.3697","1.070","35.2","451","470","921","5","4","9","456","474","930","1.0"
"17052","Chiari","LOMBARDIA","Brescia","BS","25032","45.5367","9.93217","148","38.0","7994","7567","15561","1377","1453","2830","9371","9020","18391","15.4"
"17053","Cigole","LOMBARDIA","Brescia","BS","25020","45.308","10.1921","56","10.0","717","721","1438","86","95","181","803","816","1619","11.2"
"17054","Cimbergo","LOMBARDIA","Brescia","BS","25050","46.0237","10.3651","850","26.3","288","264","552","9","1","10","297","265","562","1.8"
"17055","Cividate Camuno","LOMBARDIA","Brescia","BS","25040","45.9445","10.2792","274","3.4","1286","1285","2571","93","98","191","1379","1383","2762","6.9"
"17056","Coccaglio","LOMBARDIA","Brescia","BS","25030","45.5638","9.97432","162","12.0","3576","3405","6981","667","821","1488","4243","4226","8469","17.6"
"17057","Collebeato","LOMBARDIA","Brescia","BS","25060","45.584","10.2136","192","5.4","2352","2203","4555","87","56","143","2439","2259","4698","3.0"
"17058","Collio","LOMBARDIA","Brescia","BS","25060","45.8109","10.3339","850","53.5","1013","1095","2108","65","54","119","1078","1149","2227","5.3"
"17059","Cologne","LOMBARDIA","Brescia","BS","25033","45.5775","9.93907","187","13.8","3319","3222","6541","480","513","993","3799","3735","7534","13.2"
"17060","Comezzano-Cizzago","LOMBARDIA","Brescia","BS","25030","45.4666","9.95875","107","15.6","1563","1575","3138","268","311","579","1831","1886","3717","15.6"
"17061","Concesio","LOMBARDIA","Brescia","BS","25062","45.5998","10.2227","216","19.1","6916","6669","13585","646","582","1228","7562","7251","14813","8.3"
"17062","Corte Franca","LOMBARDIA","Brescia","BS","25040","45.6319","10.0086","229","14.0","3248","3243","6491","281","306","587","3529","3549","7078","8.3"
"17063","Corteno Golgi","LOMBARDIA","Brescia","BS","25040","46.1653","10.2365","925","82.6","982","971","1953","27","35","62","1009","1006","2015","3.1"
"17064","Corzano","LOMBARDIA","Brescia","BS","25030","45.4441","10.0045","101","12.3","646","655","1301","46","50","96","692","705","1397","6.9"
"17065","Darfo Boario Terme","LOMBARDIA","Brescia","BS","25047","45.8925","10.1839","218","36.2","6802","6408","13210","1086","1228","2314","7888","7636","15524","14.9"
"17066","Dello","LOMBARDIA","Brescia","BS","25020","45.4181","10.0755","84","23.5","2411","2415","4826","377","373","750","2788","2788","5576","13.5"
"17067","Desenzano del Garda","LOMBARDIA","Brescia","BS","25015","45.4715","10.5333","67","60.1","12482","11267","23749","1816","1228","3044","14298","12495","26793","11.4"
"17068","Edolo","LOMBARDIA","Brescia","BS","25048","46.1804","10.3299","699","89.2","2172","2031","4203","161","145","306","2333","2176","4509","6.8"
"17069","Erbusco","LOMBARDIA","Brescia","BS","25030","45.6","9.96719","236","16.3","3786","3824","7610","326","350","676","4112","4174","8286","8.2"
"17070","Esine","LOMBARDIA","Brescia","BS","25040","45.9256","10.2494","286","30.3","2477","2386","4863","210","278","488","2687","2664","5351","9.1"
"17071","Fiesse","LOMBARDIA","Brescia","BS","25020","45.2327","10.321","39","16.2","910","874","1784","180","211","391","1090","1085","2175","18.0"
"17072","Flero","LOMBARDIA","Brescia","BS","25020","45.4827","10.1789","104","9.9","3913","3861","7774","325","341","666","4238","4202","8440","7.9"
"17073","Gambara","LOMBARDIA","Brescia","BS","25020","45.2534","10.2925","51","31.6","2128","2069","4197","232","268","500","2360","2337","4697","10.6"
"17074","Gardone Riviera","LOMBARDIA","Brescia","BS","25083","45.6292","10.5605","71","20.6","1247","1190","2437","154","122","276","1401","1312","2713","10.2"
"17075","Gardone Val Trompia","LOMBARDIA","Brescia","BS","25063","45.689","10.1856","332","26.7","5106","4872","9978","823","899","1722","5929","5771","11700","14.7"
"17076","Gargnano","LOMBARDIA","Brescia","BS","25084","45.7039","10.6307","66","78.3","1423","1280","2703","201","129","330","1624","1409","3033","10.9"
"17077","Gavardo","LOMBARDIA","Brescia","BS","25085","45.5846","10.4415","199","29.6","5111","4960","10071","795","820","1615","5906","5780","11686","13.8"
"17078","Ghedi","LOMBARDIA","Brescia","BS","25016","45.406","10.2755","85","60.8","7697","7764","15461","1334","1526","2860","9031","9290","18321","15.6"
"17079","Gianico","LOMBARDIA","Brescia","BS","25040","45.8655","10.1838","281","13.3","1017","983","2000","94","102","196","1111","1085","2196","8.9"
"17080","Gottolengo","LOMBARDIA","Brescia","BS","25023","45.2891","10.2698","53","29.1","2278","2190","4468","372","398","770","2650","2588","5238","14.7"
"17081","Gussago","LOMBARDIA","Brescia","BS","25064","45.591","10.1536","186","25.0","7620","7423","15043","713","647","1360","8333","8070","16403","8.3"
"17082","Idro","LOMBARDIA","Brescia","BS","25074","45.7364","10.4731","375","22.5","865","881","1746","72","74","146","937","955","1892","7.7"
"17083","Incudine","LOMBARDIA","Brescia","BS","25040","46.2211","10.3591","910","20.2","196","202","398","4","1","5","200","203","403","1.2"
"17084","Irma","LOMBARDIA","Brescia","BS","25061","45.7708","10.284","804","5.0","73","70","143","4","0","4","77","70","147","2.7"
"17085","Iseo","LOMBARDIA","Brescia","BS","25049","45.6571","10.0524","198","25.7","4200","3965","8165","517","418","935","4717","4383","9100","10.3"
"17086","Isorella","LOMBARDIA","Brescia","BS","25010","45.3093","10.3221","56","15.4","1728","1698","3426","319","346","665","2047","2044","4091","16.3"
"17087","Lavenone","LOMBARDIA","Brescia","BS","25074","45.7393","10.4392","385","31.9","266","268","534","39","34","73","305","302","607","12.0"
"17088","Leno","LOMBARDIA","Brescia","BS","25024","45.368","10.2178","66","58.6","6077","6049","12126","1093","1145","2238","7170","7194","14364","15.6"
"17089","Limone sul Garda","LOMBARDIA","Brescia","BS","25010","45.8101","10.7899","65","26.2","497","491","988","89","74","163","586","565","1151","14.2"
"17090","Lodrino","LOMBARDIA","Brescia","BS","25060","45.7153","10.2799","725","16.5","769","801","1570","71","109","180","840","910","1750","10.3"
"17091","Lograto","LOMBARDIA","Brescia","BS","25030","45.4835","10.0537","113","12.3","1594","1598","3192","294","307","601","1888","1905","3793","15.8"
"17092","Lonato del Garda","LOMBARDIA","Brescia","BS","25017","45.4595","10.487","188","70.6","6947","6770","13717","926","916","1842","7873","7686","15559","11.8"
"17093","Longhena","LOMBARDIA","Brescia","BS","25030","45.4378","10.0597","91","3.4","282","307","589","10","8","18","292","315","607","3.0"
"17094","Losine","LOMBARDIA","Brescia","BS","25050","45.9833","10.3165","391","6.3","290","273","563","13","15","28","303","288","591","4.7"
"17095","Lozio","LOMBARDIA","Brescia","BS","25040","45.9936","10.2343","975","23.9","200","206","406","8","4","12","208","210","418","2.9"
"17096","Lumezzane","LOMBARDIA","Brescia","BS","25065","45.6497","10.2621","460","31.5","10579","10369","20948","1214","1228","2442","11793","11597","23390","10.4"
"17097","Maclodio","LOMBARDIA","Brescia","BS","25030","45.4767","10.0435","109","5.1","617","619","1236","104","161","265","721","780","1501","17.7"
"17098","Magasa","LOMBARDIA","Brescia","BS","25080","45.7813","10.6166","970","19.2","70","75","145","0","0","0","70","75","145","0.0"
"17099","Mairano","LOMBARDIA","Brescia","BS","25030","45.4484","10.0794","96","11.6","1390","1422","2812","253","264","517","1643","1686","3329","15.5"
"17100","Malegno","LOMBARDIA","Brescia","BS","25053","45.9487","10.2772","328","7.0","980","938","1918","69","91","160","1049","1029","2078","7.7"
"17101","Malonno","LOMBARDIA","Brescia","BS","25040","46.1222","10.3223","596","30.8","1642","1556","3198","60","62","122","1702","1618","3320","3.7"
"17102","Manerba del Garda","LOMBARDIA","Brescia","BS","25080","45.5562","10.5754","130","29.0","2203","2177","4380","287","235","522","2490","2412","4902","10.6"
"17103","Manerbio","LOMBARDIA","Brescia","BS","25025","45.3534","10.1408","64","27.8","5846","5397","11243","792","834","1626","6638","6231","12869","12.6"
"17104","Marcheno","LOMBARDIA","Brescia","BS","25060","45.7104","10.2193","372","22.7","1915","1959","3874","220","265","485","2135","2224","4359","11.1"
"17105","Marmentino","LOMBARDIA","Brescia","BS","25060","45.7565","10.2887","875","18.1","313","337","650","14","12","26","327","349","676","3.8"
"17106","Marone","LOMBARDIA","Brescia","BS","25054","45.7399","10.0917","189","23.0","1542","1468","3010","140","143","283","1682","1611","3293","8.6"
"17107","Mazzano","LOMBARDIA","Brescia","BS","25080","45.5189","10.3548","156","15.6","5188","5097","10285","619","583","1202","5807","5680","11487","10.5"
"17108","Milzano","LOMBARDIA","Brescia","BS","25020","45.2729","10.1986","49","8.5","734","737","1471","159","169","328","893","906","1799","18.2"
"17109","Moniga del Garda","LOMBARDIA","Brescia","BS","25080","45.5266","10.5346","125","9.4","1048","1043","2091","190","155","345","1238","1198","2436","14.2"
"17110","Monno","LOMBARDIA","Brescia","BS","25040","46.2117","10.34","1.066","30.7","297","267","564","0","0","0","297","267","564","0.0"
"17111","Monte Isola","LOMBARDIA","Brescia","BS","25050","45.7053","10.076","262","12.2","896","878","1774","25","5","30","921","883","1804","1.7"
"17112","Monticelli Brusati","LOMBARDIA","Brescia","BS","25040","45.6321","10.0888","283","10.7","2035","2108","4143","143","115","258","2178","2223","4401","5.9"
"17113","Montichiari","LOMBARDIA","Brescia","BS","25018","45.4148","10.3929","104","81.2","10060","9945","20005","1818","1911","3729","11878","11856","23734","15.7"
"17114","Montirone","LOMBARDIA","Brescia","BS","25010","45.4433","10.2293","100","10.5","2240","2296","4536","244","264","508","2484","2560","5044","10.1"
"17115","Mura","LOMBARDIA","Brescia","BS","25070","45.7142","10.3433","691","12.4","352","355","707","41","42","83","393","397","790","10.5"
"17116","Muscoline","LOMBARDIA","Brescia","BS","25080","45.5632","10.4621","272","10.1","1142","1201","2343","112","92","204","1254","1293","2547","8.0"
"17117","Nave","LOMBARDIA","Brescia","BS","25075","45.586","10.2886","236","27.1","5222","5086","10308","343","306","649","5565","5392","10957","5.9"
"17118","Niardo","LOMBARDIA","Brescia","BS","25050","45.9773","10.3342","442","22.3","929","903","1832","61","57","118","990","960","1950","6.1"
"17119","Nuvolento","LOMBARDIA","Brescia","BS","25080","45.5451","10.3841","176","7.5","1766","1687","3453","281","277","558","2047","1964","4011","13.9"
"17120","Nuvolera","LOMBARDIA","Brescia","BS","25080","45.5357","10.3743","165","13.2","2000","1986","3986","269","280","549","2269","2266","4535","12.1"
"17121","Odolo","LOMBARDIA","Brescia","BS","25076","45.6465","10.3876","345","6.5","837","763","1600","233","253","486","1070","1016","2086","23.3"
"17122","Offlaga","LOMBARDIA","Brescia","BS","25020","45.3859","10.1173","74","22.9","1776","1772","3548","327","394","721","2103","2166","4269","16.9"
"17123","Ome","LOMBARDIA","Brescia","BS","25050","45.6239","10.1229","231","9.9","1555","1449","3004","140","94","234","1695","1543","3238","7.2"
"17124","Ono San Pietro","LOMBARDIA","Brescia","BS","25040","46.0173","10.3277","516","13.9","504","480","984","9","9","18","513","489","1002","1.8"
"17125","Orzinuovi","LOMBARDIA","Brescia","BS","25034","45.4014","9.92486","88","48.1","5410","5284","10694","769","880","1649","6179","6164","12343","13.4"
"17126","Orzivecchi","LOMBARDIA","Brescia","BS","25030","45.42","9.96389","91","9.9","1074","1066","2140","141","204","345","1215","1270","2485","13.9"
"17127","Ospitaletto","LOMBARDIA","Brescia","BS","25035","45.5556","10.0734","154","8.5","5851","5820","11671","860","1048","1908","6711","6868","13579","14.1"
"17128","Ossimo","LOMBARDIA","Brescia","BS","25050","45.9435","10.2365","869","14.8","703","699","1402","22","18","40","725","717","1442","2.8"
"17129","Padenghe sul Garda","LOMBARDIA","Brescia","BS","25080","45.508","10.5165","127","20.4","1971","1879","3850","254","172","426","2225","2051","4276","10.0"
"17130","Paderno Franciacorta","LOMBARDIA","Brescia","BS","25050","45.5884","10.0795","186","5.6","1681","1654","3335","170","194","364","1851","1848","3699","9.8"
"17131","Paisco Loveno","LOMBARDIA","Brescia","BS","25050","46.0646","10.2491","853","36.0","99","98","197","0","1","1","99","99","198","0.5"
"17132","Paitone","LOMBARDIA","Brescia","BS","25080","45.5509","10.4008","177","8.0","905","913","1818","130","143","273","1035","1056","2091","13.1"
"17133","Palazzolo sull'Oglio","LOMBARDIA","Brescia","BS","25036","45.5965","9.88638","166","23.1","8458","8102","16560","1378","1534","2912","9836","9636","19472","15.0"
"17134","Paratico","LOMBARDIA","Brescia","BS","25030","45.662","9.95652","234","6.3","1995","1999","3994","228","242","470","2223","2241","4464","10.5"
"17135","Paspardo","LOMBARDIA","Brescia","BS","25050","46.0387","10.386","978","10.3","295","329","624","14","8","22","309","337","646","3.4"
"17136","Passirano","LOMBARDIA","Brescia","BS","25050","45.5996","10.0628","210","13.9","3380","3236","6616","253","245","498","3633","3481","7114","7.0"
"17137","Pavone del Mella","LOMBARDIA","Brescia","BS","25020","45.3009","10.2085","54","11.7","1213","1217","2430","192","216","408","1405","1433","2838","14.4"
"17138","San Paolo","LOMBARDIA","Brescia","BS","25020","45.3699","10.0278","77","18.7","1890","1879","3769","331","404","735","2221","2283","4504","16.3"
"17139","Pertica Alta","LOMBARDIA","Brescia","BS","25070","45.7466","10.3379","900","20.9","284","300","584","7","8","15","291","308","599","2.5"
"17140","Pertica Bassa","LOMBARDIA","Brescia","BS","25078","45.7659","10.3767","511","30.4","300","295","595","46","45","91","346","340","686","13.3"
"17141","Pezzaze","LOMBARDIA","Brescia","BS","25060","45.7873","10.2209","620","21.5","719","756","1475","49","62","111","768","818","1586","7.0"
"17142","Pian Camuno","LOMBARDIA","Brescia","BS","25050","45.8443","10.1504","244","11.1","1902","1859","3761","282","357","639","2184","2216","4400","14.5"
"17143","Pisogne","LOMBARDIA","Brescia","BS","25055","45.8027","10.1062","187","48.0","3810","3734","7544","258","310","568","4068","4044","8112","7.0"
"17144","Polaveno","LOMBARDIA","Brescia","BS","25060","45.6611","10.124","568","9.2","1202","1256","2458","109","94","203","1311","1350","2661","7.6"
"17145","Polpenazze del Garda","LOMBARDIA","Brescia","BS","25080","45.5499","10.5039","204","9.1","1166","1142","2308","91","69","160","1257","1211","2468","6.5"
"17146","Pompiano","LOMBARDIA","Brescia","BS","25030","45.4314","9.98857","93","15.2","1639","1640","3279","290","324","614","1929","1964","3893","15.8"
"17147","Poncarale","LOMBARDIA","Brescia","BS","25020","45.4609","10.1739","100","12.6","2404","2414","4818","206","195","401","2610","2609","5219","7.7"
"17148","Ponte di Legno","LOMBARDIA","Brescia","BS","25056","46.2603","10.5091","1.257","100.8","856","826","1682","43","29","72","899","855","1754","4.1"
"17149","Pontevico","LOMBARDIA","Brescia","BS","25026","45.2714","10.0926","55","29.2","3343","2842","6185","460","476","936","3803","3318","7121","13.1"
"17150","Pontoglio","LOMBARDIA","Brescia","BS","25037","45.5732","9.85636","155","11.2","2929","2865","5794","512","588","1100","3441","3453","6894","16.0"
"17151","Pozzolengo","LOMBARDIA","Brescia","BS","25010","45.4036","10.6294","135","21.4","1568","1586","3154","153","131","284","1721","1717","3438","8.3"
"17152","Pralboino","LOMBARDIA","Brescia","BS","25020","45.2671","10.2176","47","17.2","1207","1184","2391","229","292","521","1436","1476","2912","17.9"
"17153","Preseglie","LOMBARDIA","Brescia","BS","25070","45.66","10.3791","391","11.4","696","725","1421","72","84","156","768","809","1577","9.9"
"17154","Prestine","LOMBARDIA","Brescia","BS","25040","45.9155","10.365","610","16.1","178","189","367","11","6","17","189","195","384","4.4"
"17155","Prevalle","LOMBARDIA","Brescia","BS","25080","45.5462","10.4144","186","9.9","2724","2660","5384","639","793","1432","3363","3453","6816","21.0"
"17156","Provaglio d'Iseo","LOMBARDIA","Brescia","BS","25050","45.6335","10.0471","230","16.3","3246","3267","6513","335","288","623","3581","3555","7136","8.7"
"17157","Provaglio Val Sabbia","LOMBARDIA","Brescia","BS","25070","45.6898","10.4334","678","14.9","436","460","896","30","40","70","466","500","966","7.2"
"17158","Puegnago sul Garda","LOMBARDIA","Brescia","BS","25080","45.5662","10.5101","224","10.9","1543","1519","3062","111","90","201","1654","1609","3263","6.2"
"17159","Quinzano d'Oglio","LOMBARDIA","Brescia","BS","25027","45.3125","10.0076","65","21.5","2769","2709","5478","417","495","912","3186","3204","6390","14.3"
"17160","Remedello","LOMBARDIA","Brescia","BS","25010","45.2792","10.37","47","21.6","1385","1368","2753","314","320","634","1699","1688","3387","18.7"
"17161","Rezzato","LOMBARDIA","Brescia","BS","25086","45.5072","10.3325","147","18.2","5832","5495","11327","791","815","1606","6623","6310","12933","12.4"
"17162","Roccafranca","LOMBARDIA","Brescia","BS","25030","45.4626","9.91372","117","19.5","1932","1887","3819","401","547","948","2333","2434","4767","19.9"
"17163","Rodengo Saiano","LOMBARDIA","Brescia","BS","25050","45.5892","10.1103","176","12.8","4232","4072","8304","241","250","491","4473","4322","8795","5.6"
"17164","Roè Volciano","LOMBARDIA","Brescia","BS","25077","45.6161","10.4956","240","5.8","2061","1994","4055","221","189","410","2282","2183","4465","9.2"
"17165","Roncadelle","LOMBARDIA","Brescia","BS","25030","45.5293","10.1512","118","9.2","4086","4006","8092","593","580","1173","4679","4586","9265","12.7"
"17166","Rovato","LOMBARDIA","Brescia","BS","25038","45.5654","9.99993","192","26.1","7255","7019","14274","1448","1840","3288","8703","8859","17562","18.7"
"17167","Rudiano","LOMBARDIA","Brescia","BS","25030","45.4868","9.88685","117","9.8","2300","2392","4692","445","562","1007","2745","2954","5699","17.7"
"17168","Sabbio Chiese","LOMBARDIA","Brescia","BS","25070","45.6521","10.4222","279","18.6","1632","1668","3300","255","276","531","1887","1944","3831","13.9"
"17169","Sale Marasino","LOMBARDIA","Brescia","BS","25057","45.7148","10.1104","200","16.3","1580","1518","3098","154","118","272","1734","1636","3370","8.1"
"17170","Salò","LOMBARDIA","Brescia","BS","25087","45.6075","10.5183","75","29.8","5064","4358","9422","521","407","928","5585","4765","10350","9.0"
"17171","San Felice del Benaco","LOMBARDIA","Brescia","BS","25010","45.5867","10.5497","109","26.5","1614","1509","3123","153","127","280","1767","1636","3403","8.2"
"17172","San Gervasio Bresciano","LOMBARDIA","Brescia","BS","25020","45.3062","10.1484","57","10.5","1004","971","1975","226","268","494","1230","1239","2469","20.0"
"17173","San Zeno Naviglio","LOMBARDIA","Brescia","BS","25010","45.4915","10.2175","112","6.2","2095","2020","4115","255","231","486","2350","2251","4601","10.6"
"17174","Sarezzo","LOMBARDIA","Brescia","BS","25068","45.6522","10.2006","273","17.6","5967","5821","11788","804","877","1681","6771","6698","13469","12.5"
"17175","Saviore dell'Adamello","LOMBARDIA","Brescia","BS","25040","46.0797","10.4013","1.210","83.0","518","463","981","8","3","11","526","466","992","1.1"
"17176","Sellero","LOMBARDIA","Brescia","BS","25050","46.057","10.3437","476","14.0","730","722","1452","24","30","54","754","752","1506","3.6"
"17177","Seniga","LOMBARDIA","Brescia","BS","25020","45.2424","10.1777","48","13.6","687","633","1320","101","160","261","788","793","1581","16.5"
"17178","Serle","LOMBARDIA","Brescia","BS","25080","45.5646","10.3702","493","18.5","1502","1469","2971","77","44","121","1579","1513","3092","3.9"
"17179","Sirmione","LOMBARDIA","Brescia","BS","25019","45.497","10.6054","66","33.9","3407","3215","6622","489","327","816","3896","3542","7438","11.0"
"17180","Soiano del Lago","LOMBARDIA","Brescia","BS","25080","45.5401","10.5129","196","5.8","789","790","1579","114","92","206","903","882","1785","11.5"
"17181","Sonico","LOMBARDIA","Brescia","BS","25048","46.1635","10.3534","650","60.3","612","639","1251","10","9","19","622","648","1270","1.5"
"17182","Sulzano","LOMBARDIA","Brescia","BS","25058","45.69","10.1003","200","10.6","862","847","1709","91","92","183","953","939","1892","9.7"
"17183","Tavernole sul Mella","LOMBARDIA","Brescia","BS","25060","45.7458","10.2404","475","19.8","596","619","1215","75","69","144","671","688","1359","10.6"
"17184","Temù","LOMBARDIA","Brescia","BS","25050","46.249","10.4672","1.144","43.0","517","493","1010","37","36","73","554","529","1083","6.7"
"17185","Tignale","LOMBARDIA","Brescia","BS","25080","45.7426","10.7091","555","48.4","602","538","1140","87","71","158","689","609","1298","12.2"
"17186","Torbole Casaglia","LOMBARDIA","Brescia","BS","25030","45.5132","10.1181","112","13.3","2791","2859","5650","375","345","720","3166","3204","6370","11.3"
"17187","Toscolano-Maderno","LOMBARDIA","Brescia","BS","25088","45.6367","10.6085","86","56.7","3701","3346","7047","529","418","947","4230","3764","7994","11.8"
"17188","Travagliato","LOMBARDIA","Brescia","BS","25039","45.5233","10.0833","129","17.8","6054","5975","12029","710","708","1418","6764","6683","13447","10.5"
"17189","Tremosine","LOMBARDIA","Brescia","BS","25010","45.7925","10.7424","414","72.4","841","855","1696","223","206","429","1064","1061","2125","20.2"
"17190","Trenzano","LOMBARDIA","Brescia","BS","25030","45.4772","10.0127","108","20.0","2343","2388","4731","364","385","749","2707","2773","5480","13.7"
"17191","Treviso Bresciano","LOMBARDIA","Brescia","BS","25070","45.7126","10.4615","687","17.8","276","267","543","14","9","23","290","276","566","4.1"
"17192","Urago d'Oglio","LOMBARDIA","Brescia","BS","25030","45.5145","9.87004","131","10.6","1563","1536","3099","338","440","778","1901","1976","3877","20.1"
"17193","Vallio Terme","LOMBARDIA","Brescia","BS","25080","45.6098","10.3864","304","15.1","620","627","1247","67","58","125","687","685","1372","9.1"
"17194","Valvestino","LOMBARDIA","Brescia","BS","25080","45.7589","10.5823","680","31.1","106","105","211","0","1","1","106","106","212","0.5"
"17195","Verolanuova","LOMBARDIA","Brescia","BS","25028","45.3273","10.0758","64","25.9","3709","3546","7255","393","485","878","4102","4031","8133","10.8"
"17196","Verolavecchia","LOMBARDIA","Brescia","BS","25029","45.331","10.0538","68","21.0","1764","1732","3496","168","211","379","1932","1943","3875","9.8"
"17197","Vestone","LOMBARDIA","Brescia","BS","25078","45.7083","10.4033","319","12.9","1890","1853","3743","354","364","718","2244","2217","4461","16.1"
"17198","Vezza d'Oglio","LOMBARDIA","Brescia","BS","25059","46.2401","10.3987","1.080","54.1","727","698","1425","24","27","51","751","725","1476","3.5"
"17199","Villa Carcina","LOMBARDIA","Brescia","BS","25069","45.6325","10.1958","249","14.5","4894","4607","9501","624","630","1254","5518","5237","10755","11.7"
"17200","Villachiara","LOMBARDIA","Brescia","BS","25030","45.3553","9.93205","75","16.8","653","634","1287","75","70","145","728","704","1432","10.1"
"17201","Villanuova sul Clisi","LOMBARDIA","Brescia","BS","25089","45.6018","10.4544","216","9.1","2580","2364","4944","349","368","717","2929","2732","5661","12.7"
"17202","Vione","LOMBARDIA","Brescia","BS","25050","46.2484","10.4463","1.250","35.6","382","319","701","12","10","22","394","329","723","3.0"
"17203","Visano","LOMBARDIA","Brescia","BS","25010","45.3177","10.3695","60","11.2","852","879","1731","102","100","202","954","979","1933","10.5"
"17204","Vobarno","LOMBARDIA","Brescia","BS","25079","45.6425","10.5005","241","53.2","3395","3377","6772","630","748","1378","4025","4125","8150","16.9"
"17205","Zone","LOMBARDIA","Brescia","BS","25050","45.7621","10.1161","684","19.6","520","528","1048","26","17","43","546","545","1091","3.9"
"17206","Piancogno","LOMBARDIA","Brescia","BS","25052","45.9388","10.2094","250","13.6","1995","2006","4001","302","376","678","2297","2382","4679","14.5"
"18001","Alagna","LOMBARDIA","Pavia","PV","27020","45.171","8.88841","92","8.6","422","421","843","22","17","39","444","438","882","4.4"
"18002","Albaredo Arnaboldi","LOMBARDIA","Pavia","PV","27040","45.1061","9.24296","62","9.2","92","116","208","10","7","17","102","123","225","7.6"
"18003","Albonese","LOMBARDIA","Pavia","PV","27020","45.2939","8.70604","113","4.3","278","248","526","20","19","39","298","267","565","6.9"
"18004","Albuzzano","LOMBARDIA","Pavia","PV","27010","45.1867","9.2736","76","15.3","1499","1508","3007","178","170","348","1677","1678","3355","10.4"
"18005","Arena Po","LOMBARDIA","Pavia","PV","27040","45.0957","9.36257","61","22.3","726","707","1433","89","103","192","815","810","1625","11.8"
"18006","Badia Pavese","LOMBARDIA","Pavia","PV","27010","45.1217","9.46887","55","5.0","175","176","351","24","27","51","199","203","402","12.7"
"18007","Bagnaria","LOMBARDIA","Pavia","PV","27050","44.8264","9.12355","333","16.6","327","297","624","29","22","51","356","319","675","7.6"
"18008","Barbianello","LOMBARDIA","Pavia","PV","27041","45.0772","9.2046","67","11.8","407","394","801","43","46","89","450","440","890","10.0"
"18009","Bascapè","LOMBARDIA","Pavia","PV","27010","45.3074","9.31458","89","13.1","771","789","1560","75","80","155","846","869","1715","9.0"
"18010","Bastida de' Dossi","LOMBARDIA","Pavia","PV","27050","45.0394","8.92171","77","1.7","89","82","171","1","0","1","90","82","172","0.6"
"18011","Bastida Pancarana","LOMBARDIA","Pavia","PV","27050","45.0864","9.08176","67","13.4","461","460","921","51","60","111","512","520","1032","10.8"
"18012","Battuda","LOMBARDIA","Pavia","PV","27020","45.2742","9.07707","98","7.0","274","274","548","21","13","34","295","287","582","5.8"
"18013","Belgioioso","LOMBARDIA","Pavia","PV","27011","45.1597","9.31399","75","24.3","2883","2653","5536","387","364","751","3270","3017","6287","11.9"
"18014","Bereguardo","LOMBARDIA","Pavia","PV","27021","45.2582","9.02792","98","17.7","1279","1286","2565","110","100","210","1389","1386","2775","7.6"
"18015","Borgarello","LOMBARDIA","Pavia","PV","27010","45.2399","9.14204","88","4.8","1232","1280","2512","81","66","147","1313","1346","2659","5.5"
"18016","Borgo Priolo","LOMBARDIA","Pavia","PV","27040","44.9666","9.14821","144","29.0","607","631","1238","74","70","144","681","701","1382","10.4"
"18017","Borgoratto Mormorolo","LOMBARDIA","Pavia","PV","27040","44.931","9.19344","326","16.0","181","160","341","39","43","82","220","203","423","19.4"
"18018","Borgo San Siro","LOMBARDIA","Pavia","PV","27020","45.2348","8.91253","98","17.3","479","476","955","40","40","80","519","516","1035","7.7"
"18019","Bornasco","LOMBARDIA","Pavia","PV","27010","45.2655","9.21889","85","12.7","1180","1288","2468","64","57","121","1244","1345","2589","4.7"
"18020","Bosnasco","LOMBARDIA","Pavia","PV","27040","45.0603","9.37064","124","4.8","287","309","596","17","20","37","304","329","633","5.8"
"18021","Brallo di Pregola","LOMBARDIA","Pavia","PV","27050","44.738","9.28156","951","46.4","312","352","664","16","9","25","328","361","689","3.6"
"18022","Breme","LOMBARDIA","Pavia","PV","27020","45.1274","8.6251","101","19.2","419","381","800","27","26","53","446","407","853","6.2"
"18023","Bressana Bottarone","LOMBARDIA","Pavia","PV","27042","45.0786","9.13145","69","13.1","1611","1587","3198","189","148","337","1800","1735","3535","9.5"
"18024","Broni","LOMBARDIA","Pavia","PV","27043","45.0704","9.24704","88","20.9","4230","3702","7932","579","562","1141","4809","4264","9073","12.6"
"18025","Calvignano","LOMBARDIA","Pavia","PV","27040","44.9827","9.16875","275","6.9","53","53","106","16","6","22","69","59","128","17.2"
"18026","Campospinoso","LOMBARDIA","Pavia","PV","27040","45.095","9.24554","64","3.7","498","444","942","24","24","48","522","468","990","4.8"
"18027","Candia Lomellina","LOMBARDIA","Pavia","PV","27031","45.1766","8.59443","102","27.8","802","722","1524","57","55","112","859","777","1636","6.8"
"18028","Canevino","LOMBARDIA","Pavia","PV","27040","44.938","9.27763","410","4.7","49","55","104","4","4","8","53","59","112","7.1"
"18029","Canneto Pavese","LOMBARDIA","Pavia","PV","27044","45.0515","9.27938","233","5.8","656","630","1286","82","55","137","738","685","1423","9.6"
"18030","Carbonara al Ticino","LOMBARDIA","Pavia","PV","27020","45.1648","9.06457","83","14.7","694","661","1355","91","70","161","785","731","1516","10.6"
"18031","Casanova Lonati","LOMBARDIA","Pavia","PV","27041","45.0932","9.21441","64","4.6","205","225","430","31","22","53","236","247","483","11.0"
"18032","Casatisma","LOMBARDIA","Pavia","PV","27040","45.0479","9.12895","77","5.5","419","401","820","41","34","75","460","435","895","8.4"
"18033","Casei Gerola","LOMBARDIA","Pavia","PV","27050","45.006","8.92723","81","24.8","1202","1146","2348","77","75","152","1279","1221","2500","6.1"
"18034","Casorate Primo","LOMBARDIA","Pavia","PV","27022","45.3117","9.01916","103","9.5","3928","3949","7877","323","280","603","4251","4229","8480","7.1"
"18035","Cassolnovo","LOMBARDIA","Pavia","PV","27023","45.363","8.80917","120","32.0","3397","3213","6610","175","155","330","3572","3368","6940","4.8"
"18036","Castana","LOMBARDIA","Pavia","PV","27040","45.0263","9.27301","290","5.2","353","319","672","33","39","72","386","358","744","9.7"
"18037","Casteggio","LOMBARDIA","Pavia","PV","27045","45.0158","9.12729","90","17.8","3281","2904","6185","348","303","651","3629","3207","6836","9.5"
"18038","Castelletto di Branduzzo","LOMBARDIA","Pavia","PV","27040","45.0567","9.08419","70","11.5","481","497","978","34","25","59","515","522","1037","5.7"
"18039","Castello d'Agogna","LOMBARDIA","Pavia","PV","27030","45.2338","8.68939","106","10.6","494","506","1000","40","51","91","534","557","1091","8.3"
"18040","Castelnovetto","LOMBARDIA","Pavia","PV","27030","45.252","8.61484","111","18.5","297","298","595","15","14","29","312","312","624","4.6"
"18041","Cava Manara","LOMBARDIA","Pavia","PV","27051","45.141","9.10551","79","17.4","3169","3054","6223","189","174","363","3358","3228","6586","5.5"
"18042","Cecima","LOMBARDIA","Pavia","PV","27050","44.8503","9.08045","331","10.1","101","112","213","10","10","20","111","122","233","8.6"
"18043","Ceranova","LOMBARDIA","Pavia","PV","27010","45.2594","9.24213","86","4.5","882","886","1768","69","57","126","951","943","1894","6.7"
"18044","Ceretto Lomellina","LOMBARDIA","Pavia","PV","27030","45.2478","8.6711","109","7.4","99","97","196","4","5","9","103","102","205","4.4"
"18045","Cergnago","LOMBARDIA","Pavia","PV","27020","45.198","8.77316","100","13.6","361","350","711","21","22","43","382","372","754","5.7"
"18046","Certosa di Pavia","LOMBARDIA","Pavia","PV","27012","45.2565","9.14585","89","10.7","2322","2357","4679","177","148","325","2499","2505","5004","6.5"
"18047","Cervesina","LOMBARDIA","Pavia","PV","27050","45.0621","9.01768","72","12.5","612","563","1175","30","19","49","642","582","1224","4.0"
"18048","Chignolo Po","LOMBARDIA","Pavia","PV","27013","45.1496","9.48594","68","23.1","1746","1728","3474","268","250","518","2014","1978","3992","13.0"
"18049","Cigognola","LOMBARDIA","Pavia","PV","27040","45.0331","9.24516","309","8.0","644","638","1282","48","33","81","692","671","1363","5.9"
"18050","Cilavegna","LOMBARDIA","Pavia","PV","27024","45.3089","8.74408","115","18.0","2769","2579","5348","174","134","308","2943","2713","5656","5.4"
"18051","Codevilla","LOMBARDIA","Pavia","PV","27050","44.9631","9.05903","146","13.0","491","455","946","35","19","54","526","474","1000","5.4"
"18052","Confienza","LOMBARDIA","Pavia","PV","27030","45.3342","8.55666","126","26.7","802","808","1610","35","26","61","837","834","1671","3.7"
"18053","Copiano","LOMBARDIA","Pavia","PV","27010","45.1968","9.3219","74","4.3","824","836","1660","66","68","134","890","904","1794","7.5"
"18054","Corana","LOMBARDIA","Pavia","PV","27050","45.0609","8.96838","71","13.0","396","362","758","24","16","40","420","378","798","5.0"
"18055","Cornale","LOMBARDIA","Pavia","PV","27050","45.0449","8.91343","74","1.7","360","326","686","26","11","37","386","337","723","5.1"
"18056","Corteolona","LOMBARDIA","Pavia","PV","27014","45.1569","9.36882","71","10.0","936","892","1828","148","156","304","1084","1048","2132","14.3"
"18057","Corvino San Quirico","LOMBARDIA","Pavia","PV","27050","45.01","9.1623","218","4.4","502","475","977","34","23","57","536","498","1034","5.5"
"18058","Costa de' Nobili","LOMBARDIA","Pavia","PV","27010","45.1311","9.37939","66","11.6","151","169","320","15","16","31","166","185","351","8.8"
"18059","Cozzo","LOMBARDIA","Pavia","PV","27030","45.1924","8.61187","105","17.4","168","191","359","5","7","12","173","198","371","3.2"
"18060","Cura Carpignano","LOMBARDIA","Pavia","PV","27010","45.2131","9.2567","78","10.7","2030","2050","4080","156","135","291","2186","2185","4371","6.7"
"18061","Dorno","LOMBARDIA","Pavia","PV","27020","45.1562","8.95","90","30.6","2143","2066","4209","174","201","375","2317","2267","4584","8.2"
"18062","Ferrera Erbognone","LOMBARDIA","Pavia","PV","27032","45.1144","8.86523","89","19.5","491","482","973","62","86","148","553","568","1121","13.2"
"18063","Filighera","LOMBARDIA","Pavia","PV","27010","45.1764","9.31558","74","8.2","380","369","749","49","51","100","429","420","849","11.8"
"18064","Fortunago","LOMBARDIA","Pavia","PV","27040","44.9212","9.18338","482","18.0","158","187","345","26","12","38","184","199","383","9.9"
"18065","Frascarolo","LOMBARDIA","Pavia","PV","27030","45.0461","8.68083","87","23.4","604","562","1166","27","21","48","631","583","1214","4.0"
"18066","Galliavola","LOMBARDIA","Pavia","PV","27034","45.097","8.81915","90","8.5","96","100","196","9","8","17","105","108","213","8.0"
"18067","Gambarana","LOMBARDIA","Pavia","PV","27030","45.0281","8.76302","83","12.0","116","105","221","13","8","21","129","113","242","8.7"
"18068","Gambolò","LOMBARDIA","Pavia","PV","27025","45.2588","8.86478","106","51.5","4780","4653","9433","177","169","346","4957","4822","9779","3.5"
"18069","Garlasco","LOMBARDIA","Pavia","PV","27026","45.1975","8.9225","93","39.0","4651","4363","9014","394","383","777","5045","4746","9791","7.9"
"18070","Genzone","LOMBARDIA","Pavia","PV","27014","45.1805","9.34779","72","4.0","172","161","333","14","11","25","186","172","358","7.0"
"18071","Gerenzago","LOMBARDIA","Pavia","PV","27010","45.2052","9.35986","74","5.4","631","644","1275","60","51","111","691","695","1386","8.0"
"18072","Giussago","LOMBARDIA","Pavia","PV","27010","45.2857","9.1418","93","24.8","2293","2326","4619","224","206","430","2517","2532","5049","8.5"
"18073","Godiasco","LOMBARDIA","Pavia","PV","27052","44.8959","9.05637","196","20.6","1474","1376","2850","157","123","280","1631","1499","3130","8.9"
"18074","Golferenzo","LOMBARDIA","Pavia","PV","27047","44.9619","9.30695","464","4.4","85","99","184","11","11","22","96","110","206","10.7"
"18075","Gravellona Lomellina","LOMBARDIA","Pavia","PV","27020","45.3299","8.76538","118","20.4","1327","1245","2572","64","52","116","1391","1297","2688","4.3"
"18076","Gropello Cairoli","LOMBARDIA","Pavia","PV","27027","45.1772","8.99133","89","26.1","2162","2052","4214","188","190","378","2350","2242","4592","8.2"
"18077","Inverno e Monteleone","LOMBARDIA","Pavia","PV","27010","45.194","9.40695","74","9.6","640","646","1286","54","50","104","694","696","1390","7.5"
"18078","Landriano","LOMBARDIA","Pavia","PV","27015","45.3104","9.26277","88","15.5","2777","2630","5407","273","237","510","3050","2867","5917","8.6"
"18079","Langosco","LOMBARDIA","Pavia","PV","27030","45.2185","8.55932","111","15.7","209","190","399","20","17","37","229","207","436","8.5"
"18080","Lardirago","LOMBARDIA","Pavia","PV","27016","45.2353","9.23316","83","5.4","550","578","1128","39","33","72","589","611","1200","6.0"
"18081","Linarolo","LOMBARDIA","Pavia","PV","27010","45.1591","9.26994","76","12.3","1260","1233","2493","133","128","261","1393","1361","2754","9.5"
"18082","Lirio","LOMBARDIA","Pavia","PV","27040","44.9941","9.25543","257","1.7","61","65","126","4","6","10","65","71","136","7.4"
"18083","Lomello","LOMBARDIA","Pavia","PV","27034","45.121","8.78666","96","22.2","1115","1019","2134","81","80","161","1196","1099","2295","7.0"
"18084","Lungavilla","LOMBARDIA","Pavia","PV","27053","45.0434","9.08151","75","6.9","1168","1092","2260","84","68","152","1252","1160","2412","6.3"
"18085","Magherno","LOMBARDIA","Pavia","PV","27010","45.223","9.32748","76","5.1","792","744","1536","73","81","154","865","825","1690","9.1"
"18086","Marcignago","LOMBARDIA","Pavia","PV","27020","45.2536","9.07833","93","10.1","1101","1143","2244","104","92","196","1205","1235","2440","8.0"
"18087","Marzano","LOMBARDIA","Pavia","PV","27010","45.2475","9.29549","78","9.2","671","697","1368","99","92","191","770","789","1559","12.3"
"18088","Mede","LOMBARDIA","Pavia","PV","27035","45.0972","8.73542","93","33.2","3233","2951","6184","350","378","728","3583","3329","6912","10.5"
"18089","Menconico","LOMBARDIA","Pavia","PV","27050","44.7963","9.28011","728","28.3","173","191","364","13","1","14","186","192","378","3.7"
"18090","Mezzana Bigli","LOMBARDIA","Pavia","PV","27030","45.0595","8.84774","76","18.8","545","523","1068","24","16","40","569","539","1108","3.6"
"18091","Mezzana Rabattone","LOMBARDIA","Pavia","PV","27030","45.0937","9.03134","68","7.0","245","220","465","22","15","37","267","235","502","7.4"
"18092","Mezzanino","LOMBARDIA","Pavia","PV","27040","45.1289","9.20485","62","13.9","686","707","1393","59","42","101","745","749","1494","6.8"
"18093","Miradolo Terme","LOMBARDIA","Pavia","PV","27010","45.1705","9.4447","72","9.6","1652","1629","3281","252","259","511","1904","1888","3792","13.5"
"18094","Montalto Pavese","LOMBARDIA","Pavia","PV","27040","44.9794","9.20941","380","19.1","420","386","806","51","67","118","471","453","924","12.8"
"18095","Montebello della Battaglia","LOMBARDIA","Pavia","PV","27054","45.004","9.10203","110","15.8","789","780","1569","59","61","120","848","841","1689","7.1"
"18096","Montecalvo Versiggia","LOMBARDIA","Pavia","PV","27047","44.9818","9.27139","360","11.2","254","228","482","42","37","79","296","265","561","14.1"
"18097","Montescano","LOMBARDIA","Pavia","PV","27040","45.0324","9.28246","137","2.4","174","177","351","21","11","32","195","188","383","8.4"
"18098","Montesegale","LOMBARDIA","Pavia","PV","27052","44.9061","9.12715","426","14.8","139","144","283","14","10","24","153","154","307","7.8"
"18099","Monticelli Pavese","LOMBARDIA","Pavia","PV","27010","45.1098","9.51288","53","20.2","288","295","583","65","63","128","353","358","711","18.0"
"18100","Montù Beccaria","LOMBARDIA","Pavia","PV","27040","45.0357","9.31461","277","15.6","763","724","1487","122","113","235","885","837","1722","13.6"
"18101","Mornico Losana","LOMBARDIA","Pavia","PV","27040","45.0099","9.20723","284","8.2","320","322","642","37","42","79","357","364","721","11.0"
"18102","Mortara","LOMBARDIA","Pavia","PV","27036","45.2515","8.73807","108","52.1","7082","6254","13336","938","882","1820","8020","7136","15156","12.0"
"18103","Nicorvo","LOMBARDIA","Pavia","PV","27020","45.2856","8.67117","115","8.2","157","166","323","18","23","41","175","189","364","11.3"
"18104","Olevano di Lomellina","LOMBARDIA","Pavia","PV","27020","45.2138","8.71698","108","15.4","349","344","693","46","44","90","395","388","783","11.5"
"18105","Oliva Gessi","LOMBARDIA","Pavia","PV","27050","45.0057","9.17327","275","3.9","88","83","171","2","0","2","90","83","173","1.2"
"18106","Ottobiano","LOMBARDIA","Pavia","PV","27030","45.1534","8.82921","96","24.6","582","537","1119","39","23","62","621","560","1181","5.2"
"18107","Palestro","LOMBARDIA","Pavia","PV","27030","45.3017","8.53243","121","18.7","925","853","1778","50","57","107","975","910","1885","5.7"
"18108","Pancarana","LOMBARDIA","Pavia","PV","27050","45.0754","9.05222","68","6.2","144","153","297","11","8","19","155","161","316","6.0"
"18109","Parona","LOMBARDIA","Pavia","PV","27020","45.2825","8.74954","113","9.3","896","900","1796","95","96","191","991","996","1987","9.6"
"18110","Pavia","LOMBARDIA","Pavia","PV","27100","45.1847","9.15821","77","62.9","33678","28954","62632","3183","2465","5648","36861","31419","68280","8.3"
"18111","Pietra de' Giorgi","LOMBARDIA","Pavia","PV","27040","45.0199","9.22998","311","11.0","394","412","806","49","60","109","443","472","915","11.9"
"18112","Pieve Albignola","LOMBARDIA","Pavia","PV","27030","45.1124","8.95984","85","17.7","440","415","855","33","28","61","473","443","916","6.7"
"18113","Pieve del Cairo","LOMBARDIA","Pavia","PV","27037","45.0503","8.80434","80","25.5","982","917","1899","107","102","209","1089","1019","2108","9.9"
"18114","Pieve Porto Morone","LOMBARDIA","Pavia","PV","27017","45.1092","9.43758","58","16.3","1241","1235","2476","153","159","312","1394","1394","2788","11.2"
"18115","Pinarolo Po","LOMBARDIA","Pavia","PV","27040","45.0683","9.16813","67","11.2","822","788","1610","50","42","92","872","830","1702","5.4"
"18116","Pizzale","LOMBARDIA","Pavia","PV","27050","45.0365","9.04834","78","7.3","354","351","705","14","3","17","368","354","722","2.4"
"18117","Ponte Nizza","LOMBARDIA","Pavia","PV","27050","44.8513","9.09739","267","23.1","379","393","772","23","16","39","402","409","811","4.8"
"18118","Portalbera","LOMBARDIA","Pavia","PV","27040","45.1008","9.32058","64","4.7","735","722","1457","53","41","94","788","763","1551","6.1"
"18119","Rea","LOMBARDIA","Pavia","PV","27040","45.1149","9.15524","63","3.0","224","182","406","17","9","26","241","191","432","6.0"
"18120","Redavalle","LOMBARDIA","Pavia","PV","27050","45.0356","9.20227","85","5.5","484","481","965","52","39","91","536","520","1056","8.6"
"18121","Retorbido","LOMBARDIA","Pavia","PV","27050","44.9488","9.03921","169","11.7","730","671","1401","61","44","105","791","715","1506","7.0"
"18122","Rivanazzano Terme","LOMBARDIA","Pavia","PV","27055","44.929","9.01797","153","29.0","2481","2211","4692","265","229","494","2746","2440","5186","9.5"
"18123","Robbio","LOMBARDIA","Pavia","PV","27038","45.289","8.59176","122","40.3","3034","2750","5784","200","180","380","3234","2930","6164","6.2"
"18124","Robecco Pavese","LOMBARDIA","Pavia","PV","27042","45.0482","9.14862","75","6.9","270","271","541","11","17","28","281","288","569","4.9"
"18125","Rocca de' Giorgi","LOMBARDIA","Pavia","PV","27040","44.9568","9.25607","219","10.6","23","27","50","13","16","29","36","43","79","36.7"
"18126","Rocca Susella","LOMBARDIA","Pavia","PV","27052","44.9059","9.10048","348","12.9","109","106","215","12","7","19","121","113","234","8.1"
"18127","Rognano","LOMBARDIA","Pavia","PV","27010","45.2884","9.0894","95","9.2","287","309","596","16","7","23","303","316","619","3.7"
"18128","Romagnese","LOMBARDIA","Pavia","PV","27050","44.8348","9.31373","630","29.9","334","367","701","29","14","43","363","381","744","5.8"
"18129","Roncaro","LOMBARDIA","Pavia","PV","27010","45.2264","9.27579","81","5.0","624","653","1277","61","47","108","685","700","1385","7.8"
"18130","Rosasco","LOMBARDIA","Pavia","PV","27030","45.2501","8.57754","114","19.8","298","322","620","11","7","18","309","329","638","2.8"
"18131","Rovescala","LOMBARDIA","Pavia","PV","27040","45.012","9.34936","250","8.3","383","387","770","70","77","147","453","464","917","16.0"
"18132","Ruino","LOMBARDIA","Pavia","PV","27040","44.9152","9.24825","526","21.3","365","349","714","14","17","31","379","366","745","4.2"
"18133","San Cipriano Po","LOMBARDIA","Pavia","PV","27043","45.1064","9.28364","63","8.7","203","206","409","54","53","107","257","259","516","20.7"
"18134","San Damiano al Colle","LOMBARDIA","Pavia","PV","27040","45.0276","9.3487","216","6.4","321","323","644","29","46","75","350","369","719","10.4"
"18135","San Genesio ed Uniti","LOMBARDIA","Pavia","PV","27010","45.2356","9.17918","86","9.0","1848","1799","3647","83","58","141","1931","1857","3788","3.7"
"18136","San Giorgio di Lomellina","LOMBARDIA","Pavia","PV","27020","45.1735","8.79051","99","25.9","518","549","1067","49","39","88","567","588","1155","7.6"
"18137","San Martino Siccomario","LOMBARDIA","Pavia","PV","27028","45.1584","9.13666","63","14.3","2824","2538","5362","224","152","376","3048","2690","5738","6.6"
"18138","Sannazzaro de' Burgondi","LOMBARDIA","Pavia","PV","27039","45.1031","8.90805","87","23.3","2594","2442","5036","303","305","608","2897","2747","5644","10.8"
"18139","Santa Cristina e Bissone","LOMBARDIA","Pavia","PV","27010","45.1574","9.40147","71","22.2","883","900","1783","107","138","245","990","1038","2028","12.1"
"18140","Santa Giuletta","LOMBARDIA","Pavia","PV","27046","45.0355","9.18124","78","11.7","769","738","1507","95","83","178","864","821","1685","10.6"
"18141","Sant'Alessio con Vialone","LOMBARDIA","Pavia","PV","27016","45.222","9.22541","83","6.6","385","417","802","22","16","38","407","433","840","4.5"
"18142","Santa Margherita di Staffora","LOMBARDIA","Pavia","PV","27050","44.7648","9.25442","550","36.7","239","251","490","18","5","23","257","256","513","4.5"
"18143","Santa Maria della Versa","LOMBARDIA","Pavia","PV","27047","44.9868","9.30039","199","18.7","1103","1000","2103","186","187","373","1289","1187","2476","15.1"
"18144","Sant'Angelo Lomellina","LOMBARDIA","Pavia","PV","27030","45.2465","8.64361","112","10.4","391","406","797","38","29","67","429","435","864","7.8"
"18145","San Zenone al Po","LOMBARDIA","Pavia","PV","27010","45.1087","9.36203","59","6.9","249","242","491","59","48","107","308","290","598","17.9"
"18146","Sartirana Lomellina","LOMBARDIA","Pavia","PV","27020","45.115","8.66634","99","29.5","880","800","1680","40","40","80","920","840","1760","4.5"
"18147","Scaldasole","LOMBARDIA","Pavia","PV","27020","45.1235","8.90805","86","11.6","469","444","913","25","29","54","494","473","967","5.6"
"18148","Semiana","LOMBARDIA","Pavia","PV","27020","45.1383","8.72797","97","9.9","115","120","235","12","10","22","127","130","257","8.6"
"18149","Silvano Pietra","LOMBARDIA","Pavia","PV","27050","45.0407","8.94846","83","13.8","318","311","629","26","25","51","344","336","680","7.5"
"18150","Siziano","LOMBARDIA","Pavia","PV","27010","45.3174","9.20236","93","11.8","2758","2646","5404","214","189","403","2972","2835","5807","6.9"
"18151","Sommo","LOMBARDIA","Pavia","PV","27048","45.1276","9.08084","80","14.3","548","546","1094","30","22","52","578","568","1146","4.5"
"18152","Spessa","LOMBARDIA","Pavia","PV","27010","45.1134","9.34925","61","12.2","278","273","551","28","23","51","306","296","602","8.5"
"18153","Stradella","LOMBARDIA","Pavia","PV","27049","45.079","9.30226","101","18.8","5358","4833","10191","744","704","1448","6102","5537","11639","12.4"
"18154","Suardi","LOMBARDIA","Pavia","PV","27030","45.0349","8.74277","84","9.8","320","302","622","16","13","29","336","315","651","4.5"
"18155","Torrazza Coste","LOMBARDIA","Pavia","PV","27050","44.9761","9.08614","159","16.1","792","788","1580","68","45","113","860","833","1693","6.7"
"18156","Torre Beretti e Castellaro","LOMBARDIA","Pavia","PV","27030","45.0601","8.67284","89","17.6","256","254","510","39","39","78","295","293","588","13.3"
"18157","Torre d'Arese","LOMBARDIA","Pavia","PV","27010","45.2397","9.31674","78","4.4","417","448","865","61","51","112","478","499","977","11.5"
"18158","Torre de' Negri","LOMBARDIA","Pavia","PV","27011","45.1488","9.33366","73","4.1","165","160","325","7","15","22","172","175","347","6.3"
"18159","Torre d'Isola","LOMBARDIA","Pavia","PV","27020","45.2174","9.07704","84","16.4","1163","1146","2309","54","32","86","1217","1178","2395","3.6"
"18160","Torrevecchia Pia","LOMBARDIA","Pavia","PV","27010","45.2833","9.29669","84","16.3","1551","1649","3200","133","94","227","1684","1743","3427","6.6"
"18161","Torricella Verzate","LOMBARDIA","Pavia","PV","27050","45.0178","9.17432","160","3.6","400","384","784","27","26","53","427","410","837","6.3"
"18162","Travacò Siccomario","LOMBARDIA","Pavia","PV","27020","45.1521","9.16183","61","15.1","2134","2041","4175","103","83","186","2237","2124","4361","4.3"
"18163","Trivolzio","LOMBARDIA","Pavia","PV","27020","45.2614","9.04744","97","3.9","933","952","1885","85","66","151","1018","1018","2036","7.4"
"18164","Tromello","LOMBARDIA","Pavia","PV","27020","45.2103","8.87261","97","35.2","1837","1710","3547","148","133","281","1985","1843","3828","7.3"
"18165","Trovo","LOMBARDIA","Pavia","PV","27020","45.2824","9.03555","97","8.0","472","497","969","31","23","54","503","520","1023","5.3"
"18166","Val di Nizza","LOMBARDIA","Pavia","PV","27050","44.8776","9.17937","412","29.6","310","313","623","21","11","32","331","324","655","4.9"
"18167","Valeggio","LOMBARDIA","Pavia","PV","27020","45.1496","8.86233","93","9.8","99","120","219","7","10","17","106","130","236","7.2"
"18168","Valle Lomellina","LOMBARDIA","Pavia","PV","27020","45.1509","8.66494","101","27.1","1003","940","1943","97","113","210","1100","1053","2153","9.8"
"18169","Valle Salimbene","LOMBARDIA","Pavia","PV","27010","45.1728","9.23422","71","7.1","705","726","1431","63","43","106","768","769","1537","6.9"
"18170","Valverde","LOMBARDIA","Pavia","PV","27050","44.8645","9.23399","567","14.8","143","143","286","8","5","13","151","148","299","4.3"
"18171","Varzi","LOMBARDIA","Pavia","PV","27057","44.8235","9.19619","416","58.8","1630","1449","3079","178","148","326","1808","1597","3405","9.6"
"18172","Velezzo Lomellina","LOMBARDIA","Pavia","PV","27020","45.1635","8.73764","98","8.6","43","54","97","3","1","4","46","55","101","4.0"
"18173","Vellezzo Bellini","LOMBARDIA","Pavia","PV","27010","45.2698","9.09942","94","7.9","1412","1429","2841","126","99","225","1538","1528","3066","7.3"
"18174","Verretto","LOMBARDIA","Pavia","PV","27053","45.04","9.10646","78","2.7","179","191","370","9","7","16","188","198","386","4.1"
"18175","Verrua Po","LOMBARDIA","Pavia","PV","27040","45.1101","9.17519","64","11.3","647","624","1271","28","20","48","675","644","1319","3.6"
"18176","Vidigulfo","LOMBARDIA","Pavia","PV","27018","45.292","9.23468","88","15.8","2737","2753","5490","231","212","443","2968","2965","5933","7.5"
"18177","Vigevano","LOMBARDIA","Pavia","PV","27029","45.3219","8.84667","116","82.4","28087","25373","53460","3412","3237","6649","31499","28610","60109","11.1"
"18178","Villa Biscossi","LOMBARDIA","Pavia","PV","27035","45.0859","8.78437","90","5.0","40","32","72","2","1","3","42","33","75","4.0"
"18179","Villanova d'Ardenghi","LOMBARDIA","Pavia","PV","27030","45.1734","9.03966","86","6.8","371","367","738","18","14","32","389","381","770","4.2"
"18180","Villanterio","LOMBARDIA","Pavia","PV","27019","45.2163","9.36212","75","14.5","1393","1350","2743","219","191","410","1612","1541","3153","13.0"
"18181","Vistarino","LOMBARDIA","Pavia","PV","27010","45.2094","9.3079","72","9.3","696","706","1402","71","73","144","767","779","1546","9.3"
"18182","Voghera","LOMBARDIA","Pavia","PV","27058","44.9917","9.01204","96","63.3","18273","16454","34727","1903","1544","3447","20176","17998","38174","9.0"
"18183","Volpara","LOMBARDIA","Pavia","PV","27047","44.9533","9.29724","357","3.9","65","62","127","3","3","6","68","65","133","4.5"
"18184","Zavattarello","LOMBARDIA","Pavia","PV","27059","44.8684","9.26533","550","28.4","460","460","920","67","49","116","527","509","1036","11.2"
"18185","Zeccone","LOMBARDIA","Pavia","PV","27010","45.2575","9.20249","86","5.5","825","800","1625","43","28","71","868","828","1696","4.2"
"18186","Zeme","LOMBARDIA","Pavia","PV","27030","45.1963","8.66484","104","25.0","480","525","1005","38","39","77","518","564","1082","7.1"
"18187","Zenevredo","LOMBARDIA","Pavia","PV","27049","45.0535","9.32612","204","5.3","221","223","444","19","15","34","240","238","478","7.1"
"18188","Zerbo","LOMBARDIA","Pavia","PV","27017","45.1111","9.394","68","6.4","241","195","436","6","3","9","247","198","445","2.0"
"18189","Zerbolò","LOMBARDIA","Pavia","PV","27020","45.2064","9.01352","68","37.8","779","775","1554","50","49","99","829","824","1653","6.0"
"18190","Zinasco","LOMBARDIA","Pavia","PV","27030","45.123","9.01351","84","29.5","1551","1468","3019","108","96","204","1659","1564","3223","6.3"
"19001","Acquanegra Cremonese","LOMBARDIA","Cremona","CR","26020","45.1686","9.89084","45","9.2","628","564","1192","51","59","110","679","623","1302","8.4"
"19002","Agnadello","LOMBARDIA","Cremona","CR","26020","45.4464","9.56229","94","12.1","1646","1689","3335","210","212","422","1856","1901","3757","11.2"
"19003","Annicco","LOMBARDIA","Cremona","CR","26021","45.2435","9.87793","60","19.3","952","903","1855","100","120","220","1052","1023","2075","10.6"
"19004","Azzanello","LOMBARDIA","Cremona","CR","26010","45.3127","9.92014","68","11.2","309","284","593","55","69","124","364","353","717","17.3"
"19005","Bagnolo Cremasco","LOMBARDIA","Cremona","CR","26010","45.3597","9.61406","82","10.4","2175","2193","4368","196","224","420","2371","2417","4788","8.8"
"19006","Bonemerse","LOMBARDIA","Cremona","CR","26040","45.1128","10.0796","40","5.9","713","709","1422","32","31","63","745","740","1485","4.2"
"19007","Bordolano","LOMBARDIA","Cremona","CR","26020","45.2896","9.9871","64","8.1","259","237","496","51","74","125","310","311","621","20.1"
"19008","Ca' d'Andrea","LOMBARDIA","Cremona","CR","26030","45.1196","10.277","34","17.1","211","189","400","32","48","80","243","237","480","16.7"
"19009","Calvatone","LOMBARDIA","Cremona","CR","26030","45.1267","10.4408","29","13.5","555","579","1134","66","60","126","621","639","1260","10.0"
"19010","Camisano","LOMBARDIA","Cremona","CR","26010","45.4429","9.74397","96","10.8","612","582","1194","66","43","109","678","625","1303","8.4"
"19011","Campagnola Cremasca","LOMBARDIA","Cremona","CR","26010","45.3983","9.66876","84","4.6","340","315","655","11","17","28","351","332","683","4.1"
"19012","Capergnanica","LOMBARDIA","Cremona","CR","26010","45.3379","9.64409","79","6.8","1007","1021","2028","36","31","67","1043","1052","2095","3.2"
"19013","Cappella Cantone","LOMBARDIA","Cremona","CR","26020","45.2457","9.83918","60","13.2","270","253","523","24","30","54","294","283","577","9.4"
"19014","Cappella de' Picenardi","LOMBARDIA","Cremona","CR","26030","45.1585","10.2299","42","14.2","183","157","340","43","56","99","226","213","439","22.6"
"19015","Capralba","LOMBARDIA","Cremona","CR","26010","45.4451","9.64479","96","13.4","1137","1183","2320","74","58","132","1211","1241","2452","5.4"
"19016","Casalbuttano ed Uniti","LOMBARDIA","Cremona","CR","26011","45.2515","9.96246","60","23.2","1907","1649","3556","252","295","547","2159","1944","4103","13.3"
"19017","Casale Cremasco-Vidolasco","LOMBARDIA","Cremona","CR","26010","45.4339","9.71447","92","9.0","764","817","1581","121","124","245","885","941","1826","13.4"
"19018","Casaletto Ceredano","LOMBARDIA","Cremona","CR","26010","45.3179","9.61821","65","6.5","547","564","1111","38","31","69","585","595","1180","5.8"
"19019","Casaletto di Sopra","LOMBARDIA","Cremona","CR","26014","45.4192","9.78281","89","8.6","241","249","490","24","34","58","265","283","548","10.6"
"19020","Casaletto Vaprio","LOMBARDIA","Cremona","CR","26010","45.4078","9.6269","87","5.4","813","786","1599","90","72","162","903","858","1761","9.2"
"19021","Casalmaggiore","LOMBARDIA","Cremona","CR","26041","44.9885","10.4209","26","63.7","6668","6225","12893","1032","1186","2218","7700","7411","15111","14.7"
"19022","Casalmorano","LOMBARDIA","Cremona","CR","26020","45.2863","9.89836","67","12.2","784","718","1502","83","95","178","867","813","1680","10.6"
"19023","Casteldidone","LOMBARDIA","Cremona","CR","26030","45.0704","10.4047","27","10.8","218","247","465","45","66","111","263","313","576","19.3"
"19024","Castel Gabbiano","LOMBARDIA","Cremona","CR","26010","45.4696","9.71724","100","5.8","189","200","389","33","33","66","222","233","455","14.5"
"19025","Castelleone","LOMBARDIA","Cremona","CR","26012","45.2948","9.76629","66","45.0","4319","4166","8485","530","491","1021","4849","4657","9506","10.7"
"19026","Castelverde","LOMBARDIA","Cremona","CR","26022","45.1881","9.99917","52","30.9","2645","2618","5263","209","179","388","2854","2797","5651","6.9"
"19027","Castelvisconti","LOMBARDIA","Cremona","CR","26010","45.3044","9.94266","66","9.7","136","139","275","19","36","55","155","175","330","16.7"
"19028","Cella Dati","LOMBARDIA","Cremona","CR","26040","45.0959","10.2214","34","19.1","255","254","509","23","21","44","278","275","553","8.0"
"19029","Chieve","LOMBARDIA","Cremona","CR","26010","45.3403","9.61469","77","6.3","1060","1047","2107","66","67","133","1126","1114","2240","5.9"
"19030","Cicognolo","LOMBARDIA","Cremona","CR","26030","45.1642","10.1958","44","7.0","436","411","847","60","48","108","496","459","955","11.3"
"19031","Cingia de' Botti","LOMBARDIA","Cremona","CR","26042","45.084","10.277","31","14.4","634","543","1177","85","109","194","719","652","1371","14.2"
"19032","Corte de' Cortesi con Cignone","LOMBARDIA","Cremona","CR","26020","45.2724","10.0075","60","12.8","420","422","842","138","143","281","558","565","1123","25.0"
"19033","Corte de' Frati","LOMBARDIA","Cremona","CR","26010","45.2191","10.0984","51","20.3","631","641","1272","75","76","151","706","717","1423","10.6"
"19034","Credera Rubbiano","LOMBARDIA","Cremona","CR","26010","45.3046","9.65662","70","14.4","773","785","1558","43","44","87","816","829","1645","5.3"
"19035","Crema","LOMBARDIA","Cremona","CR","26013","45.3643","9.68248","79","34.6","15756","14547","30303","1542","1246","2788","17298","15793","33091","8.4"
"19036","Cremona","LOMBARDIA","Cremona","CR","26100","45.1332","10.0227","45","70.4","32904","28864","61768","4098","3723","7821","37002","32587","69589","11.2"
"19037","Cremosano","LOMBARDIA","Cremona","CR","26010","45.3946","9.63944","83","5.8","734","767","1501","40","39","79","774","806","1580","5.0"
"19038","Crotta d'Adda","LOMBARDIA","Cremona","CR","26020","45.1583","9.85479","52","13.0","290","279","569","46","39","85","336","318","654","13.0"
"19039","Cumignano sul Naviglio","LOMBARDIA","Cremona","CR","26020","45.3548","9.83565","77","6.6","194","203","397","26","24","50","220","227","447","11.2"
"19040","Derovere","LOMBARDIA","Cremona","CR","26040","45.1103","10.249","36","9.9","150","143","293","9","8","17","159","151","310","5.5"
"19041","Dovera","LOMBARDIA","Cremona","CR","26010","45.3637","9.53698","76","20.5","1771","1791","3562","152","151","303","1923","1942","3865","7.8"
"19042","Drizzona","LOMBARDIA","Cremona","CR","26034","45.1417","10.3514","34","11.7","259","249","508","21","23","44","280","272","552","8.0"
"19043","Fiesco","LOMBARDIA","Cremona","CR","26010","45.337","9.77823","74","8.1","557","558","1115","46","39","85","603","597","1200","7.1"
"19044","Formigara","LOMBARDIA","Cremona","CR","26020","45.2224","9.7693","59","12.7","479","491","970","72","74","146","551","565","1116","13.1"
"19045","Gabbioneta-Binanuova","LOMBARDIA","Cremona","CR","26030","45.2316","10.1787","38","15.8","395","400","795","52","52","104","447","452","899","11.6"
"19046","Gadesco-Pieve Delmona","LOMBARDIA","Cremona","CR","26030","45.168","10.1267","44","17.1","898","922","1820","107","88","195","1005","1010","2015","9.7"
"19047","Genivolta","LOMBARDIA","Cremona","CR","26020","45.333","9.87704","70","18.7","535","506","1041","63","74","137","598","580","1178","11.6"
"19048","Gerre de' Caprioli","LOMBARDIA","Cremona","CR","26040","45.0908","10.0516","37","8.1","590","617","1207","42","34","76","632","651","1283","5.9"
"19049","Gombito","LOMBARDIA","Cremona","CR","26020","45.2614","9.73016","65","9.1","295","310","605","17","14","31","312","324","636","4.9"
"19050","Grontardo","LOMBARDIA","Cremona","CR","26044","45.2017","10.1508","46","12.2","647","644","1291","77","101","178","724","745","1469","12.1"
"19051","Grumello Cremonese ed Uniti","LOMBARDIA","Cremona","CR","26023","45.1937","9.86704","50","22.2","842","855","1697","96","80","176","938","935","1873","9.4"
"19052","Gussola","LOMBARDIA","Cremona","CR","26040","45.0132","10.352","28","25.4","1245","1175","2420","222","231","453","1467","1406","2873","15.8"
"19053","Isola Dovarese","LOMBARDIA","Cremona","CR","26031","45.176","10.3122","35","9.4","582","566","1148","47","36","83","629","602","1231","6.7"
"19054","Izano","LOMBARDIA","Cremona","CR","26010","45.3551","9.75479","77","6.3","993","1003","1996","36","36","72","1029","1039","2068","3.5"
"19055","Madignano","LOMBARDIA","Cremona","CR","26020","45.3442","9.7298","72","10.8","1362","1348","2710","116","105","221","1478","1453","2931","7.5"
"19056","Malagnino","LOMBARDIA","Cremona","CR","26030","45.1336","10.116","43","10.8","744","724","1468","32","25","57","776","749","1525","3.7"
"19057","Martignana di Po","LOMBARDIA","Cremona","CR","26040","45.0114","10.3828","26","14.7","826","816","1642","125","126","251","951","942","1893","13.3"
"19058","Monte Cremasco","LOMBARDIA","Cremona","CR","26010","45.3765","9.57313","84","2.4","1099","1072","2171","108","77","185","1207","1149","2356","7.9"
"19059","Montodine","LOMBARDIA","Cremona","CR","26010","45.2862","9.70986","67","11.8","1208","1250","2458","81","67","148","1289","1317","2606","5.7"
"19060","Moscazzano","LOMBARDIA","Cremona","CR","26010","45.2928","9.68237","68","7.9","365","381","746","40","36","76","405","417","822","9.2"
"19061","Motta Baluffi","LOMBARDIA","Cremona","CR","26045","45.0553","10.2573","31","16.7","414","387","801","80","99","179","494","486","980","18.3"
"19062","Offanengo","LOMBARDIA","Cremona","CR","26010","45.3795","9.74439","83","12.5","2731","2650","5381","231","257","488","2962","2907","5869","8.3"
"19063","Olmeneta","LOMBARDIA","Cremona","CR","26010","45.2402","10.0267","55","9.2","471","437","908","32","27","59","503","464","967","6.1"
"19064","Ostiano","LOMBARDIA","Cremona","CR","26032","45.2239","10.2536","43","19.4","1360","1276","2636","167","217","384","1527","1493","3020","12.7"
"19065","Paderno Ponchielli","LOMBARDIA","Cremona","CR","26024","45.238","9.92778","58","23.9","698","597","1295","89","96","185","787","693","1480","12.5"
"19066","Palazzo Pignano","LOMBARDIA","Cremona","CR","26020","45.3914","9.57071","87","8.9","1740","1821","3561","138","149","287","1878","1970","3848","7.5"
"19067","Pandino","LOMBARDIA","Cremona","CR","26025","45.4052","9.55163","85","22.2","4042","3930","7972","468","445","913","4510","4375","8885","10.3"
"19068","Persico Dosimo","LOMBARDIA","Cremona","CR","26043","45.1725","10.0681","48","20.5","1584","1544","3128","119","125","244","1703","1669","3372","7.2"
"19069","Pescarolo ed Uniti","LOMBARDIA","Cremona","CR","26033","45.1943","10.1872","45","16.6","715","695","1410","92","106","198","807","801","1608","12.3"
"19070","Pessina Cremonese","LOMBARDIA","Cremona","CR","26030","45.1861","10.2479","42","22.1","268","294","562","57","54","111","325","348","673","16.5"
"19071","Piadena","LOMBARDIA","Cremona","CR","26034","45.1303","10.3667","34","19.8","1581","1458","3039","269","272","541","1850","1730","3580","15.1"
"19072","Pianengo","LOMBARDIA","Cremona","CR","26010","45.4014","9.6932","83","5.9","1185","1211","2396","90","75","165","1275","1286","2561","6.4"
"19073","Pieranica","LOMBARDIA","Cremona","CR","26017","45.4255","9.60749","90","2.8","539","536","1075","40","37","77","579","573","1152","6.7"
"19074","Pieve d'Olmi","LOMBARDIA","Cremona","CR","26040","45.0883","10.1253","36","19.4","620","557","1177","55","63","118","675","620","1295","9.1"
"19075","Pieve San Giacomo","LOMBARDIA","Cremona","CR","26035","45.1275","10.1871","39","14.9","709","692","1401","110","113","223","819","805","1624","13.7"
"19076","Pizzighettone","LOMBARDIA","Cremona","CR","26026","45.1864","9.79018","46","32.1","3221","2994","6215","248","240","488","3469","3234","6703","7.3"
"19077","Pozzaglio ed Uniti","LOMBARDIA","Cremona","CR","26010","45.2","10.0495","50","20.4","647","696","1343","67","61","128","714","757","1471","8.7"
"19078","Quintano","LOMBARDIA","Cremona","CR","26017","45.4193","9.61583","93","2.8","401","426","827","46","37","83","447","463","910","9.1"
"19079","Ricengo","LOMBARDIA","Cremona","CR","26010","45.4066","9.72697","86","12.6","781","837","1618","78","74","152","859","911","1770","8.6"
"19080","Ripalta Arpina","LOMBARDIA","Cremona","CR","26010","45.302","9.72723","72","6.9","494","487","981","40","34","74","534","521","1055","7.0"
"19081","Ripalta Cremasca","LOMBARDIA","Cremona","CR","26010","45.3328","9.69368","78","11.8","1589","1631","3220","104","70","174","1693","1701","3394","5.1"
"19082","Ripalta Guerina","LOMBARDIA","Cremona","CR","26010","45.3059","9.70522","73","3.0","247","276","523","7","5","12","254","281","535","2.2"
"19083","Rivarolo del Re ed Uniti","LOMBARDIA","Cremona","CR","26036","45.0295","10.4712","22","27.3","890","899","1789","127","161","288","1017","1060","2077","13.9"
"19084","Rivolta d'Adda","LOMBARDIA","Cremona","CR","26027","45.4705","9.51302","101","29.9","3722","3472","7194","376","348","724","4098","3820","7918","9.1"
"19085","Robecco d'Oglio","LOMBARDIA","Cremona","CR","26010","45.2589","10.0781","48","18.1","1125","981","2106","176","156","332","1301","1137","2438","13.6"
"19086","Romanengo","LOMBARDIA","Cremona","CR","26014","45.3792","9.7837","83","14.9","1367","1304","2671","165","185","350","1532","1489","3021","11.6"
"19087","Salvirola","LOMBARDIA","Cremona","CR","26010","45.357","9.77361","75","7.4","551","561","1112","35","22","57","586","583","1169","4.9"
"19088","San Bassano","LOMBARDIA","Cremona","CR","26020","45.2431","9.80681","59","13.9","1030","905","1935","124","148","272","1154","1053","2207","12.3"
"19089","San Daniele Po","LOMBARDIA","Cremona","CR","26046","45.0561","10.1844","33","22.7","665","636","1301","52","66","118","717","702","1419","8.3"
"19090","San Giovanni in Croce","LOMBARDIA","Cremona","CR","26037","45.0789","10.3738","28","16.1","818","753","1571","149","155","304","967","908","1875","16.2"
"19091","San Martino del Lago","LOMBARDIA","Cremona","CR","26040","45.0728","10.3163","31","10.4","208","215","423","25","25","50","233","240","473","10.6"
"19092","Scandolara Ravara","LOMBARDIA","Cremona","CR","26040","45.0488","10.317","30","17.1","657","636","1293","96","77","173","753","713","1466","11.8"
"19093","Scandolara Ripa d'Oglio","LOMBARDIA","Cremona","CR","26047","45.2215","10.1561","47","5.7","252","266","518","48","57","105","300","323","623","16.9"
"19094","Sergnano","LOMBARDIA","Cremona","CR","26010","45.4267","9.70214","91","12.5","1593","1677","3270","188","173","361","1781","1850","3631","9.9"
"19095","Sesto ed Uniti","LOMBARDIA","Cremona","CR","26028","45.1774","9.91458","52","26.5","1415","1351","2766","156","153","309","1571","1504","3075","10.0"
"19096","Solarolo Rainerio","LOMBARDIA","Cremona","CR","26030","45.0815","10.3558","28","11.5","422","387","809","89","109","198","511","496","1007","19.7"
"19097","Soncino","LOMBARDIA","Cremona","CR","26029","45.3998","9.87339","86","45.3","3555","3429","6984","353","362","715","3908","3791","7699","9.3"
"19098","Soresina","LOMBARDIA","Cremona","CR","26015","45.2873","9.85763","70","28.5","4020","3573","7593","640","762","1402","4660","4335","8995","15.6"
"19099","Sospiro","LOMBARDIA","Cremona","CR","26048","45.1059","10.1593","36","19.1","1486","1552","3038","97","101","198","1583","1653","3236","6.1"
"19100","Spinadesco","LOMBARDIA","Cremona","CR","26020","45.1482","9.92785","48","17.2","747","739","1486","42","47","89","789","786","1575","5.7"
"19101","Spineda","LOMBARDIA","Cremona","CR","26030","45.0605","10.5154","23","10.3","304","273","577","24","32","56","328","305","633","8.8"
"19102","Spino d'Adda","LOMBARDIA","Cremona","CR","26016","45.4034","9.49274","84","19.9","3109","3117","6226","330","295","625","3439","3412","6851","9.1"
"19103","Stagno Lombardo","LOMBARDIA","Cremona","CR","26049","45.0724","10.0881","36","40.0","709","693","1402","78","90","168","787","783","1570","10.7"
"19104","Ticengo","LOMBARDIA","Cremona","CR","26020","45.3702","9.82654","76","8.1","220","204","424","12","12","24","232","216","448","5.4"
"19105","Torlino Vimercati","LOMBARDIA","Cremona","CR","26017","45.4181","9.59622","88","5.7","196","197","393","31","25","56","227","222","449","12.5"
"19106","Tornata","LOMBARDIA","Cremona","CR","26030","45.1052","10.4308","29","10.3","212","216","428","33","30","63","245","246","491","12.8"
"19107","Torre de' Picenardi","LOMBARDIA","Cremona","CR","26038","45.1442","10.2872","37","17.1","843","828","1671","48","50","98","891","878","1769","5.5"
"19108","Torricella del Pizzo","LOMBARDIA","Cremona","CR","26040","45.019","10.2915","29","24.3","275","265","540","67","71","138","342","336","678","20.4"
"19109","Trescore Cremasco","LOMBARDIA","Cremona","CR","26017","45.4009","9.63012","86","5.9","1311","1284","2595","159","128","287","1470","1412","2882","10.0"
"19110","Trigolo","LOMBARDIA","Cremona","CR","26018","45.3301","9.81309","70","16.2","812","765","1577","85","98","183","897","863","1760","10.4"
"19111","Vaiano Cremasco","LOMBARDIA","Cremona","CR","26010","45.3699","9.58912","82","6.3","1753","1806","3559","172","138","310","1925","1944","3869","8.0"
"19112","Vailate","LOMBARDIA","Cremona","CR","26019","45.4618","9.60265","103","9.8","1984","1954","3938","254","268","522","2238","2222","4460","11.7"
"19113","Vescovato","LOMBARDIA","Cremona","CR","26039","45.1789","10.1671","46","17.4","1798","1697","3495","230","266","496","2028","1963","3991","12.4"
"19114","Volongo","LOMBARDIA","Cremona","CR","26030","45.2123","10.3002","43","8.0","238","253","491","35","52","87","273","305","578","15.1"
"19115","Voltido","LOMBARDIA","Cremona","CR","26030","45.1114","10.335","35","12.3","177","207","384","10","11","21","187","218","405","5.2"
"20001","Acquanegra sul Chiese","LOMBARDIA","Mantova","MN","46011","45.1636","10.4328","31","28.3","1352","1333","2685","147","164","311","1499","1497","2996","10.4"
"20002","Asola","LOMBARDIA","Mantova","MN","46041","45.2201","10.413","42","73.6","4504","4161","8665","711","701","1412","5215","4862","10077","14.0"
"20003","Bagnolo San Vito","LOMBARDIA","Mantova","MN","46031","45.0923","10.8781","19","49.3","2690","2582","5272","320","282","602","3010","2864","5874","10.2"
"20004","Bigarello","LOMBARDIA","Mantova","MN","46030","45.2025","10.9262","23","27.0","965","979","1944","76","63","139","1041","1042","2083","6.7"
"20005","Borgoforte","LOMBARDIA","Mantova","MN","46030","45.0513","10.7487","19","38.9","1538","1469","3007","236","244","480","1774","1713","3487","13.8"
"20006","Borgofranco sul Po","LOMBARDIA","Mantova","MN","46020","45.0501","11.203","14","15.0","383","339","722","33","35","68","416","374","790","8.6"
"20007","Bozzolo","LOMBARDIA","Mantova","MN","46012","45.1036","10.4829","30","18.8","1909","1772","3681","242","258","500","2151","2030","4181","12.0"
"20008","Canneto sull'Oglio","LOMBARDIA","Mantova","MN","46013","45.1516","10.3829","34","25.9","1946","1875","3821","339","351","690","2285","2226","4511","15.3"
"20009","Carbonara di Po","LOMBARDIA","Mantova","MN","46020","45.0381","11.223","14","15.2","590","578","1168","71","94","165","661","672","1333","12.4"
"20010","Casalmoro","LOMBARDIA","Mantova","MN","46040","45.2604","10.4057","47","13.9","915","910","1825","180","199","379","1095","1109","2204","17.2"
"20011","Casaloldo","LOMBARDIA","Mantova","MN","46040","45.2544","10.4734","45","16.8","1092","1058","2150","223","248","471","1315","1306","2621","18.0"
"20012","Casalromano","LOMBARDIA","Mantova","MN","46040","45.1984","10.3672","42","11.9","672","638","1310","109","132","241","781","770","1551","15.5"
"20013","Castelbelforte","LOMBARDIA","Mantova","MN","46032","45.215","10.8919","27","22.3","1393","1356","2749","165","155","320","1558","1511","3069","10.4"
"20014","Castel d'Ario","LOMBARDIA","Mantova","MN","46033","45.1887","10.976","24","22.4","2093","1913","4006","373","408","781","2466","2321","4787","16.3"
"20015","Castel Goffredo","LOMBARDIA","Mantova","MN","46042","45.2989","10.4768","53","42.2","4892","4777","9669","1131","1265","2396","6023","6042","12065","19.9"
"20016","Castellucchio","LOMBARDIA","Mantova","MN","46014","45.1523","10.65","26","46.5","2381","2283","4664","236","305","541","2617","2588","5205","10.4"
"20017","Castiglione delle Stiviere","LOMBARDIA","Mantova","MN","46043","45.3874","10.483","116","42.1","9160","8716","17876","2033","2143","4176","11193","10859","22052","18.9"
"20018","Cavriana","LOMBARDIA","Mantova","MN","46040","45.3475","10.6026","170","36.8","1799","1707","3506","225","180","405","2024","1887","3911","10.4"
"20019","Ceresara","LOMBARDIA","Mantova","MN","46040","45.2626","10.5648","44","37.8","1231","1240","2471","113","128","241","1344","1368","2712","8.9"
"20020","Commessaggio","LOMBARDIA","Mantova","MN","46010","45.0352","10.5442","22","11.6","541","515","1056","56","57","113","597","572","1169","9.7"
"20021","Curtatone","LOMBARDIA","Mantova","MN","46010","45.1531","10.7149","26","67.5","7119","6746","13865","396","309","705","7515","7055","14570","4.8"
"20022","Dosolo","LOMBARDIA","Mantova","MN","46030","44.953","10.635","25","26.0","1506","1454","2960","209","216","425","1715","1670","3385","12.6"
"20023","Felonica","LOMBARDIA","Mantova","MN","46022","44.9789","11.3539","11","22.5","705","659","1364","48","52","100","753","711","1464","6.8"
"20024","Gazoldo degli Ippoliti","LOMBARDIA","Mantova","MN","46040","45.2005","10.5822","35","12.9","1260","1258","2518","216","234","450","1476","1492","2968","15.2"
"20025","Gazzuolo","LOMBARDIA","Mantova","MN","46010","45.0683","10.5822","25","22.3","1106","1006","2112","125","155","280","1231","1161","2392","11.7"
"20026","Goito","LOMBARDIA","Mantova","MN","46044","45.2517","10.6661","33","78.8","4668","4432","9100","576","613","1189","5244","5045","10289","11.6"
"20027","Gonzaga","LOMBARDIA","Mantova","MN","46023","44.9525","10.8227","22","49.8","3952","3929","7881","625","632","1257","4577","4561","9138","13.8"
"20028","Guidizzolo","LOMBARDIA","Mantova","MN","46040","45.3201","10.5782","61","22.5","2674","2454","5128","476","543","1019","3150","2997","6147","16.6"
"20029","Magnacavallo","LOMBARDIA","Mantova","MN","46020","45.0048","11.182","11","28.2","743","728","1471","93","105","198","836","833","1669","11.9"
"20030","Mantova","LOMBARDIA","Mantova","MN","46100","45.1564","10.7914","19","64.0","22373","19038","41411","2850","2388","5238","25223","21426","46649","11.2"
"20031","Marcaria","LOMBARDIA","Mantova","MN","46010","45.1194","10.5339","25","89.7","3236","3047","6283","318","312","630","3554","3359","6913","9.1"
"20032","Mariana Mantovana","LOMBARDIA","Mantova","MN","46010","45.1928","10.4875","36","8.8","344","312","656","37","36","73","381","348","729","10.0"
"20033","Marmirolo","LOMBARDIA","Mantova","MN","46045","45.22","10.758","29","42.2","3625","3421","7046","379","334","713","4004","3755","7759","9.2"
"20034","Medole","LOMBARDIA","Mantova","MN","46046","45.3246","10.512","62","25.9","1794","1671","3465","295","278","573","2089","1949","4038","14.2"
"20035","Moglia","LOMBARDIA","Mantova","MN","46024","44.9338","10.9121","20","31.6","2677","2517","5194","359","370","729","3036","2887","5923","12.3"
"20036","Monzambano","LOMBARDIA","Mantova","MN","46040","45.3868","10.6937","88","30.0","2134","2175","4309","275","253","528","2409","2428","4837","10.9"
"20037","Motteggiana","LOMBARDIA","Mantova","MN","46020","45.0328","10.7628","20","24.6","1021","1030","2051","216","249","465","1237","1279","2516","18.5"
"20038","Ostiglia","LOMBARDIA","Mantova","MN","46035","45.0705","11.1402","13","39.7","3155","2909","6064","442","434","876","3597","3343","6940","12.6"
"20039","Pegognaga","LOMBARDIA","Mantova","MN","46020","44.997","10.8577","22","46.7","3290","3132","6422","390","432","822","3680","3564","7244","11.3"
"20040","Pieve di Coriano","LOMBARDIA","Mantova","MN","46020","45.0334","11.107","16","12.6","486","473","959","45","37","82","531","510","1041","7.9"
"20041","Piubega","LOMBARDIA","Mantova","MN","46040","45.2262","10.533","40","16.4","814","805","1619","72","77","149","886","882","1768","8.4"
"20042","Poggio Rusco","LOMBARDIA","Mantova","MN","46025","44.9758","11.1392","16","42.4","2959","2779","5738","375","408","783","3334","3187","6521","12.0"
"20043","Pomponesco","LOMBARDIA","Mantova","MN","46030","44.9298","10.5974","23","12.3","782","737","1519","114","130","244","896","867","1763","13.8"
"20044","Ponti sul Mincio","LOMBARDIA","Mantova","MN","46040","45.4121","10.6861","113","11.8","1052","1031","2083","110","79","189","1162","1110","2272","8.3"
"20045","Porto Mantovano","LOMBARDIA","Mantova","MN","46047","45.1894","10.7899","29","37.4","7568","7314","14882","577","459","1036","8145","7773","15918","6.5"
"20046","Quingentole","LOMBARDIA","Mantova","MN","46020","45.0363","11.0449","16","14.3","547","514","1061","71","62","133","618","576","1194","11.1"
"20047","Quistello","LOMBARDIA","Mantova","MN","46026","45.0044","10.9787","17","45.4","2714","2532","5246","268","208","476","2982","2740","5722","8.3"
"20048","Redondesco","LOMBARDIA","Mantova","MN","46010","45.1684","10.5142","31","19.1","622","597","1219","52","64","116","674","661","1335","8.7"
"20049","Revere","LOMBARDIA","Mantova","MN","46036","45.0544","11.1331","16","14.2","1184","1103","2287","140","118","258","1324","1221","2545","10.1"
"20050","Rivarolo Mantovano","LOMBARDIA","Mantova","MN","46017","45.0721","10.4326","26","25.5","1230","1131","2361","113","134","247","1343","1265","2608","9.5"
"20051","Rodigo","LOMBARDIA","Mantova","MN","46040","45.1988","10.6255","31","41.6","2530","2400","4930","204","226","430","2734","2626","5360","8.0"
"20052","Roncoferraro","LOMBARDIA","Mantova","MN","46037","45.1348","10.9546","25","63.4","3373","3214","6587","329","285","614","3702","3499","7201","8.5"
"20053","Roverbella","LOMBARDIA","Mantova","MN","46048","45.2668","10.77","48","63.2","3732","3663","7395","560","545","1105","4292","4208","8500","13.0"
"20054","Sabbioneta","LOMBARDIA","Mantova","MN","46018","44.9956","10.4859","18","37.4","1989","1947","3936","192","185","377","2181","2132","4313","8.7"
"20055","San Benedetto Po","LOMBARDIA","Mantova","MN","46027","45.0391","10.9282","19","69.6","3437","3301","6738","447","539","986","3884","3840","7724","12.8"
"20056","San Giacomo delle Segnate","LOMBARDIA","Mantova","MN","46020","44.9738","11.0301","16","16.3","766","741","1507","139","133","272","905","874","1779","15.3"
"20057","San Giorgio di Mantova","LOMBARDIA","Mantova","MN","46030","45.1655","10.8438","21","24.5","4421","4317","8738","357","303","660","4778","4620","9398","7.0"
"20058","San Giovanni del Dosso","LOMBARDIA","Mantova","MN","46020","44.9686","11.0822","16","15.3","575","535","1110","88","100","188","663","635","1298","14.5"
"20059","San Martino dall'Argine","LOMBARDIA","Mantova","MN","46010","45.0978","10.518","29","17.0","872","821","1693","64","54","118","936","875","1811","6.5"
"20060","Schivenoglia","LOMBARDIA","Mantova","MN","46020","44.9963","11.0705","16","13.2","565","539","1104","67","69","136","632","608","1240","11.0"
"20061","Sermide","LOMBARDIA","Mantova","MN","46028","45.004","11.2992","12","56.9","2883","2656","5539","350","373","723","3233","3029","6262","11.5"
"20062","Serravalle a Po","LOMBARDIA","Mantova","MN","46030","45.0723","11.0999","15","26.3","733","682","1415","86","92","178","819","774","1593","11.2"
"20063","Solferino","LOMBARDIA","Mantova","MN","46040","45.3725","10.5668","124","13.1","1190","1135","2325","110","96","206","1300","1231","2531","8.1"
"20064","Sustinente","LOMBARDIA","Mantova","MN","46030","45.0695","11.0182","17","26.3","1072","955","2027","117","96","213","1189","1051","2240","9.5"
"20065","Suzzara","LOMBARDIA","Mantova","MN","46029","44.9919","10.7425","20","60.8","8788","8257","17045","1672","1828","3500","10460","10085","20545","17.0"
"20066","Viadana","LOMBARDIA","Mantova","MN","46019","44.924","10.5178","26","102.2","8172","7834","16006","1483","1668","3151","9655","9502","19157","16.4"
"20067","Villa Poma","LOMBARDIA","Mantova","MN","46020","45.0004","11.1139","13","14.3","1003","901","1904","69","60","129","1072","961","2033","6.3"
"20068","Villimpenta","LOMBARDIA","Mantova","MN","46039","45.1465","11.0318","18","15.0","998","878","1876","157","172","329","1155","1050","2205","14.9"
"20069","Virgilio","LOMBARDIA","Mantova","MN","46030","45.1136","10.7827","22","31.3","5078","4789","9867","537","509","1046","5615","5298","10913","9.6"
"20070","Volta Mantovana","LOMBARDIA","Mantova","MN","46049","45.3226","10.6557","91","50.3","3413","3234","6647","340","311","651","3753","3545","7298","8.9"
"21001","Aldino","TRENTINO-ALTO ADIGE","Bolzano","BZ","39040","46.3655","11.3556","1.225","63.2","803","810","1613","24","14","38","827","824","1651","2.3"
"21002","Andriano","TRENTINO-ALTO ADIGE","Bolzano","BZ","39010","46.519","11.2337","274","4.9","479","503","982","28","25","53","507","528","1035","5.1"
"21003","Anterivo","TRENTINO-ALTO ADIGE","Bolzano","BZ","39040","46.2778","11.3665","1.209","11.1","180","194","374","5","4","9","185","198","383","2.3"
"21004","Appiano sulla strada del vino","TRENTINO-ALTO ADIGE","Bolzano","BZ","39057","46.4553","11.2587","416","59.7","6519","6380","12899","591","498","1089","7110","6878","13988","7.8"
"21005","Avelengo","TRENTINO-ALTO ADIGE","Bolzano","BZ","39010","46.6467","11.2244","1.290","27.4","354","347","701","22","16","38","376","363","739","5.1"
"21006","Badia","TRENTINO-ALTO ADIGE","Bolzano","BZ","39036","46.6092","11.8942","1.315","82.9","1668","1627","3295","46","19","65","1714","1646","3360","1.9"
"21007","Barbiano","TRENTINO-ALTO ADIGE","Bolzano","BZ","39040","46.6052","11.5012","830","24.4","740","786","1526","38","32","70","778","818","1596","4.4"
"21008","Bolzano","TRENTINO-ALTO ADIGE","Bolzano","BZ","39100","46.4947","11.3455","262","52.3","47030","42859","89889","6820","5866","12686","53850","48725","102575","12.4"
"21009","Braies","TRENTINO-ALTO ADIGE","Bolzano","BZ","39030","46.7191","12.1293","1.213","88.9","327","328","655","10","7","17","337","335","672","2.5"
"21010","Brennero","TRENTINO-ALTO ADIGE","Bolzano","BZ","39041","46.9991","11.5025","1.098","114.3","868","943","1811","146","130","276","1014","1073","2087","13.2"
"21011","Bressanone","TRENTINO-ALTO ADIGE","Bolzano","BZ","39042","46.7172","11.6575","559","84.9","9658","9116","18774","1011","892","1903","10669","10008","20677","9.2"
"21012","Bronzolo","TRENTINO-ALTO ADIGE","Bolzano","BZ","39051","46.4036","11.3256","238","7.5","1221","1205","2426","107","95","202","1328","1300","2628","7.7"
"21013","Brunico","TRENTINO-ALTO ADIGE","Bolzano","BZ","39031","46.7966","11.938","838","45.1","7076","6959","14035","717","645","1362","7793","7604","15397","8.8"
"21014","Caines","TRENTINO-ALTO ADIGE","Bolzano","BZ","39010","46.6963","11.1754","592","1.7","208","198","406","5","2","7","213","200","413","1.7"
"21015","Caldaro sulla strada del vino","TRENTINO-ALTO ADIGE","Bolzano","BZ","39052","46.3973","11.2421","425","48.0","3653","3448","7101","317","242","559","3970","3690","7660","7.3"
"21016","Campo di Trens","TRENTINO-ALTO ADIGE","Bolzano","BZ","39040","46.8595","11.5038","937","95.3","1226","1313","2539","64","68","132","1290","1381","2671","4.9"
"21017","Campo Tures","TRENTINO-ALTO ADIGE","Bolzano","BZ","39032","46.9196","11.952","864","164.5","2521","2524","5045","124","103","227","2645","2627","5272","4.3"
"21018","Castelbello-Ciardes","TRENTINO-ALTO ADIGE","Bolzano","BZ","39020","46.6279","10.9066","587","53.9","1094","1173","2267","71","40","111","1165","1213","2378","4.7"
"21019","Castelrotto","TRENTINO-ALTO ADIGE","Bolzano","BZ","39040","46.5681","11.564","1.060","117.8","3037","3081","6118","177","164","341","3214","3245","6459","5.3"
"21020","Cermes","TRENTINO-ALTO ADIGE","Bolzano","BZ","39010","46.633","11.1462","292","6.6","674","652","1326","45","40","85","719","692","1411","6.0"
"21021","Chienes","TRENTINO-ALTO ADIGE","Bolzano","BZ","39030","46.8061","11.8386","784","33.8","1286","1316","2602","46","47","93","1332","1363","2695","3.5"
"21022","Chiusa","TRENTINO-ALTO ADIGE","Bolzano","BZ","39043","46.6375","11.561","523","51.4","2414","2436","4850","158","136","294","2572","2572","5144","5.7"
"21023","Cornedo all'Isarco","TRENTINO-ALTO ADIGE","Bolzano","BZ","39053","46.4716","11.4719","290","40.4","1518","1631","3149","97","66","163","1615","1697","3312","4.9"
"21024","Cortaccia sulla strada del vino","TRENTINO-ALTO ADIGE","Bolzano","BZ","39040","46.3091","11.2008","333","29.4","1066","1061","2127","58","43","101","1124","1104","2228","4.5"
"21025","Cortina sulla strada del vino","TRENTINO-ALTO ADIGE","Bolzano","BZ","39040","46.2656","11.2239","212","2.0","302","301","603","29","24","53","331","325","656","8.1"
"21026","Corvara in Badia","TRENTINO-ALTO ADIGE","Bolzano","BZ","39033","46.5526","11.8743","1.568","42.2","638","657","1295","19","6","25","657","663","1320","1.9"
"21027","Curon Venosta","TRENTINO-ALTO ADIGE","Bolzano","BZ","39027","46.8205","10.596","1.520","210.2","1120","1217","2337","61","25","86","1181","1242","2423","3.5"
"21028","Dobbiaco","TRENTINO-ALTO ADIGE","Bolzano","BZ","39034","46.7355","12.2214","1.256","126.3","1554","1583","3137","110","67","177","1664","1650","3314","5.3"
"21029","Egna","TRENTINO-ALTO ADIGE","Bolzano","BZ","39044","46.2967","11.2767","214","23.7","2320","2203","4523","249","220","469","2569","2423","4992","9.4"
"21030","Falzes","TRENTINO-ALTO ADIGE","Bolzano","BZ","39030","46.8113","11.8834","1.022","33.2","1297","1307","2604","33","31","64","1330","1338","2668","2.4"
"21031","Fiè allo Sciliar","TRENTINO-ALTO ADIGE","Bolzano","BZ","39050","46.5173","11.5047","880","44.4","1607","1578","3185","143","123","266","1750","1701","3451","7.7"
"21032","Fortezza","TRENTINO-ALTO ADIGE","Bolzano","BZ","39045","46.7969","11.6031","749","61.7","367","390","757","110","103","213","477","493","970","22.0"
"21033","Funes","TRENTINO-ALTO ADIGE","Bolzano","BZ","39040","46.6406","11.6847","1.132","81.1","1248","1233","2481","52","38","90","1300","1271","2571","3.5"
"21034","Gais","TRENTINO-ALTO ADIGE","Bolzano","BZ","39030","46.8339","11.9485","841","60.3","1507","1573","3080","47","40","87","1554","1613","3167","2.7"
"21035","Gargazzone","TRENTINO-ALTO ADIGE","Bolzano","BZ","39010","46.5787","11.2049","267","4.9","789","770","1559","60","46","106","849","816","1665","6.4"
"21036","Glorenza","TRENTINO-ALTO ADIGE","Bolzano","BZ","39020","46.6706","10.5529","907","13.0","414","444","858","20","11","31","434","455","889","3.5"
"21037","Laces","TRENTINO-ALTO ADIGE","Bolzano","BZ","39021","46.6177","10.859","639","78.8","2371","2372","4743","203","180","383","2574","2552","5126","7.5"
"21038","Lagundo","TRENTINO-ALTO ADIGE","Bolzano","BZ","39022","46.6805","11.1332","350","23.6","2323","2188","4511","196","166","362","2519","2354","4873","7.4"
"21039","Laion","TRENTINO-ALTO ADIGE","Bolzano","BZ","39040","46.6082","11.5658","1.093","37.3","1212","1248","2460","94","65","159","1306","1313","2619","6.1"
"21040","Laives","TRENTINO-ALTO ADIGE","Bolzano","BZ","39055","46.4271","11.3373","255","24.3","7783","7678","15461","781","667","1448","8564","8345","16909","8.6"
"21041","Lana","TRENTINO-ALTO ADIGE","Bolzano","BZ","39011","46.6116","11.163","310","36.1","5268","5076","10344","515","392","907","5783","5468","11251","8.1"
"21042","Lasa","TRENTINO-ALTO ADIGE","Bolzano","BZ","39023","46.6199","10.6948","868","110.1","1884","1904","3788","76","68","144","1960","1972","3932","3.7"
"21043","Lauregno","TRENTINO-ALTO ADIGE","Bolzano","BZ","39040","46.4694","11.0527","1.150","14.2","157","187","344","0","0","0","157","187","344","0.0"
"21044","Luson","TRENTINO-ALTO ADIGE","Bolzano","BZ","39040","46.7457","11.7618","972","74.2","741","725","1466","38","23","61","779","748","1527","4.0"
"21045","Magrè sulla strada del vino","TRENTINO-ALTO ADIGE","Bolzano","BZ","39040","46.2706","11.198","241","13.9","571","563","1134","82","65","147","653","628","1281","11.5"
"21046","Malles Venosta","TRENTINO-ALTO ADIGE","Bolzano","BZ","39024","46.7026","10.6015","1.051","247.1","2358","2511","4869","130","87","217","2488","2598","5086","4.3"
"21047","Marebbe","TRENTINO-ALTO ADIGE","Bolzano","BZ","39030","46.7","11.9304","1.285","161.3","1347","1427","2774","73","60","133","1420","1487","2907","4.6"
"21048","Marlengo","TRENTINO-ALTO ADIGE","Bolzano","BZ","39020","46.6522","11.1378","363","12.8","1177","1188","2365","89","79","168","1266","1267","2533","6.6"
"21049","Martello","TRENTINO-ALTO ADIGE","Bolzano","BZ","39020","46.5585","10.7816","1.312","143.9","391","461","852","16","11","27","407","472","879","3.1"
"21050","Meltina","TRENTINO-ALTO ADIGE","Bolzano","BZ","39010","46.5852","11.2535","1.142","36.9","779","827","1606","18","24","42","797","851","1648","2.5"
"21051","Merano","TRENTINO-ALTO ADIGE","Bolzano","BZ","39012","46.6713","11.1525","325","26.3","16939","15366","32305","2658","2405","5063","19597","17771","37368","13.5"
"21052","Monguelfo-Tesido","TRENTINO-ALTO ADIGE","Bolzano","BZ","39035","46.7697","12.112","1.087","46.6","1332","1318","2650","80","67","147","1412","1385","2797","5.3"
"21053","Montagna","TRENTINO-ALTO ADIGE","Bolzano","BZ","39040","46.331","11.3041","497","18.9","777","790","1567","32","28","60","809","818","1627","3.7"
"21054","Moso in Passiria","TRENTINO-ALTO ADIGE","Bolzano","BZ","39013","46.8303","11.1691","1.007","194.5","1012","1138","2150","15","6","21","1027","1144","2171","1.0"
"21055","Nalles","TRENTINO-ALTO ADIGE","Bolzano","BZ","39010","46.5327","11.2023","321","12.4","883","858","1741","49","41","90","932","899","1831","4.9"
"21056","Naturno","TRENTINO-ALTO ADIGE","Bolzano","BZ","39025","46.6502","11.0081","528","67.0","2544","2659","5203","193","158","351","2737","2817","5554","6.3"
"21057","Naz-Sciaves","TRENTINO-ALTO ADIGE","Bolzano","BZ","39040","46.7526","11.6807","772","15.8","1303","1354","2657","126","103","229","1429","1457","2886","7.9"
"21058","Nova Levante","TRENTINO-ALTO ADIGE","Bolzano","BZ","39056","46.4244","11.553","1.182","50.8","835","896","1731","91","81","172","926","977","1903","9.0"
"21059","Nova Ponente","TRENTINO-ALTO ADIGE","Bolzano","BZ","39050","46.4137","11.4255","1.357","112.0","1820","1846","3666","116","116","232","1936","1962","3898","6.0"
"21060","Ora","TRENTINO-ALTO ADIGE","Bolzano","BZ","39040","46.3452","11.303","242","11.8","1672","1602","3274","157","123","280","1829","1725","3554","7.9"
"21061","Ortisei","TRENTINO-ALTO ADIGE","Bolzano","BZ","39046","46.5734","11.6742","1.234","24.3","2217","2176","4393","151","109","260","2368","2285","4653","5.6"
"21062","Parcines","TRENTINO-ALTO ADIGE","Bolzano","BZ","39020","46.6842","11.0735","626","55.4","1715","1683","3398","82","56","138","1797","1739","3536","3.9"
"21063","Perca","TRENTINO-ALTO ADIGE","Bolzano","BZ","39030","46.7915","11.9824","972","30.3","712","712","1424","17","19","36","729","731","1460","2.5"
"21064","Plaus","TRENTINO-ALTO ADIGE","Bolzano","BZ","39025","46.6423","11.0549","519","4.9","299","335","634","26","32","58","325","367","692","8.4"
"21065","Ponte Gardena","TRENTINO-ALTO ADIGE","Bolzano","BZ","39040","46.5941","11.5376","470","2.3","87","87","174","7","14","21","94","101","195","10.8"
"21066","Postal","TRENTINO-ALTO ADIGE","Bolzano","BZ","39014","46.6098","11.1924","270","6.7","846","826","1672","55","36","91","901","862","1763","5.2"
"21067","Prato allo Stelvio","TRENTINO-ALTO ADIGE","Bolzano","BZ","39026","46.617","10.5913","915","51.4","1535","1604","3139","115","102","217","1650","1706","3356","6.5"
"21068","Predoi","TRENTINO-ALTO ADIGE","Bolzano","BZ","39030","47.0565","12.1626","1.475","86.5","292","309","601","2","1","3","294","310","604","0.5"
"21069","Proves","TRENTINO-ALTO ADIGE","Bolzano","BZ","39040","46.4746","11.0222","1.420","18.5","115","149","264","3","0","3","118","149","267","1.1"
"21070","Racines","TRENTINO-ALTO ADIGE","Bolzano","BZ","39040","46.8818","11.3797","976","203.5","2060","2198","4258","67","64","131","2127","2262","4389","3.0"
"21071","Rasun-Anterselva","TRENTINO-ALTO ADIGE","Bolzano","BZ","39030","46.7812","12.0498","1.030","120.9","1339","1431","2770","58","41","99","1397","1472","2869","3.5"
"21072","Renon","TRENTINO-ALTO ADIGE","Bolzano","BZ","39054","46.5523","11.4314","1.154","111.5","3592","3623","7215","242","185","427","3834","3808","7642","5.6"
"21073","Rifiano","TRENTINO-ALTO ADIGE","Bolzano","BZ","39010","46.7031","11.1807","504","35.8","648","657","1305","20","8","28","668","665","1333","2.1"
"21074","Rio di Pusteria","TRENTINO-ALTO ADIGE","Bolzano","BZ","39037","46.7965","11.6681","777","84.1","1281","1351","2632","149","131","280","1430","1482","2912","9.6"
"21075","Rodengo","TRENTINO-ALTO ADIGE","Bolzano","BZ","39037","46.7782","11.6904","885","29.5","569","600","1169","15","11","26","584","611","1195","2.2"
"21076","Salorno","TRENTINO-ALTO ADIGE","Bolzano","BZ","39040","46.2431","11.2305","224","33.2","1419","1426","2845","367","321","688","1786","1747","3533","19.5"
"21077","San Candido","TRENTINO-ALTO ADIGE","Bolzano","BZ","39038","46.73","12.2805","1.175","80.1","1524","1531","3055","93","56","149","1617","1587","3204","4.7"
"21079","San Genesio Atesino","TRENTINO-ALTO ADIGE","Bolzano","BZ","39050","46.5352","11.3302","1.087","68.9","1419","1456","2875","42","20","62","1461","1476","2937","2.1"
"21080","San Leonardo in Passiria","TRENTINO-ALTO ADIGE","Bolzano","BZ","39015","46.8129","11.2457","689","88.3","1691","1755","3446","34","28","62","1725","1783","3508","1.8"
"21081","San Lorenzo di Sebato","TRENTINO-ALTO ADIGE","Bolzano","BZ","39030","46.7823","11.9043","810","51.6","1786","1814","3600","82","85","167","1868","1899","3767","4.4"
"21082","San Martino in Badia","TRENTINO-ALTO ADIGE","Bolzano","BZ","39030","46.6821","11.8978","1.135","76.3","844","856","1700","15","14","29","859","870","1729","1.7"
"21083","San Martino in Passiria","TRENTINO-ALTO ADIGE","Bolzano","BZ","39010","46.7858","11.2302","597","30.5","1511","1526","3037","54","45","99","1565","1571","3136","3.2"
"21084","San Pancrazio","TRENTINO-ALTO ADIGE","Bolzano","BZ","39010","46.5839","11.0846","735","63.0","753","810","1563","13","8","21","766","818","1584","1.3"
"21085","Santa Cristina Valgardena","TRENTINO-ALTO ADIGE","Bolzano","BZ","39047","46.5581","11.7198","1.428","31.8","867","904","1771","56","44","100","923","948","1871","5.3"
"21086","Sarentino","TRENTINO-ALTO ADIGE","Bolzano","BZ","39058","46.6412","11.3541","961","302.5","3325","3414","6739","72","79","151","3397","3493","6890","2.2"
"21087","Scena","TRENTINO-ALTO ADIGE","Bolzano","BZ","39017","46.7098","11.1874","600","48.3","1347","1370","2717","69","52","121","1416","1422","2838","4.3"
"21088","Selva dei Molini","TRENTINO-ALTO ADIGE","Bolzano","BZ","39030","46.8898","11.8629","1.229","104.5","679","777","1456","11","6","17","690","783","1473","1.2"
"21089","Selva di Val Gardena","TRENTINO-ALTO ADIGE","Bolzano","BZ","39048","46.5567","11.7531","1.563","53.3","1288","1290","2578","52","30","82","1340","1320","2660","3.1"
"21091","Senales","TRENTINO-ALTO ADIGE","Bolzano","BZ","39020","46.6476","10.9777","1.327","210.4","618","656","1274","25","15","40","643","671","1314","3.0"
"21092","Sesto","TRENTINO-ALTO ADIGE","Bolzano","BZ","39030","46.7019","12.3503","1.310","80.9","955","899","1854","47","36","83","1002","935","1937","4.3"
"21093","Silandro","TRENTINO-ALTO ADIGE","Bolzano","BZ","39028","46.6277","10.7737","721","115.2","2858","2719","5577","194","176","370","3052","2895","5947","6.2"
"21094","Sluderno","TRENTINO-ALTO ADIGE","Bolzano","BZ","39020","46.6648","10.5863","921","20.8","879","889","1768","33","31","64","912","920","1832","3.5"
"21095","Stelvio","TRENTINO-ALTO ADIGE","Bolzano","BZ","39029","46.5979","10.5444","1.310","140.9","547","573","1120","39","31","70","586","604","1190","5.9"
"21096","Terento","TRENTINO-ALTO ADIGE","Bolzano","BZ","39030","46.8299","11.7784","1.210","42.5","809","884","1693","27","13","40","836","897","1733","2.3"
"21097","Terlano","TRENTINO-ALTO ADIGE","Bolzano","BZ","39018","46.5293","11.2484","248","18.7","1952","1875","3827","165","147","312","2117","2022","4139","7.5"
"21098","Termeno sulla strada del vino","TRENTINO-ALTO ADIGE","Bolzano","BZ","39040","46.3409","11.2394","276","19.4","1561","1525","3086","115","104","219","1676","1629","3305","6.6"
"21099","Tesimo","TRENTINO-ALTO ADIGE","Bolzano","BZ","39010","46.5657","11.1697","635","38.1","911","891","1802","35","17","52","946","908","1854","2.8"
"21100","Tires","TRENTINO-ALTO ADIGE","Bolzano","BZ","39050","46.4692","11.5236","1.028","42.1","469","447","916","24","27","51","493","474","967","5.3"
"21101","Tirolo","TRENTINO-ALTO ADIGE","Bolzano","BZ","39019","46.6907","11.1555","594","25.6","1158","1187","2345","67","38","105","1225","1225","2450","4.3"
"21102","Trodena nel parco naturale","TRENTINO-ALTO ADIGE","Bolzano","BZ","39040","46.3135","11.3518","1.127","20.7","486","451","937","47","37","84","533","488","1021","8.2"
"21103","Tubre","TRENTINO-ALTO ADIGE","Bolzano","BZ","39020","46.651","10.4214","1.240","45.9","468","466","934","22","9","31","490","475","965","3.2"
"21104","Ultimo","TRENTINO-ALTO ADIGE","Bolzano","BZ","39016","46.5478","11.0071","1.190","208.5","1414","1475","2889","21","10","31","1435","1485","2920","1.1"
"21105","Vadena","TRENTINO-ALTO ADIGE","Bolzano","BZ","39051","46.3899","11.2921","243","13.4","456","465","921","47","48","95","503","513","1016","9.4"
"21106","Valdaora","TRENTINO-ALTO ADIGE","Bolzano","BZ","39030","46.7608","12.0295","1.048","49.0","1468","1473","2941","90","79","169","1558","1552","3110","5.4"
"21107","Val di Vizze","TRENTINO-ALTO ADIGE","Bolzano","BZ","39049","46.9703","11.5944","948","142.0","1278","1295","2573","80","83","163","1358","1378","2736","6.0"
"21108","Valle Aurina","TRENTINO-ALTO ADIGE","Bolzano","BZ","39030","46.9908","11.9638","1.054","187.3","2869","2922","5791","65","54","119","2934","2976","5910","2.0"
"21109","Valle di Casies","TRENTINO-ALTO ADIGE","Bolzano","BZ","39030","46.8039","12.2144","1.206","109.0","1083","1128","2211","32","19","51","1115","1147","2262","2.3"
"21110","Vandoies","TRENTINO-ALTO ADIGE","Bolzano","BZ","39030","46.9093","11.6896","755","110.5","1534","1591","3125","72","54","126","1606","1645","3251","3.9"
"21111","Varna","TRENTINO-ALTO ADIGE","Bolzano","BZ","39040","46.7393","11.6359","671","70.1","1995","1949","3944","175","134","309","2170","2083","4253","7.3"
"21112","Verano","TRENTINO-ALTO ADIGE","Bolzano","BZ","39010","46.6052","11.2279","1.204","22.1","407","503","910","13","6","19","420","509","929","2.0"
"21113","Villabassa","TRENTINO-ALTO ADIGE","Bolzano","BZ","39039","46.7358","12.1858","1.158","17.9","694","673","1367","62","50","112","756","723","1479","7.6"
"21114","Villandro","TRENTINO-ALTO ADIGE","Bolzano","BZ","39040","46.6305","11.5375","880","43.8","885","952","1837","26","30","56","911","982","1893","3.0"
"21115","Vipiteno","TRENTINO-ALTO ADIGE","Bolzano","BZ","39049","46.8927","11.4336","948","33.2","2922","2940","5862","277","251","528","3199","3191","6390","8.3"
"21116","Velturno","TRENTINO-ALTO ADIGE","Bolzano","BZ","39040","46.6691","11.5988","851","24.8","1323","1340","2663","45","34","79","1368","1374","2742","2.9"
"21117","La Valle","TRENTINO-ALTO ADIGE","Bolzano","BZ","39030","46.6574","11.9251","1.353","39.0","607","675","1282","13","4","17","620","679","1299","1.3"
"21118","Senale-San Felice","TRENTINO-ALTO ADIGE","Bolzano","BZ","39010","46.5114","11.1094","1.279","27.5","376","402","778","2","2","4","378","404","782","0.5"
"22001","Ala","TRENTINO-ALTO ADIGE","Trento","TN","38061","45.7626","11.0052","180","119.9","3849","3801","7650","635","602","1237","4484","4403","8887","13.9"
"22002","Albiano","TRENTINO-ALTO ADIGE","Trento","TN","38041","46.1444","11.1941","644","10.0","655","677","1332","83","93","176","738","770","1508","11.7"
"22003","Aldeno","TRENTINO-ALTO ADIGE","Trento","TN","38060","45.9807","11.0914","209","9.0","1442","1430","2872","98","66","164","1540","1496","3036","5.4"
"22004","Amblar","TRENTINO-ALTO ADIGE","Trento","TN","38011","46.3956","11.1473","980","14.6","114","110","224","3","2","5","117","112","229","2.2"
"22005","Andalo","TRENTINO-ALTO ADIGE","Trento","TN","38010","46.1641","11.0024","1.042","9.8","488","501","989","26","11","37","514","512","1026","3.6"
"22006","Arco","TRENTINO-ALTO ADIGE","Trento","TN","38062","45.9179","10.8856","91","63.3","7833","7509","15342","876","653","1529","8709","8162","16871","9.1"
"22007","Avio","TRENTINO-ALTO ADIGE","Trento","TN","38063","45.7328","10.9398","131","68.8","1913","1864","3777","179","159","338","2092","2023","4115","8.2"
"22009","Baselga di Pinè","TRENTINO-ALTO ADIGE","Trento","TN","38042","46.1315","11.2466","964","40.8","2333","2247","4580","174","174","348","2507","2421","4928","7.1"
"22011","Bedollo","TRENTINO-ALTO ADIGE","Trento","TN","38043","46.1647","11.3006","1.059","27.5","706","738","1444","22","13","35","728","751","1479","2.4"
"22012","Bersone","TRENTINO-ALTO ADIGE","Trento","TN","38085","45.9429","10.634","637","9.8","141","146","287","1","1","2","142","147","289","0.7"
"22013","Besenello","TRENTINO-ALTO ADIGE","Trento","TN","38060","45.9409","11.1122","218","26.0","1181","1223","2404","53","54","107","1234","1277","2511","4.3"
"22015","Bieno","TRENTINO-ALTO ADIGE","Trento","TN","38050","46.0983","11.5631","815","11.7","211","186","397","20","13","33","231","199","430","7.7"
"22017","Bleggio Superiore","TRENTINO-ALTO ADIGE","Trento","TN","38071","46.0226","10.82","628","32.7","771","723","1494","53","53","106","824","776","1600","6.6"
"22018","Bocenago","TRENTINO-ALTO ADIGE","Trento","TN","38080","46.1195","10.7598","750","8.5","194","184","378","11","18","29","205","202","407","7.1"
"22019","Bolbeno","TRENTINO-ALTO ADIGE","Trento","TN","38079","46.0312","10.7386","575","12.5","163","177","340","11","11","22","174","188","362","6.1"
"22020","Bondo","TRENTINO-ALTO ADIGE","Trento","TN","38081","45.9997","10.6927","823","10.7","340","340","680","8","10","18","348","350","698","2.6"
"22021","Bondone","TRENTINO-ALTO ADIGE","Trento","TN","38080","45.8063","10.551","720","19.2","321","327","648","10","10","20","331","337","668","3.0"
"22022","Borgo Valsugana","TRENTINO-ALTO ADIGE","Trento","TN","38051","46.0528","11.4626","380","52.3","3165","2973","6138","355","333","688","3520","3306","6826","10.1"
"22023","Bosentino","TRENTINO-ALTO ADIGE","Trento","TN","38049","46.0014","11.2222","688","4.7","416","384","800","19","10","29","435","394","829","3.5"
"22024","Breguzzo","TRENTINO-ALTO ADIGE","Trento","TN","38081","46.0079","10.6993","798","35.1","283","272","555","6","11","17","289","283","572","3.0"
"22025","Brentonico","TRENTINO-ALTO ADIGE","Trento","TN","38060","45.8171","10.9496","692","62.7","1831","1818","3649","122","111","233","1953","1929","3882","6.0"
"22026","Bresimo","TRENTINO-ALTO ADIGE","Trento","TN","38020","46.4106","10.9664","1.036","41.0","128","124","252","1","1","2","129","125","254","0.8"
"22027","Brez","TRENTINO-ALTO ADIGE","Trento","TN","38021","46.431","11.107","792","19.0","345","331","676","12","18","30","357","349","706","4.2"
"22028","Brione","TRENTINO-ALTO ADIGE","Trento","TN","38083","45.8943","10.5889","893","9.5","67","64","131","3","6","9","70","70","140","6.4"
"22029","Caderzone Terme","TRENTINO-ALTO ADIGE","Trento","TN","38080","46.1511","10.7326","723","18.7","296","322","618","25","26","51","321","348","669","7.6"
"22030","Cagnò","TRENTINO-ALTO ADIGE","Trento","TN","38028","46.3946","11.0413","663","3.3","164","162","326","16","18","34","180","180","360","9.4"
"22031","Calavino","TRENTINO-ALTO ADIGE","Trento","TN","38072","46.0457","10.9824","409","12.8","619","646","1265","105","111","216","724","757","1481","14.6"
"22032","Calceranica al Lago","TRENTINO-ALTO ADIGE","Trento","TN","38050","46.0033","11.2444","465","3.4","635","626","1261","28","16","44","663","642","1305","3.4"
"22033","Caldes","TRENTINO-ALTO ADIGE","Trento","TN","38022","46.3655","10.9388","697","20.9","492","518","1010","37","43","80","529","561","1090","7.3"
"22034","Caldonazzo","TRENTINO-ALTO ADIGE","Trento","TN","38052","45.9872","11.2769","480","21.5","1599","1597","3196","74","70","144","1673","1667","3340","4.3"
"22035","Calliano","TRENTINO-ALTO ADIGE","Trento","TN","38060","45.9344","11.0941","187","10.2","716","721","1437","83","91","174","799","812","1611","10.8"
"22036","Campitello di Fassa","TRENTINO-ALTO ADIGE","Trento","TN","38031","46.4777","11.7412","1.448","25.1","365","341","706","21","10","31","386","351","737","4.2"
"22037","Campodenno","TRENTINO-ALTO ADIGE","Trento","TN","38010","46.2583","11.0328","534","25.4","703","719","1422","39","37","76","742","756","1498","5.1"
"22038","Canal San Bovo","TRENTINO-ALTO ADIGE","Trento","TN","38050","46.1561","11.7315","757","125.5","804","744","1548","27","17","44","831","761","1592","2.8"
"22039","Canazei","TRENTINO-ALTO ADIGE","Trento","TN","38032","46.4555","11.8175","1.465","67.2","936","867","1803","57","47","104","993","914","1907","5.5"
"22040","Capriana","TRENTINO-ALTO ADIGE","Trento","TN","38030","46.2631","11.3382","1.007","13.1","276","280","556","25","24","49","301","304","605","8.1"
"22041","Carano","TRENTINO-ALTO ADIGE","Trento","TN","38033","46.2921","11.4408","1.086","13.6","518","478","996","42","35","77","560","513","1073","7.2"
"22042","Carisolo","TRENTINO-ALTO ADIGE","Trento","TN","38080","46.1673","10.7569","808","24.8","458","438","896","46","42","88","504","480","984","8.9"
"22043","Carzano","TRENTINO-ALTO ADIGE","Trento","TN","38050","46.0701","11.4936","433","1.7","250","243","493","7","5","12","257","248","505","2.4"
"22045","Castel Condino","TRENTINO-ALTO ADIGE","Trento","TN","38082","45.9146","10.6023","811","11.1","118","116","234","3","1","4","121","117","238","1.7"
"22046","Castelfondo","TRENTINO-ALTO ADIGE","Trento","TN","38020","46.4534","11.1165","948","25.7","277","291","568","29","35","64","306","326","632","10.1"
"22047","Castello-Molina di Fiemme","TRENTINO-ALTO ADIGE","Trento","TN","38030","46.2822","11.4352","1.005","54.5","1056","1084","2140","68","59","127","1124","1143","2267","5.6"
"22048","Castello Tesino","TRENTINO-ALTO ADIGE","Trento","TN","38053","46.0609","11.6346","871","112.5","648","634","1282","19","14","33","667","648","1315","2.5"
"22049","Castelnuovo","TRENTINO-ALTO ADIGE","Trento","TN","38050","46.0519","11.4941","348","13.5","487","478","965","36","34","70","523","512","1035","6.8"
"22050","Cavalese","TRENTINO-ALTO ADIGE","Trento","TN","38033","46.2912","11.4606","1.000","45.4","1862","1769","3631","167","155","322","2029","1924","3953","8.1"
"22051","Cavareno","TRENTINO-ALTO ADIGE","Trento","TN","38011","46.4071","11.1369","973","9.7","449","469","918","72","47","119","521","516","1037","11.5"
"22052","Cavedago","TRENTINO-ALTO ADIGE","Trento","TN","38010","46.1836","11.0283","864","10.0","244","267","511","10","9","19","254","276","530","3.6"
"22053","Cavedine","TRENTINO-ALTO ADIGE","Trento","TN","38073","45.9931","10.9754","504","38.3","1363","1352","2715","104","97","201","1467","1449","2916","6.9"
"22054","Cavizzana","TRENTINO-ALTO ADIGE","Trento","TN","38022","46.368","10.9575","710","3.4","130","119","249","6","4","10","136","123","259","3.9"
"22055","Cembra","TRENTINO-ALTO ADIGE","Trento","TN","38034","46.1753","11.2225","667","17.0","778","832","1610","106","132","238","884","964","1848","12.9"
"22056","Centa San Nicolò","TRENTINO-ALTO ADIGE","Trento","TN","38040","45.9708","11.233","830","11.3","317","291","608","5","4","9","322","295","617","1.5"
"22057","Cimego","TRENTINO-ALTO ADIGE","Trento","TN","38082","45.9118","10.6134","557","10.5","198","188","386","7","16","23","205","204","409","5.6"
"22058","Cimone","TRENTINO-ALTO ADIGE","Trento","TN","38060","45.9785","11.0676","530","9.8","328","331","659","18","8","26","346","339","685","3.8"
"22059","Cinte Tesino","TRENTINO-ALTO ADIGE","Trento","TN","38050","46.0565","11.6151","851","25.8","196","170","366","3","3","6","199","173","372","1.6"
"22060","Cis","TRENTINO-ALTO ADIGE","Trento","TN","38020","46.4001","11.0026","732","5.5","156","148","304","5","0","5","161","148","309","1.6"
"22061","Civezzano","TRENTINO-ALTO ADIGE","Trento","TN","38045","46.0885","11.1804","469","15.5","1881","1864","3745","85","74","159","1966","1938","3904","4.1"
"22062","Cles","TRENTINO-ALTO ADIGE","Trento","TN","38023","46.3645","11.0355","658","39.2","3095","2919","6014","400","355","755","3495","3274","6769","11.2"
"22063","Cloz","TRENTINO-ALTO ADIGE","Trento","TN","38020","46.4165","11.0847","791","8.3","303","310","613","60","56","116","363","366","729","15.9"
"22064","Commezzadura","TRENTINO-ALTO ADIGE","Trento","TN","38020","46.322","10.8396","850","22.5","463","432","895","49","49","98","512","481","993","9.9"
"22066","Condino","TRENTINO-ALTO ADIGE","Trento","TN","38083","45.8895","10.5998","444","33.8","726","707","1433","54","47","101","780","754","1534","6.6"
"22067","Coredo","TRENTINO-ALTO ADIGE","Trento","TN","38010","46.3474","11.0876","831","32.7","730","726","1456","94","75","169","824","801","1625","10.4"
"22068","Croviana","TRENTINO-ALTO ADIGE","Trento","TN","38027","46.3433","10.9017","721","5.1","316","312","628","37","28","65","353","340","693","9.4"
"22069","Cunevo","TRENTINO-ALTO ADIGE","Trento","TN","38010","46.2841","11.0365","572","5.6","268","273","541","19","11","30","287","284","571","5.3"
"22070","Daiano","TRENTINO-ALTO ADIGE","Trento","TN","38030","46.3003","11.4464","1.160","9.5","312","333","645","17","30","47","329","363","692","6.8"
"22071","Dambel","TRENTINO-ALTO ADIGE","Trento","TN","38010","46.4055","11.093","751","5.1","193","213","406","16","13","29","209","226","435","6.7"
"22072","Daone","TRENTINO-ALTO ADIGE","Trento","TN","38080","45.9469","10.6207","767","158.0","294","301","595","0","2","2","294","303","597","0.3"
"22073","Darè","TRENTINO-ALTO ADIGE","Trento","TN","38080","46.0712","10.7222","600","1.2","116","106","222","14","18","32","130","124","254","12.6"
"22074","Denno","TRENTINO-ALTO ADIGE","Trento","TN","38010","46.2747","11.0481","429","10.4","539","542","1081","84","87","171","623","629","1252","13.7"
"22075","Dimaro","TRENTINO-ALTO ADIGE","Trento","TN","38025","46.2967","10.8804","766","28.2","579","558","1137","66","47","113","645","605","1250","9.0"
"22076","Don","TRENTINO-ALTO ADIGE","Trento","TN","38011","46.39","11.137","971","5.3","116","118","234","7","8","15","123","126","249","6.0"
"22077","Dorsino","TRENTINO-ALTO ADIGE","Trento","TN","38070","46.0734","10.8956","635","12.2","214","194","408","9","9","18","223","203","426","4.2"
"22078","Drena","TRENTINO-ALTO ADIGE","Trento","TN","38074","45.9708","10.9457","398","8.4","266","253","519","19","13","32","285","266","551","5.8"
"22079","Dro","TRENTINO-ALTO ADIGE","Trento","TN","38074","45.9604","10.9102","123","27.9","2079","2045","4124","224","218","442","2303","2263","4566","9.7"
"22080","Faedo","TRENTINO-ALTO ADIGE","Trento","TN","38010","46.1926","11.1607","591","10.6","278","293","571","24","15","39","302","308","610","6.4"
"22081","Fai della Paganella","TRENTINO-ALTO ADIGE","Trento","TN","38010","46.1783","11.0693","957","12.2","452","422","874","16","8","24","468","430","898","2.7"
"22082","Faver","TRENTINO-ALTO ADIGE","Trento","TN","38030","46.1807","11.2331","673","9.4","382","391","773","31","29","60","413","420","833","7.2"
"22083","Fiavè","TRENTINO-ALTO ADIGE","Trento","TN","38075","46.0037","10.8423","669","24.3","466","458","924","87","87","174","553","545","1098","15.8"
"22084","Fiera di Primiero","TRENTINO-ALTO ADIGE","Trento","TN","38054","46.1758","11.8284","710","0.2","251","225","476","19","12","31","270","237","507","6.1"
"22085","Fierozzo","TRENTINO-ALTO ADIGE","Trento","TN","38050","46.1015","11.3411","1.127","17.9","227","254","481","0","0","0","227","254","481","0.0"
"22086","Flavon","TRENTINO-ALTO ADIGE","Trento","TN","38010","46.2992","11.0315","575","7.5","253","211","464","22","19","41","275","230","505","8.1"
"22087","Folgaria","TRENTINO-ALTO ADIGE","Trento","TN","38064","45.9157","11.1718","1.166","71.6","1536","1445","2981","86","63","149","1622","1508","3130","4.8"
"22088","Fondo","TRENTINO-ALTO ADIGE","Trento","TN","38013","46.4365","11.1401","987","30.8","677","599","1276","80","79","159","757","678","1435","11.1"
"22089","Fornace","TRENTINO-ALTO ADIGE","Trento","TN","38040","46.1179","11.2072","740","7.2","551","579","1130","89","102","191","640","681","1321","14.5"
"22090","Frassilongo","TRENTINO-ALTO ADIGE","Trento","TN","38050","46.0897","11.2975","852","16.7","160","161","321","0","0","0","160","161","321","0.0"
"22091","Garniga Terme","TRENTINO-ALTO ADIGE","Trento","TN","38060","46.0021","11.0855","810","13.1","164","189","353","13","15","28","177","204","381","7.3"
"22092","Giovo","TRENTINO-ALTO ADIGE","Trento","TN","38030","46.1559","11.1525","496","20.8","1197","1222","2419","29","17","46","1226","1239","2465","1.9"
"22093","Giustino","TRENTINO-ALTO ADIGE","Trento","TN","38086","46.1433","10.7694","770","40.2","336","323","659","41","43","84","377","366","743","11.3"
"22094","Grauno","TRENTINO-ALTO ADIGE","Trento","TN","38030","46.2305","11.2975","976","7.3","66","66","132","5","5","10","71","71","142","7.0"
"22095","Grigno","TRENTINO-ALTO ADIGE","Trento","TN","38055","46.017","11.6312","263","46.4","1091","1052","2143","63","65","128","1154","1117","2271","5.6"
"22096","Grumes","TRENTINO-ALTO ADIGE","Trento","TN","38030","46.2208","11.296","851","10.8","221","200","421","12","5","17","233","205","438","3.9"
"22097","Imer","TRENTINO-ALTO ADIGE","Trento","TN","38050","46.1505","11.7938","670","27.6","556","592","1148","22","13","35","578","605","1183","3.0"
"22098","Isera","TRENTINO-ALTO ADIGE","Trento","TN","38060","45.8867","11.009","243","14.1","1282","1224","2506","62","57","119","1344","1281","2625","4.5"
"22099","Ivano-Fracena","TRENTINO-ALTO ADIGE","Trento","TN","38059","46.0571","11.5337","452","6.1","144","163","307","20","23","43","164","186","350","12.3"
"22100","Lardaro","TRENTINO-ALTO ADIGE","Trento","TN","38087","45.9697","10.6611","732","10.7","90","106","196","5","4","9","95","110","205","4.4"
"22101","Lasino","TRENTINO-ALTO ADIGE","Trento","TN","38076","46.0252","10.983","463","16.0","628","625","1253","27","22","49","655","647","1302","3.8"
"22102","Lavarone","TRENTINO-ALTO ADIGE","Trento","TN","38046","45.9394","11.2746","1.170","26.3","545","506","1051","23","13","36","568","519","1087","3.3"
"22103","Lavis","TRENTINO-ALTO ADIGE","Trento","TN","38015","46.1408","11.1125","232","12.4","3927","3867","7794","429","413","842","4356","4280","8636","9.7"
"22104","Levico Terme","TRENTINO-ALTO ADIGE","Trento","TN","38056","46.013","11.2978","506","62.9","3418","3261","6679","451","386","837","3869","3647","7516","11.1"
"22105","Lisignago","TRENTINO-ALTO ADIGE","Trento","TN","38030","46.1602","11.1881","582","7.2","233","222","455","12","17","29","245","239","484","6.0"
"22106","Livo","TRENTINO-ALTO ADIGE","Trento","TN","38020","46.4031","11.0197","741","15.2","392","421","813","39","35","74","431","456","887","8.3"
"22108","Lona-Lases","TRENTINO-ALTO ADIGE","Trento","TN","38040","46.1433","11.2207","639","11.4","344","331","675","88","113","201","432","444","876","22.9"
"22109","Luserna","TRENTINO-ALTO ADIGE","Trento","TN","38040","45.9254","11.3414","1.333","8.2","150","126","276","1","2","3","151","128","279","1.1"
"22110","Malè","TRENTINO-ALTO ADIGE","Trento","TN","38027","46.353","10.9129","738","26.2","979","908","1887","127","121","248","1106","1029","2135","11.6"
"22111","Malosco","TRENTINO-ALTO ADIGE","Trento","TN","38013","46.4365","11.1452","1.041","6.8","175","183","358","39","48","87","214","231","445","19.6"
"22112","Massimeno","TRENTINO-ALTO ADIGE","Trento","TN","38086","46.1404","10.773","861","21.4","57","58","115","4","5","9","61","63","124","7.3"
"22113","Mazzin","TRENTINO-ALTO ADIGE","Trento","TN","38030","46.4573","11.6996","1.395","23.7","235","222","457","16","21","37","251","243","494","7.5"
"22114","Mezzana","TRENTINO-ALTO ADIGE","Trento","TN","38020","46.3177","10.8012","940","27.3","399","425","824","36","24","60","435","449","884","6.8"
"22115","Mezzano","TRENTINO-ALTO ADIGE","Trento","TN","38050","46.1547","11.8082","640","48.9","805","781","1586","17","12","29","822","793","1615","1.8"
"22116","Mezzocorona","TRENTINO-ALTO ADIGE","Trento","TN","38016","46.2153","11.1199","219","25.4","2409","2288","4697","247","217","464","2656","2505","5161","9.0"
"22117","Mezzolombardo","TRENTINO-ALTO ADIGE","Trento","TN","38017","46.214","11.0968","227","13.8","3036","2929","5965","450","402","852","3486","3331","6817","12.5"
"22118","Moena","TRENTINO-ALTO ADIGE","Trento","TN","38035","46.3764","11.6616","1.184","82.7","1281","1261","2542","82","66","148","1363","1327","2690","5.5"
"22120","Molveno","TRENTINO-ALTO ADIGE","Trento","TN","38018","46.1417","10.9651","865","35.2","545","516","1061","28","21","49","573","537","1110","4.4"
"22121","Monclassico","TRENTINO-ALTO ADIGE","Trento","TN","38020","46.3322","10.8855","770","8.7","381","365","746","71","65","136","452","430","882","15.4"
"22122","Montagne","TRENTINO-ALTO ADIGE","Trento","TN","38070","46.0583","10.7513","1.004","12.2","139","104","243","1","2","3","140","106","246","1.2"
"22123","Mori","TRENTINO-ALTO ADIGE","Trento","TN","38065","45.8514","10.9788","204","34.5","4436","4264","8700","390","366","756","4826","4630","9456","8.0"
"22124","Nago-Torbole","TRENTINO-ALTO ADIGE","Trento","TN","38069","45.8527","10.8812","222","28.4","1226","1195","2421","171","136","307","1397","1331","2728","11.3"
"22125","Nanno","TRENTINO-ALTO ADIGE","Trento","TN","38010","46.3161","11.0465","551","4.3","286","283","569","21","18","39","307","301","608","6.4"
"22126","Nave San Rocco","TRENTINO-ALTO ADIGE","Trento","TN","38010","46.1667","11.1081","207","4.9","643","616","1259","66","66","132","709","682","1391","9.5"
"22127","Nogaredo","TRENTINO-ALTO ADIGE","Trento","TN","38060","45.9149","11.0228","216","3.6","895","956","1851","36","30","66","931","986","1917","3.4"
"22128","Nomi","TRENTINO-ALTO ADIGE","Trento","TN","38060","45.9297","11.0672","179","6.5","700","645","1345","37","21","58","737","666","1403","4.1"
"22129","Novaledo","TRENTINO-ALTO ADIGE","Trento","TN","38050","46.0212","11.3707","475","8.0","510","462","972","23","23","46","533","485","1018","4.5"
"22130","Ospedaletto","TRENTINO-ALTO ADIGE","Trento","TN","38050","46.0445","11.5549","360","16.8","369","368","737","40","43","83","409","411","820","10.1"
"22131","Ossana","TRENTINO-ALTO ADIGE","Trento","TN","38026","46.3078","10.7356","1.003","25.2","409","378","787","32","25","57","441","403","844","6.8"
"22132","Padergnone","TRENTINO-ALTO ADIGE","Trento","TN","38070","46.0617","10.988","286","3.6","337","343","680","30","22","52","367","365","732","7.1"
"22133","Palù del Fersina","TRENTINO-ALTO ADIGE","Trento","TN","38050","46.1374","11.368","1.360","16.7","79","88","167","2","0","2","81","88","169","1.2"
"22134","Panchià","TRENTINO-ALTO ADIGE","Trento","TN","38030","46.2858","11.5415","981","20.3","375","359","734","24","13","37","399","372","771","4.8"
"22135","Ronzo-Chienis","TRENTINO-ALTO ADIGE","Trento","TN","38060","45.8917","10.9526","974","13.2","441","503","944","38","19","57","479","522","1001","5.7"
"22136","Peio","TRENTINO-ALTO ADIGE","Trento","TN","38024","46.3628","10.6735","1.173","160.5","870","961","1831","41","19","60","911","980","1891","3.2"
"22137","Pellizzano","TRENTINO-ALTO ADIGE","Trento","TN","38020","46.3114","10.7584","925","40.0","392","370","762","21","28","49","413","398","811","6.0"
"22138","Pelugo","TRENTINO-ALTO ADIGE","Trento","TN","38079","46.1111","10.6441","652","22.9","179","156","335","23","21","44","202","177","379","11.6"
"22139","Pergine Valsugana","TRENTINO-ALTO ADIGE","Trento","TN","38057","46.0617","11.237","482","54.4","9562","9109","18671","934","841","1775","10496","9950","20446","8.7"
"22140","Pieve di Bono","TRENTINO-ALTO ADIGE","Trento","TN","38085","45.94","10.6395","514","20.9","637","629","1266","35","30","65","672","659","1331","4.9"
"22142","Pieve Tesino","TRENTINO-ALTO ADIGE","Trento","TN","38050","46.0677","11.6128","843","73.9","345","328","673","6","2","8","351","330","681","1.2"
"22143","Pinzolo","TRENTINO-ALTO ADIGE","Trento","TN","38086","46.1598","10.765","770","69.3","1506","1433","2939","92","86","178","1598","1519","3117","5.7"
"22144","Pomarolo","TRENTINO-ALTO ADIGE","Trento","TN","38060","45.9245","11.0485","206","9.3","1072","1140","2212","77","66","143","1149","1206","2355","6.1"
"22145","Pozza di Fassa","TRENTINO-ALTO ADIGE","Trento","TN","38036","46.4307","11.6857","1.325","73.1","1022","1008","2030","69","39","108","1091","1047","2138","5.1"
"22146","Praso","TRENTINO-ALTO ADIGE","Trento","TN","38080","45.9492","10.6365","785","9.8","160","170","330","4","0","4","164","170","334","1.2"
"22147","Predazzo","TRENTINO-ALTO ADIGE","Trento","TN","38037","46.311","11.6028","1.018","109.8","2190","2086","4276","142","113","255","2332","2199","4531","5.6"
"22148","Preore","TRENTINO-ALTO ADIGE","Trento","TN","38070","46.0463","10.7559","530","4.4","194","182","376","7","7","14","201","189","390","3.6"
"22149","Prezzo","TRENTINO-ALTO ADIGE","Trento","TN","38085","45.9358","10.6318","664","3.8","102","98","200","2","8","10","104","106","210","4.8"
"22150","Rabbi","TRENTINO-ALTO ADIGE","Trento","TN","38020","46.3992","10.8486","1.095","132.2","651","706","1357","23","20","43","674","726","1400","3.1"
"22151","Ragoli","TRENTINO-ALTO ADIGE","Trento","TN","38070","46.0526","10.7765","556","65.0","370","360","730","13","17","30","383","377","760","3.9"
"22152","Revò","TRENTINO-ALTO ADIGE","Trento","TN","38028","46.3923","11.0583","724","13.4","575","568","1143","66","56","122","641","624","1265","9.6"
"22153","Riva del Garda","TRENTINO-ALTO ADIGE","Trento","TN","38066","45.8885","10.8427","73","42.5","7249","6882","14131","978","729","1707","8227","7611","15838","10.8"
"22154","Romallo","TRENTINO-ALTO ADIGE","Trento","TN","38028","46.3955","11.0643","733","2.4","277","283","560","25","19","44","302","302","604","7.3"
"22155","Romeno","TRENTINO-ALTO ADIGE","Trento","TN","38010","46.3919","11.117","961","9.1","615","620","1235","74","65","139","689","685","1374","10.1"
"22156","Roncegno Terme","TRENTINO-ALTO ADIGE","Trento","TN","38050","46.0543","11.3778","535","38.1","1368","1309","2677","77","60","137","1445","1369","2814","4.9"
"22157","Ronchi Valsugana","TRENTINO-ALTO ADIGE","Trento","TN","38050","46.0677","11.4344","776","10.0","207","208","415","4","2","6","211","210","421","1.4"
"22158","Roncone","TRENTINO-ALTO ADIGE","Trento","TN","38087","45.985","10.6706","842","29.4","699","705","1404","21","18","39","720","723","1443","2.7"
"22159","Ronzone","TRENTINO-ALTO ADIGE","Trento","TN","38010","46.4206","11.1473","1.085","5.3","174","178","352","21","18","39","195","196","391","10.0"
"22160","Roverè della Luna","TRENTINO-ALTO ADIGE","Trento","TN","38030","46.2487","11.1688","251","10.4","696","695","1391","104","78","182","800","773","1573","11.6"
"22161","Rovereto","TRENTINO-ALTO ADIGE","Trento","TN","38068","45.891","11.0398","204","50.9","17499","15737","33236","2403","2115","4518","19902","17852","37754","12.0"
"22162","Ruffrè-Mendola","TRENTINO-ALTO ADIGE","Trento","TN","38010","46.4186","11.2019","1.200","6.6","209","200","409","6","1","7","215","201","416","1.7"
"22163","Rumo","TRENTINO-ALTO ADIGE","Trento","TN","38020","46.4365","11.0294","944","30.8","362","379","741","42","39","81","404","418","822","9.9"
"22164","Sagron Mis","TRENTINO-ALTO ADIGE","Trento","TN","38050","46.1945","11.9424","1.062","11.2","92","89","181","1","1","2","93","90","183","1.1"
"22165","Samone","TRENTINO-ALTO ADIGE","Trento","TN","38059","46.0802","11.5225","673","4.9","256","260","516","15","13","28","271","273","544","5.1"
"22166","San Lorenzo in Banale","TRENTINO-ALTO ADIGE","Trento","TN","38078","46.0767","10.9093","758","61.9","560","557","1117","32","32","64","592","589","1181","5.4"
"22167","San Michele all'Adige","TRENTINO-ALTO ADIGE","Trento","TN","38010","46.1879","11.133","228","5.3","1264","1237","2501","211","199","410","1475","1436","2911","14.1"
"22168","Sant'Orsola Terme","TRENTINO-ALTO ADIGE","Trento","TN","38050","46.1081","11.3024","925","15.4","491","520","1011","33","29","62","524","549","1073","5.8"
"22169","Sanzeno","TRENTINO-ALTO ADIGE","Trento","TN","38010","46.3662","11.0746","640","8.0","433","439","872","29","27","56","462","466","928","6.0"
"22170","Sarnonico","TRENTINO-ALTO ADIGE","Trento","TN","38011","46.4186","11.1415","963","12.1","331","333","664","47","38","85","378","371","749","11.3"
"22171","Scurelle","TRENTINO-ALTO ADIGE","Trento","TN","38050","46.0648","11.5105","375","29.9","660","651","1311","46","44","90","706","695","1401","6.4"
"22172","Segonzano","TRENTINO-ALTO ADIGE","Trento","TN","38047","46.1876","11.2613","660","20.8","681","665","1346","99","86","185","780","751","1531","12.1"
"22173","Sfruz","TRENTINO-ALTO ADIGE","Trento","TN","38010","46.35","11.1798","1.015","11.7","147","157","304","13","6","19","160","163","323","5.9"
"22174","Siror","TRENTINO-ALTO ADIGE","Trento","TN","38054","46.1878","11.8302","765","75.0","616","594","1210","37","37","74","653","631","1284","5.8"
"22175","Smarano","TRENTINO-ALTO ADIGE","Trento","TN","38010","46.3425","11.1109","985","6.4","211","223","434","32","43","75","243","266","509","14.7"
"22176","Soraga","TRENTINO-ALTO ADIGE","Trento","TN","38030","46.3948","11.667","1.220","19.6","326","356","682","26","28","54","352","384","736","7.3"
"22177","Sover","TRENTINO-ALTO ADIGE","Trento","TN","38048","46.2214","11.3158","831","14.7","415","414","829","31","22","53","446","436","882","6.0"
"22178","Spera","TRENTINO-ALTO ADIGE","Trento","TN","38059","46.0696","11.509","553","3.3","294","269","563","11","11","22","305","280","585","3.8"
"22179","Spiazzo","TRENTINO-ALTO ADIGE","Trento","TN","38088","46.0981","10.7339","645","70.7","614","543","1157","87","71","158","701","614","1315","12.0"
"22180","Spormaggiore","TRENTINO-ALTO ADIGE","Trento","TN","38010","46.217","11.0476","565","30.2","534","592","1126","67","66","133","601","658","1259","10.6"
"22181","Sporminore","TRENTINO-ALTO ADIGE","Trento","TN","38010","46.2376","11.0306","515","17.5","325","340","665","29","20","49","354","360","714","6.9"
"22182","Stenico","TRENTINO-ALTO ADIGE","Trento","TN","38070","46.0527","10.8536","666","49.8","514","531","1045","42","50","92","556","581","1137","8.1"
"22183","Storo","TRENTINO-ALTO ADIGE","Trento","TN","38089","45.8482","10.579","409","62.9","2243","2129","4372","135","148","283","2378","2277","4655","6.1"
"22184","Strembo","TRENTINO-ALTO ADIGE","Trento","TN","38080","46.1205","10.7517","714","38.2","235","230","465","39","27","66","274","257","531","12.4"
"22185","Strigno","TRENTINO-ALTO ADIGE","Trento","TN","38059","46.0693","11.5212","506","12.2","711","627","1338","60","61","121","771","688","1459","8.3"
"22186","Taio","TRENTINO-ALTO ADIGE","Trento","TN","38012","46.3224","11.0658","515","11.3","1291","1299","2590","189","179","368","1480","1478","2958","12.4"
"22187","Tassullo","TRENTINO-ALTO ADIGE","Trento","TN","38010","46.3362","11.0508","546","13.5","910","852","1762","84","74","158","994","926","1920","8.2"
"22188","Telve","TRENTINO-ALTO ADIGE","Trento","TN","38050","46.0701","11.4802","550","64.9","995","886","1881","53","61","114","1048","947","1995","5.7"
"22189","Telve di Sopra","TRENTINO-ALTO ADIGE","Trento","TN","38050","46.0715","11.4716","650","17.8","292","303","595","15","7","22","307","310","617","3.6"
"22190","Tenna","TRENTINO-ALTO ADIGE","Trento","TN","38050","46.0119","11.2667","569","3.1","481","443","924","20","11","31","501","454","955","3.2"
"22191","Tenno","TRENTINO-ALTO ADIGE","Trento","TN","38060","45.9195","10.833","428","28.3","925","912","1837","81","49","130","1006","961","1967","6.6"
"22192","Terlago","TRENTINO-ALTO ADIGE","Trento","TN","38070","46.0982","11.044","456","37.1","905","917","1822","38","23","61","943","940","1883","3.2"
"22193","Terragnolo","TRENTINO-ALTO ADIGE","Trento","TN","38060","45.8782","11.1428","785","39.5","363","376","739","7","9","16","370","385","755","2.1"
"22194","Terres","TRENTINO-ALTO ADIGE","Trento","TN","38010","46.3106","11.0228","593","6.4","149","137","286","10","11","21","159","148","307","6.8"
"22195","Terzolas","TRENTINO-ALTO ADIGE","Trento","TN","38027","46.3617","10.927","755","5.4","305","271","576","16","14","30","321","285","606","5.0"
"22196","Tesero","TRENTINO-ALTO ADIGE","Trento","TN","38038","46.2896","11.508","1.000","50.4","1377","1338","2715","86","67","153","1463","1405","2868","5.3"
"22199","Tione di Trento","TRENTINO-ALTO ADIGE","Trento","TN","38079","46.0313","10.7227","565","33.3","1616","1518","3134","250","224","474","1866","1742","3608","13.1"
"22200","Ton","TRENTINO-ALTO ADIGE","Trento","TN","38010","46.2659","11.0855","482","26.4","570","657","1227","49","43","92","619","700","1319","7.0"
"22201","Tonadico","TRENTINO-ALTO ADIGE","Trento","TN","38054","46.1789","11.8325","750","89.6","714","678","1392","52","35","87","766","713","1479","5.9"
"22202","Torcegno","TRENTINO-ALTO ADIGE","Trento","TN","38050","46.1141","11.4081","769","15.2","351","336","687","7","3","10","358","339","697","1.4"
"22203","Trambileno","TRENTINO-ALTO ADIGE","Trento","TN","38068","45.8673","11.0742","525","50.2","667","644","1311","22","22","44","689","666","1355","3.2"
"22204","Transacqua","TRENTINO-ALTO ADIGE","Trento","TN","38054","46.1713","11.8329","746","35.6","1035","1010","2045","53","38","91","1088","1048","2136","4.3"
"22205","Trento","TRENTINO-ALTO ADIGE","Trento","TN","38100","46.0697","11.1211","194","157.9","53558","48890","102448","6319","5431","11750","59877","54321","114198","10.3"
"22206","Tres","TRENTINO-ALTO ADIGE","Trento","TN","38010","46.3217","11.0955","810","14.6","348","328","676","23","19","42","371","347","718","5.8"
"22207","Tuenno","TRENTINO-ALTO ADIGE","Trento","TN","38019","46.3264","11.0227","629","70.6","1096","1093","2189","102","83","185","1198","1176","2374","7.8"
"22208","Valda","TRENTINO-ALTO ADIGE","Trento","TN","38030","46.2069","11.2665","795","6.1","109","85","194","16","17","33","125","102","227","14.5"
"22209","Valfloriana","TRENTINO-ALTO ADIGE","Trento","TN","38040","46.2495","11.3434","853","39.5","256","249","505","12","13","25","268","262","530","4.7"
"22210","Vallarsa","TRENTINO-ALTO ADIGE","Trento","TN","38060","45.7906","11.1254","724","78.4","624","690","1314","18","11","29","642","701","1343","2.2"
"22211","Varena","TRENTINO-ALTO ADIGE","Trento","TN","38030","46.3053","11.4579","1.180","23.2","403","402","805","20","20","40","423","422","845","4.7"
"22212","Vattaro","TRENTINO-ALTO ADIGE","Trento","TN","38049","45.9928","11.219","689","8.3","548","572","1120","26","21","47","574","593","1167","4.0"
"22213","Vermiglio","TRENTINO-ALTO ADIGE","Trento","TN","38029","46.2998","10.7032","1.261","103.9","916","870","1786","44","39","83","960","909","1869","4.4"
"22214","Vervò","TRENTINO-ALTO ADIGE","Trento","TN","38010","46.3092","11.1195","886","15.2","332","317","649","31","32","63","363","349","712","8.8"
"22215","Vezzano","TRENTINO-ALTO ADIGE","Trento","TN","38070","46.0802","11.0014","385","31.9","1032","1030","2062","71","50","121","1103","1080","2183","5.5"
"22216","Vignola-Falesina","TRENTINO-ALTO ADIGE","Trento","TN","38057","46.0493","11.2832","984","11.9","75","86","161","1","0","1","76","86","162","0.6"
"22217","Vigo di Fassa","TRENTINO-ALTO ADIGE","Trento","TN","38039","46.4209","11.6749","1.382","26.7","544","568","1112","49","46","95","593","614","1207","7.9"
"22219","Vigolo Vattaro","TRENTINO-ALTO ADIGE","Trento","TN","38049","46.0056","11.1936","725","20.7","1034","1062","2096","52","41","93","1086","1103","2189","4.2"
"22220","Vigo Rendena","TRENTINO-ALTO ADIGE","Trento","TN","38080","46.0791","10.7213","612","4.5","247","226","473","15","13","28","262","239","501","5.6"
"22221","Villa Agnedo","TRENTINO-ALTO ADIGE","Trento","TN","38059","46.053","11.5282","356","14.1","440","451","891","46","50","96","486","501","987","9.7"
"22222","Villa Lagarina","TRENTINO-ALTO ADIGE","Trento","TN","38060","45.9214","11.0368","180","24.1","1754","1769","3523","100","69","169","1854","1838","3692","4.6"
"22223","Villa Rendena","TRENTINO-ALTO ADIGE","Trento","TN","38080","46.0622","10.7122","608","35.0","411","425","836","84","82","166","495","507","1002","16.6"
"22224","Volano","TRENTINO-ALTO ADIGE","Trento","TN","38060","45.9179","11.0639","189","10.8","1410","1382","2792","162","171","333","1572","1553","3125","10.7"
"22225","Zambana","TRENTINO-ALTO ADIGE","Trento","TN","38010","46.1543","11.0928","206","11.7","721","760","1481","70","69","139","791","829","1620","8.6"
"22226","Ziano di Fiemme","TRENTINO-ALTO ADIGE","Trento","TN","38030","46.2866","11.5592","953","35.8","818","790","1608","42","29","71","860","819","1679","4.2"
"22227","Zuclo","TRENTINO-ALTO ADIGE","Trento","TN","38079","46.0343","10.7495","595","10.3","167","172","339","4","2","6","171","174","345","1.7"
"22228","Comano Terme","TRENTINO-ALTO ADIGE","Trento","TN","","46.0414","10.8837","400","67.7","1266","1240","2506","215","192","407","1481","1432","2913","14.0"
"22229","Ledro","TRENTINO-ALTO ADIGE","Trento","TN","","45.8765","10.7321","660","154.6","2566","2470","5036","228","184","412","2794","2654","5448","7.6"
"23001","Affi","VENETO","Verona","VR","37010","45.5525","10.7721","191","9.9","1079","1062","2141","91","65","156","1170","1127","2297","6.8"
"23002","Albaredo d'Adige","VENETO","Verona","VR","37041","45.317","11.2762","24","28.2","2373","2338","4711","259","262","521","2632","2600","5232","10.0"
"23003","Angiari","VENETO","Verona","VR","37050","45.2179","11.2834","17","13.5","1060","995","2055","62","47","109","1122","1042","2164","5.0"
"23004","Arcole","VENETO","Verona","VR","37040","45.3585","11.2845","27","18.8","2800","2657","5457","318","369","687","3118","3026","6144","11.2"
"23005","Badia Calavena","VENETO","Verona","VR","37030","45.5638","11.1561","470","26.9","1183","1281","2464","98","99","197","1281","1380","2661","7.4"
"23006","Bardolino","VENETO","Verona","VR","37011","45.5518","10.7215","65","54.8","3107","3023","6130","354","230","584","3461","3253","6714","8.7"
"23007","Belfiore","VENETO","Verona","VR","37050","45.2366","11.3053","26","26.5","1361","1345","2706","144","158","302","1505","1503","3008","10.0"
"23008","Bevilacqua","VENETO","Verona","VR","37040","45.2337","11.3979","14","12.1","797","848","1645","78","64","142","875","912","1787","7.9"
"23009","Bonavigo","VENETO","Verona","VR","37040","45.2583","11.2763","19","17.8","902","921","1823","93","108","201","995","1029","2024","9.9"
"23010","Boschi Sant'Anna","VENETO","Verona","VR","37040","45.2183","11.3559","10","9.0","708","669","1377","37","40","77","745","709","1454","5.3"
"23011","Bosco Chiesanuova","VENETO","Verona","VR","37021","45.6201","11.0271","1.106","64.6","1549","1682","3231","163","152","315","1712","1834","3546","8.9"
"23012","Bovolone","VENETO","Verona","VR","37051","45.2577","11.1206","24","41.4","7068","6996","14064","921","861","1782","7989","7857","15846","11.2"
"23013","Brentino Belluno","VENETO","Verona","VR","37020","45.6428","10.8725","137","26.5","609","618","1227","90","89","179","699","707","1406","12.7"
"23014","Brenzone","VENETO","Verona","VR","37010","45.7094","10.7679","69","50.1","1193","983","2176","163","157","320","1356","1140","2496","12.8"
"23015","Bussolengo","VENETO","Verona","VR","37012","45.4733","10.8507","127","24.3","8800","8421","17221","1154","1108","2262","9954","9529","19483","11.6"
"23016","Buttapietra","VENETO","Verona","VR","37060","45.3413","10.999","38","17.2","3119","3184","6303","284","280","564","3403","3464","6867","8.2"
"23017","Caldiero","VENETO","Verona","VR","37042","45.4091","11.1828","44","10.4","3187","3189","6376","484","514","998","3671","3703","7374","13.5"
"23018","Caprino Veronese","VENETO","Verona","VR","37013","45.6062","10.7948","254","47.3","3775","3531","7306","391","368","759","4166","3899","8065","9.4"
"23019","Casaleone","VENETO","Verona","VR","37052","45.1726","11.1973","16","38.3","2730","2673","5403","259","277","536","2989","2950","5939","9.0"
"23020","Castagnaro","VENETO","Verona","VR","37043","45.1204","11.411","14","34.7","1854","1817","3671","137","122","259","1991","1939","3930","6.6"
"23021","Castel d'Azzano","VENETO","Verona","VR","37060","45.3555","10.9566","44","9.7","5363","5236","10599","579","561","1140","5942","5797","11739","9.7"
"23022","Castelnuovo del Garda","VENETO","Verona","VR","37014","45.4414","10.7582","130","34.6","5458","5413","10871","712","616","1328","6170","6029","12199","10.9"
"23023","Cavaion Veronese","VENETO","Verona","VR","37010","45.5373","10.7688","190","12.9","2542","2427","4969","273","229","502","2815","2656","5471","9.2"
"23024","Cazzano di Tramigna","VENETO","Verona","VR","37030","45.4803","11.2158","100","12.3","711","720","1431","70","54","124","781","774","1555","8.0"
"23025","Cerea","VENETO","Verona","VR","37053","45.1931","11.2101","18","70.4","7663","7418","15081","629","541","1170","8292","7959","16251","7.2"
"23026","Cerro Veronese","VENETO","Verona","VR","37020","45.5741","11.0386","730","10.2","1081","1089","2170","136","128","264","1217","1217","2434","10.8"
"23027","Cologna Veneta","VENETO","Verona","VR","37044","45.3089","11.3796","24","43.0","3836","3628","7464","544","599","1143","4380","4227","8607","13.3"
"23028","Colognola ai Colli","VENETO","Verona","VR","37030","45.4333","11.1943","177","20.9","3635","3621","7256","443","442","885","4078","4063","8141","10.9"
"23029","Concamarise","VENETO","Verona","VR","37050","45.2069","11.1403","21","7.9","443","482","925","74","79","153","517","561","1078","14.2"
"23030","Costermano","VENETO","Verona","VR","37010","45.5858","10.7433","237","16.9","1658","1707","3365","139","82","221","1797","1789","3586","6.2"
"23031","Dolcè","VENETO","Verona","VR","37020","45.601","10.852","115","39.4","1080","1148","2228","173","172","345","1253","1320","2573","13.4"
"23032","Erbè","VENETO","Verona","VR","37060","45.2467","10.9794","22","15.9","810","792","1602","120","119","239","930","911","1841","13.0"
"23033","Erbezzo","VENETO","Verona","VR","37020","45.6367","11.0011","1.118","32.4","351","378","729","19","19","38","370","397","767","5.0"
"23034","Ferrara di Monte Baldo","VENETO","Verona","VR","37020","45.6767","10.8533","856","26.9","97","105","202","11","8","19","108","113","221","8.6"
"23035","Fumane","VENETO","Verona","VR","37022","45.5465","10.8849","198","34.3","1902","1973","3875","151","125","276","2053","2098","4151","6.6"
"23036","Garda","VENETO","Verona","VR","37016","45.5771","10.7056","67","16.1","1784","1719","3503","252","223","475","2036","1942","3978","11.9"
"23037","Gazzo Veronese","VENETO","Verona","VR","37060","45.1428","11.0761","16","56.8","2575","2486","5061","212","204","416","2787","2690","5477","7.6"
"23038","Grezzana","VENETO","Verona","VR","37023","45.5195","11.0165","169","52.0","4918","4943","9861","486","480","966","5404","5423","10827","8.9"
"23039","Illasi","VENETO","Verona","VR","37031","45.468","11.1802","157","25.0","2426","2438","4864","209","229","438","2635","2667","5302","8.3"
"23040","Isola della Scala","VENETO","Verona","VR","37063","45.2737","11.0072","31","69.9","5180","4990","10170","631","656","1287","5811","5646","11457","11.2"
"23041","Isola Rizza","VENETO","Verona","VR","37050","45.291","11.1996","23","16.8","1421","1483","2904","187","164","351","1608","1647","3255","10.8"
"23042","Lavagno","VENETO","Verona","VR","37030","45.4407","11.1323","67","14.7","3740","3729","7469","308","324","632","4048","4053","8101","7.8"
"23043","Lazise","VENETO","Verona","VR","37017","45.506","10.7351","76","65.0","3094","3046","6140","316","239","555","3410","3285","6695","8.3"
"23044","Legnago","VENETO","Verona","VR","37045","45.1936","11.3032","16","79.7","12137","11315","23452","841","699","1540","12978","12014","24992","6.2"
"23045","Malcesine","VENETO","Verona","VR","37018","45.7642","10.8101","89","68.1","1686","1637","3323","217","145","362","1903","1782","3685","9.8"
"23046","Marano di Valpolicella","VENETO","Verona","VR","37020","45.5566","10.9161","350","18.6","1483","1480","2963","72","48","120","1555","1528","3083","3.9"
"23047","Mezzane di Sotto","VENETO","Verona","VR","37030","45.482","11.127","122","19.6","1235","1108","2343","66","54","120","1301","1162","2463","4.9"
"23048","Minerbe","VENETO","Verona","VR","37046","45.241","11.3296","16","29.7","2214","2059","4273","189","205","394","2403","2264","4667","8.4"
"23049","Montecchia di Crosara","VENETO","Verona","VR","37030","45.4798","11.253","87","21.1","1866","1999","3865","279","318","597","2145","2317","4462","13.4"
"23050","Monteforte d'Alpone","VENETO","Verona","VR","37032","45.4252","11.2903","38","20.4","3608","3578","7186","585","639","1224","4193","4217","8410","14.6"
"23051","Mozzecane","VENETO","Verona","VR","37060","45.3088","10.817","47","24.7","3000","3098","6098","433","474","907","3433","3572","7005","12.9"
"23052","Negrar","VENETO","Verona","VR","37024","45.5361","10.9394","190","40.5","7907","7812","15719","614","602","1216","8521","8414","16935","7.2"
"23053","Nogara","VENETO","Verona","VR","37054","45.1789","11.0637","18","38.9","3776","3534","7310","620","644","1264","4396","4178","8574","14.7"
"23054","Nogarole Rocca","VENETO","Verona","VR","37060","45.2938","10.8788","37","29.2","1375","1430","2805","293","357","650","1668","1787","3455","18.8"
"23055","Oppeano","VENETO","Verona","VR","37050","45.3094","11.1767","26","47.0","4113","4065","8178","599","650","1249","4712","4715","9427","13.2"
"23056","Palù","VENETO","Verona","VR","37050","45.3242","11.1534","23","13.5","537","521","1058","103","123","226","640","644","1284","17.6"
"23057","Pastrengo","VENETO","Verona","VR","37010","45.4923","10.7976","192","9.0","1349","1341","2690","112","91","203","1461","1432","2893","7.0"
"23058","Pescantina","VENETO","Verona","VR","37026","45.4828","10.8675","80","19.7","7701","7568","15269","529","528","1057","8230","8096","16326","6.5"
"23059","Peschiera del Garda","VENETO","Verona","VR","37019","45.4396","10.6865","68","17.6","4507","4136","8643","571","384","955","5078","4520","9598","9.9"
"23060","Povegliano Veronese","VENETO","Verona","VR","37064","45.3484","10.8813","47","18.7","3289","3183","6472","312","280","592","3601","3463","7064","8.4"
"23061","Pressana","VENETO","Verona","VR","37040","45.2833","11.4041","19","17.7","1108","1128","2236","151","177","328","1259","1305","2564","12.8"
"23062","Rivoli Veronese","VENETO","Verona","VR","37010","45.5774","10.806","191","18.5","989","1000","1989","81","57","138","1070","1057","2127","6.5"
"23063","Roncà","VENETO","Verona","VR","37030","45.4815","11.2876","78","18.2","1652","1663","3315","202","209","411","1854","1872","3726","11.0"
"23064","Ronco all'Adige","VENETO","Verona","VR","37055","45.3378","11.2422","23","42.6","2701","2718","5419","355","405","760","3056","3123","6179","12.3"
"23065","Roverchiara","VENETO","Verona","VR","37050","45.2694","11.2448","20","19.8","1121","1133","2254","215","271","486","1336","1404","2740","17.7"
"23066","Roveredo di Guà","VENETO","Verona","VR","37040","45.2738","11.4419","16","10.2","726","671","1397","73","71","144","799","742","1541","9.3"
"23067","Roverè Veronese","VENETO","Verona","VR","37028","45.5998","11.0687","843","36.5","949","1014","1963","91","73","164","1040","1087","2127","7.7"
"23068","Salizzole","VENETO","Verona","VR","37056","45.2428","11.0937","22","30.6","1711","1778","3489","131","125","256","1842","1903","3745","6.8"
"23069","San Bonifacio","VENETO","Verona","VR","37047","45.3954","11.2742","31","33.9","8516","8159","16675","1724","1876","3600","10240","10035","20275","17.8"
"23070","San Giovanni Ilarione","VENETO","Verona","VR","37035","45.5237","11.2356","194","25.3","2224","2335","4559","257","295","552","2481","2630","5111","10.8"
"23071","San Giovanni Lupatoto","VENETO","Verona","VR","37057","45.3824","11.0445","42","18.9","11246","10615","21861","1188","1099","2287","12434","11714","24148","9.5"
"23072","Sanguinetto","VENETO","Verona","VR","37058","45.1807","11.1526","19","13.6","1918","1859","3777","195","168","363","2113","2027","4140","8.8"
"23073","San Martino Buon Albergo","VENETO","Verona","VR","37036","45.4232","11.0943","45","35.3","6500","6298","12798","747","738","1485","7247","7036","14283","10.4"
"23074","San Mauro di Saline","VENETO","Verona","VR","37030","45.5641","11.1169","804","11.1","256","274","530","10","13","23","266","287","553","4.2"
"23075","San Pietro di Morubio","VENETO","Verona","VR","37050","45.2398","11.2284","19","16.0","1388","1385","2773","130","121","251","1518","1506","3024","8.3"
"23076","San Pietro in Cariano","VENETO","Verona","VR","37029","45.5166","10.8861","151","20.3","6293","5902","12195","394","341","735","6687","6243","12930","5.7"
"23077","Sant'Ambrogio di Valpolicella","VENETO","Verona","VR","37015","45.5217","10.8379","174","23.5","5219","5035","10254","602","566","1168","5821","5601","11422","10.2"
"23078","Sant'Anna d'Alfaedo","VENETO","Verona","VR","37020","45.6278","10.9512","939","43.7","1168","1200","2368","87","109","196","1255","1309","2564","7.6"
"23079","San Zeno di Montagna","VENETO","Verona","VR","37010","45.6311","10.7235","581","28.3","604","648","1252","63","52","115","667","700","1367","8.4"
"23080","Selva di Progno","VENETO","Verona","VR","37030","45.6111","11.139","570","41.3","420","470","890","21","23","44","441","493","934","4.7"
"23081","Soave","VENETO","Verona","VR","37038","45.4198","11.2481","40","22.7","3275","3132","6407","283","218","501","3558","3350","6908","7.3"
"23082","Sommacampagna","VENETO","Verona","VR","37066","45.4028","10.8428","121","40.9","6683","6691","13374","651","590","1241","7334","7281","14615","8.5"
"23083","Sona","VENETO","Verona","VR","37060","45.4354","10.8296","169","41.2","7858","7762","15620","736","674","1410","8594","8436","17030","8.3"
"23084","Sorgà","VENETO","Verona","VR","37060","45.2139","10.9809","25","31.5","1329","1292","2621","237","254","491","1566","1546","3112","15.8"
"23085","Terrazzo","VENETO","Verona","VR","37040","45.1743","11.3981","12","20.5","1046","1014","2060","120","110","230","1166","1124","2290","10.0"
"23086","Torri del Benaco","VENETO","Verona","VR","37010","45.6131","10.6809","67","51.4","1296","1237","2533","150","119","269","1446","1356","2802","9.6"
"23087","Tregnago","VENETO","Verona","VR","37039","45.5217","11.1624","317","37.4","2310","2253","4563","191","172","363","2501","2425","4926","7.4"
"23088","Trevenzuolo","VENETO","Verona","VR","37060","45.2687","10.9322","31","27.0","1167","1145","2312","205","214","419","1372","1359","2731","15.3"
"23089","Valeggio sul Mincio","VENETO","Verona","VR","37067","45.3547","10.7344","88","64.0","6224","6213","12437","945","918","1863","7169","7131","14300","13.0"
"23090","Velo Veronese","VENETO","Verona","VR","37030","45.6056","11.0952","1.087","19.1","356","412","768","7","6","13","363","418","781","1.7"
"23091","Verona","VENETO","Verona","VR","37100","45.4384","10.9917","59","206.7","117984","104351","222335","15761","14424","30185","133745","118775","252520","12.0"
"23092","Veronella","VENETO","Verona","VR","37040","45.3211","11.3248","21","20.8","2085","2078","4163","253","254","507","2338","2332","4670","10.9"
"23093","Vestenanova","VENETO","Verona","VR","37030","45.5746","11.2323","515","23.9","1175","1229","2404","99","115","214","1274","1344","2618","8.2"
"23094","Vigasio","VENETO","Verona","VR","37068","45.3169","10.9421","37","30.8","4231","4301","8532","457","449","906","4688","4750","9438","9.6"
"23095","Villa Bartolomea","VENETO","Verona","VR","37049","45.1588","11.353","14","53.2","2745","2642","5387","234","220","454","2979","2862","5841","7.8"
"23096","Villafranca di Verona","VENETO","Verona","VR","37069","45.3553","10.8474","54","57.4","15001","14582","29583","1614","1550","3164","16615","16132","32747","9.7"
"23097","Zevio","VENETO","Verona","VR","37059","45.3758","11.1378","31","55.0","6613","6412","13025","671","717","1388","7284","7129","14413","9.6"
"23098","Zimella","VENETO","Verona","VR","37040","45.3341","11.3769","29","20.2","2111","2100","4211","294","329","623","2405","2429","4834","12.9"
"24001","Agugliaro","VENETO","Vicenza","VI","36020","45.3244","11.5868","13","14.6","647","693","1340","35","47","82","682","740","1422","5.8"
"24002","Albettone","VENETO","Vicenza","VI","36020","45.3583","11.5854","19","20.3","939","966","1905","85","76","161","1024","1042","2066","7.8"
"24003","Alonte","VENETO","Vicenza","VI","36045","45.3646","11.4285","34","11.6","740","780","1520","71","56","127","811","836","1647","7.7"
"24004","Altavilla Vicentina","VENETO","Vicenza","VI","36077","45.5093","11.4661","45","16.7","5380","5259","10639","567","554","1121","5947","5813","11760","9.5"
"24005","Altissimo","VENETO","Vicenza","VI","36070","45.6135","11.2544","672","15.0","984","1027","2011","120","135","255","1104","1162","2266","11.3"
"24006","Arcugnano","VENETO","Vicenza","VI","36057","45.4979","11.5339","60","41.5","3799","3829","7628","157","114","271","3956","3943","7899","3.4"
"24007","Arsiero","VENETO","Vicenza","VI","36011","45.8032","11.3556","356","41.2","1481","1467","2948","181","174","355","1662","1641","3303","10.7"
"24008","Arzignano","VENETO","Vicenza","VI","36071","45.5223","11.3342","118","34.3","10507","9983","20490","2246","2853","5099","12753","12836","25589","19.9"
"24009","Asiago","VENETO","Vicenza","VI","36012","45.8755","11.5107","1.001","163.0","3220","2958","6178","136","77","213","3356","3035","6391","3.3"
"24010","Asigliano Veneto","VENETO","Vicenza","VI","36020","45.3044","11.4466","17","8.1","403","397","800","34","43","77","437","440","877","8.8"
"24011","Barbarano Vicentino","VENETO","Vicenza","VI","36021","45.4099","11.5396","72","19.6","2077","1886","3963","272","341","613","2349","2227","4576","13.4"
"24012","Bassano del Grappa","VENETO","Vicenza","VI","36061","45.7657","11.7273","129","46.8","20078","18344","38422","2449","2113","4562","22527","20457","42984","10.6"
"24013","Bolzano Vicentino","VENETO","Vicenza","VI","36050","45.6005","11.622","45","20.0","3053","3087","6140","203","166","369","3256","3253","6509","5.7"
"24014","Breganze","VENETO","Vicenza","VI","36042","45.7082","11.5575","110","21.8","4178","3953","8131","307","255","562","4485","4208","8693","6.5"
"24015","Brendola","VENETO","Vicenza","VI","36040","45.4723","11.4463","156","25.5","3120","3067","6187","267","268","535","3387","3335","6722","8.0"
"24016","Bressanvido","VENETO","Vicenza","VI","36050","45.6484","11.6354","56","8.6","1455","1459","2914","90","104","194","1545","1563","3108","6.2"
"24017","Brogliano","VENETO","Vicenza","VI","36070","45.5875","11.3645","172","12.3","1810","1843","3653","125","122","247","1935","1965","3900","6.3"
"24018","Caldogno","VENETO","Vicenza","VI","36030","45.6151","11.5064","53","16.0","5396","5087","10483","397","341","738","5793","5428","11221","6.6"
"24019","Caltrano","VENETO","Vicenza","VI","36030","45.7707","11.4554","234","22.7","1266","1208","2474","76","57","133","1342","1265","2607","5.1"
"24020","Calvene","VENETO","Vicenza","VI","36030","45.7658","11.5122","201","11.5","626","616","1242","39","42","81","665","658","1323","6.1"
"24021","Camisano Vicentino","VENETO","Vicenza","VI","36043","45.5207","11.7127","24","30.0","4606","4491","9097","767","760","1527","5373","5251","10624","14.4"
"24022","Campiglia dei Berici","VENETO","Vicenza","VI","36020","45.3404","11.5397","16","10.9","851","844","1695","50","46","96","901","890","1791","5.4"
"24023","Campolongo sul Brenta","VENETO","Vicenza","VI","36020","45.8279","11.7007","141","9.7","372","386","758","42","30","72","414","416","830","8.7"
"24024","Carrè","VENETO","Vicenza","VI","36010","45.742","11.4672","219","8.7","1669","1661","3330","169","148","317","1838","1809","3647","8.7"
"24025","Cartigliano","VENETO","Vicenza","VI","36050","45.7153","11.6947","85","7.5","1802","1709","3511","146","145","291","1948","1854","3802","7.7"
"24026","Cassola","VENETO","Vicenza","VI","36022","45.734","11.7989","92","12.7","6532","6254","12786","681","661","1342","7213","6915","14128","9.5"
"24027","Castegnero","VENETO","Vicenza","VI","36020","45.4413","11.5809","22","11.6","1280","1268","2548","156","153","309","1436","1421","2857","10.8"
"24028","Castelgomberto","VENETO","Vicenza","VI","36070","45.5854","11.3933","145","17.3","2696","2711","5407","318","373","691","3014","3084","6098","11.3"
"24029","Chiampo","VENETO","Vicenza","VI","36072","45.5458","11.2775","175","22.7","5459","5490","10949","797","1113","1910","6256","6603","12859","14.9"
"24030","Chiuppano","VENETO","Vicenza","VI","36010","45.7665","11.4586","241","4.6","1233","1214","2447","99","80","179","1332","1294","2626","6.8"
"24031","Cismon del Grappa","VENETO","Vicenza","VI","36020","45.9216","11.7295","210","34.7","447","433","880","45","39","84","492","472","964","8.7"
"24032","Cogollo del Cengio","VENETO","Vicenza","VI","36010","45.7886","11.4136","305","36.2","1616","1594","3210","107","73","180","1723","1667","3390","5.3"
"24033","Conco","VENETO","Vicenza","VI","36062","45.7984","11.6057","830","27.4","1052","1072","2124","50","32","82","1102","1104","2206","3.7"
"24034","Cornedo Vicentino","VENETO","Vicenza","VI","36073","45.6151","11.3376","200","23.5","5373","5384","10757","585","597","1182","5958","5981","11939","9.9"
"24035","Costabissara","VENETO","Vicenza","VI","36030","45.5837","11.4856","49","13.2","3350","3375","6725","261","175","436","3611","3550","7161","6.1"
"24036","Creazzo","VENETO","Vicenza","VI","36051","45.5335","11.4779","99","10.7","5016","4844","9860","623","555","1178","5639","5399","11038","10.7"
"24037","Crespadoro","VENETO","Vicenza","VI","36070","45.6169","11.2289","363","30.1","586","644","1230","110","112","222","696","756","1452","15.3"
"24038","Dueville","VENETO","Vicenza","VI","36031","45.6355","11.5488","57","20.1","6588","6343","12931","519","438","957","7107","6781","13888","6.9"
"24039","Enego","VENETO","Vicenza","VI","36052","45.9403","11.7059","750","53.0","882","871","1753","37","35","72","919","906","1825","3.9"
"24040","Fara Vicentino","VENETO","Vicenza","VI","36030","45.7381","11.5449","202","15.3","1918","1875","3793","81","69","150","1999","1944","3943","3.8"
"24041","Foza","VENETO","Vicenza","VI","36010","45.9142","11.6177","1.083","35.3","342","371","713","4","0","4","346","371","717","0.6"
"24042","Gallio","VENETO","Vicenza","VI","36032","45.8923","11.5477","1.090","47.6","1219","1151","2370","30","13","43","1249","1164","2413","1.8"
"24043","Gambellara","VENETO","Vicenza","VI","36053","45.4583","11.3405","70","12.9","1373","1331","2704","273","342","615","1646","1673","3319","18.5"
"24044","Gambugliano","VENETO","Vicenza","VI","36050","45.5879","11.4397","133","8.0","392","442","834","11","6","17","403","448","851","2.0"
"24045","Grancona","VENETO","Vicenza","VI","36040","45.4233","11.4536","36","12.3","859","905","1764","62","68","130","921","973","1894","6.9"
"24046","Grisignano di Zocco","VENETO","Vicenza","VI","36040","45.4723","11.6931","23","17.0","1892","1891","3783","250","259","509","2142","2150","4292","11.9"
"24047","Grumolo delle Abbadesse","VENETO","Vicenza","VI","36040","45.5152","11.6588","30","14.9","1637","1684","3321","200","220","420","1837","1904","3741","11.2"
"24048","Isola Vicentina","VENETO","Vicenza","VI","36033","45.6291","11.4422","80","26.4","4583","4466","9049","297","293","590","4880","4759","9639","6.1"
"24049","Laghi","VENETO","Vicenza","VI","36010","45.8243","11.2722","567","22.2","59","61","120","2","1","3","61","62","123","2.4"
"24050","Lastebasse","VENETO","Vicenza","VI","36040","45.9151","11.2765","592","18.8","117","106","223","5","1","6","122","107","229","2.6"
"24051","Longare","VENETO","Vicenza","VI","36023","45.4789","11.609","29","22.7","2669","2680","5349","165","140","305","2834","2820","5654","5.4"
"24052","Lonigo","VENETO","Vicenza","VI","36045","45.3883","11.3879","31","49.4","6466","6222","12688","1385","1508","2893","7851","7730","15581","18.6"
"24053","Lugo di Vicenza","VENETO","Vicenza","VI","36030","45.7479","11.5259","203","14.6","1706","1730","3436","166","137","303","1872","1867","3739","8.1"
"24054","Lusiana","VENETO","Vicenza","VI","36046","45.8034","11.5722","752","34.3","1298","1306","2604","75","61","136","1373","1367","2740","5.0"
"24055","Malo","VENETO","Vicenza","VI","36034","45.6554","11.3977","116","30.6","6631","6546","13177","724","740","1464","7355","7286","14641","10.0"
"24056","Marano Vicentino","VENETO","Vicenza","VI","36035","45.6936","11.4314","136","12.7","4444","4527","8971","369","322","691","4813","4849","9662","7.2"
"24057","Marostica","VENETO","Vicenza","VI","36063","45.746","11.6584","103","36.6","6562","6405","12967","444","372","816","7006","6777","13783","5.9"
"24058","Mason Vicentino","VENETO","Vicenza","VI","36064","45.7182","11.6072","103","12.0","1731","1608","3339","96","82","178","1827","1690","3517","5.1"
"24059","Molvena","VENETO","Vicenza","VI","36060","45.745","11.6148","155","7.4","1273","1239","2512","49","35","84","1322","1274","2596","3.2"
"24060","Montebello Vicentino","VENETO","Vicenza","VI","36054","45.4595","11.3852","53","21.4","2817","2705","5522","446","563","1009","3263","3268","6531","15.4"
"24061","Montecchio Maggiore","VENETO","Vicenza","VI","36075","45.498","11.4213","72","30.7","9729","9648","19377","1880","2058","3938","11609","11706","23315","16.9"
"24062","Montecchio Precalcino","VENETO","Vicenza","VI","36030","45.6643","11.5638","84","14.3","2381","2383","4764","115","109","224","2496","2492","4988","4.5"
"24063","Monte di Malo","VENETO","Vicenza","VI","36030","45.6604","11.3626","374","23.8","1374","1419","2793","56","38","94","1430","1457","2887","3.3"
"24064","Montegalda","VENETO","Vicenza","VI","36047","45.4442","11.6751","28","17.7","1496","1522","3018","179","146","325","1675","1668","3343","9.7"
"24065","Montegaldella","VENETO","Vicenza","VI","36047","45.4375","11.6726","23","13.6","816","847","1663","59","66","125","875","913","1788","7.0"
"24066","Monteviale","VENETO","Vicenza","VI","36050","45.5605","11.4581","157","8.4","1237","1300","2537","39","24","63","1276","1324","2600","2.4"
"24067","Monticello Conte Otto","VENETO","Vicenza","VI","36010","45.5952","11.5802","42","10.2","4298","4268","8566","311","279","590","4609","4547","9156","6.4"
"24068","Montorso Vicentino","VENETO","Vicenza","VI","36050","45.488","11.3639","112","9.2","1335","1394","2729","223","227","450","1558","1621","3179","14.2"
"24069","Mossano","VENETO","Vicenza","VI","36024","45.4188","11.5569","89","14.0","865","761","1626","75","75","150","940","836","1776","8.4"
"24070","Mussolente","VENETO","Vicenza","VI","36065","45.7902","11.7988","129","15.4","3529","3570","7099","261","293","554","3790","3863","7653","7.2"
"24071","Nanto","VENETO","Vicenza","VI","36024","45.4348","11.5801","20","14.5","1360","1436","2796","141","145","286","1501","1581","3082","9.3"
"24072","Nogarole Vicentino","VENETO","Vicenza","VI","36070","45.5587","11.2904","525","9.0","526","571","1097","17","22","39","543","593","1136","3.4"
"24073","Nove","VENETO","Vicenza","VI","36055","45.7255","11.6798","91","8.1","2387","2331","4718","188","163","351","2575","2494","5069","6.9"
"24074","Noventa Vicentina","VENETO","Vicenza","VI","36025","45.2907","11.5393","16","23.0","3949","3847","7796","513","501","1014","4462","4348","8810","11.5"
"24075","Orgiano","VENETO","Vicenza","VI","36040","45.3513","11.4617","30","18.1","1461","1461","2922","115","114","229","1576","1575","3151","7.3"
"24076","Pedemonte","VENETO","Vicenza","VI","36040","45.9123","11.3162","446","12.7","388","346","734","21","13","34","409","359","768","4.4"
"24077","Pianezze","VENETO","Vicenza","VI","36060","45.74","11.6267","176","5.0","1009","1001","2010","32","18","50","1041","1019","2060","2.4"
"24078","Piovene Rocchette","VENETO","Vicenza","VI","36013","45.7612","11.4314","279","12.9","3711","3527","7238","521","536","1057","4232","4063","8295","12.7"
"24079","Pojana Maggiore","VENETO","Vicenza","VI","36026","45.2959","11.4874","14","28.5","2019","2033","4052","200","207","407","2219","2240","4459","9.1"
"24080","Posina","VENETO","Vicenza","VI","36010","45.7913","11.2628","554","43.4","270","257","527","28","22","50","298","279","577","8.7"
"24081","Pove del Grappa","VENETO","Vicenza","VI","36020","45.8009","11.7298","163","9.8","1527","1476","3003","53","37","90","1580","1513","3093","2.9"
"24082","Pozzoleone","VENETO","Vicenza","VI","36050","45.6498","11.6777","56","11.3","1247","1318","2565","110","118","228","1357","1436","2793","8.2"
"24083","Quinto Vicentino","VENETO","Vicenza","VI","36050","45.5773","11.6251","37","17.4","2674","2639","5313","193","188","381","2867","2827","5694","6.7"
"24084","Recoaro Terme","VENETO","Vicenza","VI","36076","45.7046","11.2242","450","60.1","3320","3242","6562","127","75","202","3447","3317","6764","3.0"
"24085","Roana","VENETO","Vicenza","VI","36010","45.8756","11.4626","1.001","78.4","2036","2033","4069","120","128","248","2156","2161","4317","5.7"
"24086","Romano d'Ezzelino","VENETO","Vicenza","VI","36060","45.7962","11.7583","132","21.5","6662","6611","13273","612","599","1211","7274","7210","14484","8.4"
"24087","Rosà","VENETO","Vicenza","VI","36027","45.7045","11.7626","96","24.4","6549","6203","12752","615","704","1319","7164","6907","14071","9.4"
"24088","Rossano Veneto","VENETO","Vicenza","VI","36028","45.7034","11.8002","78","10.7","3605","3510","7115","381","426","807","3986","3936","7922","10.2"
"24089","Rotzo","VENETO","Vicenza","VI","36010","45.8621","11.3965","939","28.3","325","310","635","3","0","3","328","310","638","0.5"
"24090","Salcedo","VENETO","Vicenza","VI","36040","45.7585","11.5645","398","6.1","492","513","1005","21","12","33","513","525","1038","3.2"
"24091","Sandrigo","VENETO","Vicenza","VI","36066","45.657","11.6025","64","28.0","3951","3783","7734","315","343","658","4266","4126","8392","7.8"
"24092","San Germano dei Berici","VENETO","Vicenza","VI","36040","45.4006","11.4736","90","15.5","533","538","1071","42","40","82","575","578","1153","7.1"
"24093","San Nazario","VENETO","Vicenza","VI","36020","45.8388","11.6897","160","23.2","733","759","1492","106","142","248","839","901","1740","14.3"
"24094","San Pietro Mussolino","VENETO","Vicenza","VI","36070","45.5829","11.2579","270","4.2","625","653","1278","159","176","335","784","829","1613","20.8"
"24095","Santorso","VENETO","Vicenza","VI","36014","45.7366","11.3829","240","13.2","2704","2668","5372","186","188","374","2890","2856","5746","6.5"
"24096","San Vito di Leguzzano","VENETO","Vicenza","VI","36030","45.6815","11.3763","158","6.1","1697","1641","3338","124","122","246","1821","1763","3584","6.9"
"24097","Sarcedo","VENETO","Vicenza","VI","36030","45.708","11.5258","157","13.8","2589","2483","5072","120","111","231","2709","2594","5303","4.4"
"24098","Sarego","VENETO","Vicenza","VI","36040","45.4078","11.4055","42","23.9","2785","2739","5524","528","589","1117","3313","3328","6641","16.8"
"24099","Schiavon","VENETO","Vicenza","VI","36060","45.6979","11.6443","74","12.0","1251","1242","2493","60","47","107","1311","1289","2600","4.1"
"24100","Schio","VENETO","Vicenza","VI","36015","45.7171","11.3598","200","67.1","17695","16448","34143","2533","2455","4988","20228","18903","39131","12.7"
"24101","Solagna","VENETO","Vicenza","VI","36020","45.8193","11.7142","131","15.8","880","831","1711","94","90","184","974","921","1895","9.7"
"24102","Sossano","VENETO","Vicenza","VI","36040","45.3599","11.5166","19","21.0","1973","2012","3985","200","216","416","2173","2228","4401","9.5"
"24103","Sovizzo","VENETO","Vicenza","VI","36050","45.5283","11.4468","44","15.7","3341","3326","6667","206","161","367","3547","3487","7034","5.2"
"24104","Tezze sul Brenta","VENETO","Vicenza","VI","36056","45.6821","11.7067","69","18.0","5638","5632","11270","645","685","1330","6283","6317","12600","10.6"
"24105","Thiene","VENETO","Vicenza","VI","36016","45.707","11.4774","147","19.8","10339","9610","19949","1671","1634","3305","12010","11244","23254","14.2"
"24106","Tonezza del Cimone","VENETO","Vicenza","VI","36040","45.8576","11.3457","991","14.4","283","285","568","5","4","9","288","289","577","1.6"
"24107","Torrebelvicino","VENETO","Vicenza","VI","36036","45.7194","11.3058","260","21.0","2824","2757","5581","224","184","408","3048","2941","5989","6.8"
"24108","Torri di Quartesolo","VENETO","Vicenza","VI","36040","45.5233","11.609","30","18.7","5354","5281","10635","582","538","1120","5936","5819","11755","9.5"
"24110","Trissino","VENETO","Vicenza","VI","36070","45.5639","11.3751","125","21.9","3870","3906","7776","391","453","844","4261","4359","8620","9.8"
"24111","Valdagno","VENETO","Vicenza","VI","36078","45.6448","11.3025","230","50.1","12523","11360","23883","1355","1337","2692","13878","12697","26575","10.1"
"24112","Valdastico","VENETO","Vicenza","VI","36040","45.8848","11.3632","405","23.7","685","620","1305","43","41","84","728","661","1389","6.0"
"24113","Valli del Pasubio","VENETO","Vicenza","VI","36030","45.74","11.261","350","49.3","1571","1636","3207","77","61","138","1648","1697","3345","4.1"
"24114","Valstagna","VENETO","Vicenza","VI","36020","45.8573","11.659","147","25.4","882","857","1739","54","58","112","936","915","1851","6.1"
"24115","Velo d'Astico","VENETO","Vicenza","VI","36010","45.7893","11.3649","346","22.0","1135","1106","2241","85","74","159","1220","1180","2400","6.6"
"24116","Vicenza","VENETO","Vicenza","VI","36100","45.5455","11.5354","39","80.6","50516","44783","95299","8381","7820","16201","58897","52603","111500","14.5"
"24117","Villaga","VENETO","Vicenza","VI","36021","45.4026","11.533","45","23.2","928","929","1857","56","50","106","984","979","1963","5.4"
"24118","Villaverla","VENETO","Vicenza","VI","36030","45.6438","11.4928","75","15.7","2782","2826","5608","295","266","561","3077","3092","6169","9.1"
"24119","Zanè","VENETO","Vicenza","VI","36010","45.7206","11.4539","183","7.6","3194","3096","6290","202","150","352","3396","3246","6642","5.3"
"24120","Zermeghedo","VENETO","Vicenza","VI","36050","45.4755","11.3726","84","3.0","574","557","1131","102","125","227","676","682","1358","16.7"
"24121","Zovencedo","VENETO","Vicenza","VI","36020","45.4286","11.5018","276","9.1","358","406","764","16","16","32","374","422","796","4.0"
"24122","Zugliano","VENETO","Vicenza","VI","36030","45.7326","11.5183","154","13.8","3227","3107","6334","200","156","356","3427","3263","6690","5.3"
"25001","Agordo","VENETO","Belluno","BL","32021","46.2998","12.048","611","23.7","2058","1884","3942","178","129","307","2236","2013","4249","7.2"
"25002","Alano di Piave","VENETO","Belluno","BL","32031","45.9054","11.887","308","36.5","1197","1194","2391","283","252","535","1480","1446","2926","18.3"
"25003","Alleghe","VENETO","Belluno","BL","32022","46.3927","12.0435","979","29.8","688","589","1277","29","25","54","717","614","1331","4.1"
"25004","Arsiè","VENETO","Belluno","BL","32030","45.9836","11.7578","314","65.0","1209","1155","2364","65","36","101","1274","1191","2465","4.1"
"25005","Auronzo di Cadore","VENETO","Belluno","BL","32041","46.551","12.4436","866","220.7","1763","1625","3388","45","20","65","1808","1645","3453","1.9"
"25006","Belluno","VENETO","Belluno","BL","32100","46.1425","12.2167","383","147.2","17451","15864","33315","1379","897","2276","18830","16761","35591","6.4"
"25007","Borca di Cadore","VENETO","Belluno","BL","32040","46.4358","12.2194","942","27.0","393","365","758","29","31","60","422","396","818","7.3"
"25008","Calalzo di Cadore","VENETO","Belluno","BL","32042","46.4463","12.3807","806","43.4","1055","955","2010","95","68","163","1150","1023","2173","7.5"
"25009","Castellavazzo","VENETO","Belluno","BL","32010","46.2923","12.2977","498","18.8","770","724","1494","61","55","116","831","779","1610","7.2"
"25010","Cencenighe Agordino","VENETO","Belluno","BL","32020","46.3538","11.966","773","18.0","705","639","1344","35","23","58","740","662","1402","4.1"
"25011","Cesiomaggiore","VENETO","Belluno","BL","32030","46.1114","11.949","479","82.2","1990","1985","3975","97","73","170","2087","2058","4145","4.1"
"25012","Chies d'Alpago","VENETO","Belluno","BL","32010","46.1653","12.3917","647","44.8","698","687","1385","18","8","26","716","695","1411","1.8"
"25013","Cibiana di Cadore","VENETO","Belluno","BL","32040","46.3887","12.2864","985","21.6","221","197","418","3","2","5","224","199","423","1.2"
"25014","Colle Santa Lucia","VENETO","Belluno","BL","32020","46.4684","12.0189","1.453","15.2","185","202","387","2","2","4","187","204","391","1.0"
"25015","Comelico Superiore","VENETO","Belluno","BL","32040","46.5898","12.5119","1.210","95.9","1167","1134","2301","33","7","40","1200","1141","2341","1.7"
"25016","Cortina d'Ampezzo","VENETO","Belluno","BL","32043","46.5405","12.1357","1.211","254.5","3007","2667","5674","155","61","216","3162","2728","5890","3.7"
"25017","Danta di Cadore","VENETO","Belluno","BL","32040","46.5673","12.5147","1.398","8.0","248","257","505","6","3","9","254","260","514","1.8"
"25018","Domegge di Cadore","VENETO","Belluno","BL","32040","46.4592","12.4127","763","50.4","1238","1167","2405","85","85","170","1323","1252","2575","6.6"
"25019","Falcade","VENETO","Belluno","BL","32020","46.3573","11.8708","1.137","53.2","1051","957","2008","34","13","47","1085","970","2055","2.3"
"25020","Farra d'Alpago","VENETO","Belluno","BL","32016","46.1207","12.3566","395","41.2","1205","1196","2401","158","150","308","1363","1346","2709","11.4"
"25021","Feltre","VENETO","Belluno","BL","32032","46.0179","11.9006","325","100.6","9780","8957","18737","956","832","1788","10736","9789","20525","8.7"
"25022","Fonzaso","VENETO","Belluno","BL","32030","46.0103","11.8066","329","27.5","1581","1531","3112","113","97","210","1694","1628","3322","6.3"
"25023","Canale d'Agordo","VENETO","Belluno","BL","32020","46.3598","11.9173","976","46.1","600","560","1160","9","3","12","609","563","1172","1.0"
"25024","Forno di Zoldo","VENETO","Belluno","BL","32012","46.3523","12.1835","848","79.8","1206","1187","2393","50","22","72","1256","1209","2465","2.9"
"25025","Gosaldo","VENETO","Belluno","BL","32020","46.2227","11.9963","1.141","48.9","362","353","715","6","2","8","368","355","723","1.1"
"25026","Lamon","VENETO","Belluno","BL","32033","46.0452","11.7482","594","54.4","1530","1478","3008","28","10","38","1558","1488","3046","1.2"
"25027","La Valle Agordina","VENETO","Belluno","BL","32020","46.2813","12.0657","800","48.7","563","534","1097","31","22","53","594","556","1150","4.6"
"25028","Lentiai","VENETO","Belluno","BL","32020","46.0445","12.0186","262","37.6","1409","1368","2777","104","98","202","1513","1466","2979","6.8"
"25029","Limana","VENETO","Belluno","BL","32020","46.1002","12.187","319","39.2","2457","2343","4800","142","119","261","2599","2462","5061","5.2"
"25030","Livinallongo del Col di Lana","VENETO","Belluno","BL","32020","46.4933","11.9218","1.475","99.1","705","650","1355","18","11","29","723","661","1384","2.1"
"25031","Longarone","VENETO","Belluno","BL","32013","46.2657","12.2291","473","103.4","1900","1755","3655","142","148","290","2042","1903","3945","7.4"
"25032","Lorenzago di Cadore","VENETO","Belluno","BL","32040","46.4795","12.46","883","27.6","284","277","561","6","0","6","290","277","567","1.1"
"25033","Lozzo di Cadore","VENETO","Belluno","BL","32040","46.4895","12.4512","756","30.4","687","619","1306","101","90","191","788","709","1497","12.8"
"25034","Mel","VENETO","Belluno","BL","32026","46.0618","12.0788","352","85.7","3009","2884","5893","153","136","289","3162","3020","6182","4.7"
"25035","Ospitale di Cadore","VENETO","Belluno","BL","32010","46.3241","12.3179","490","40.1","140","140","280","27","19","46","167","159","326","14.1"
"25036","Pedavena","VENETO","Belluno","BL","32034","46.0407","11.8793","359","24.9","2117","2082","4199","131","99","230","2248","2181","4429","5.2"
"25037","Perarolo di Cadore","VENETO","Belluno","BL","32010","46.356","12.3827","532","43.4","173","170","343","21","19","40","194","189","383","10.4"
"25038","Pieve d'Alpago","VENETO","Belluno","BL","32010","46.1837","12.3578","690","25.2","916","843","1759","79","86","165","995","929","1924","8.6"
"25039","Pieve di Cadore","VENETO","Belluno","BL","32044","46.4118","12.4073","878","66.6","1916","1771","3687","145","124","269","2061","1895","3956","6.8"
"25040","Ponte nelle Alpi","VENETO","Belluno","BL","32014","46.1743","12.2835","397","58.0","3987","3880","7867","285","235","520","4272","4115","8387","6.2"
"25041","Puos d'Alpago","VENETO","Belluno","BL","32015","46.1398","12.3608","419","13.8","1169","1152","2321","121","100","221","1290","1252","2542","8.7"
"25042","Quero","VENETO","Belluno","BL","32030","45.9224","11.9305","288","28.3","1068","1025","2093","205","213","418","1273","1238","2511","16.6"
"25043","Rivamonte Agordino","VENETO","Belluno","BL","32020","46.2526","12.0244","973","23.2","314","331","645","10","11","21","324","342","666","3.2"
"25044","Rocca Pietore","VENETO","Belluno","BL","32020","46.4241","11.9305","1.143","76.0","643","629","1272","34","16","50","677","645","1322","3.8"
"25045","San Gregorio nelle Alpi","VENETO","Belluno","BL","32030","46.1223","12.0289","528","19.0","796","770","1566","26","15","41","822","785","1607","2.6"
"25046","San Nicolò di Comelico","VENETO","Belluno","BL","32040","46.5823","12.5275","1.061","24.4","201","197","398","4","3","7","205","200","405","1.7"
"25047","San Pietro di Cadore","VENETO","Belluno","BL","32040","46.5714","12.5878","1.100","52.3","846","828","1674","12","4","16","858","832","1690","0.9"
"25048","Santa Giustina","VENETO","Belluno","BL","32035","46.0829","12.0419","308","35.9","3321","3104","6425","183","159","342","3504","3263","6767","5.1"
"25049","San Tomaso Agordino","VENETO","Belluno","BL","32020","46.3776","11.9763","1.082","19.2","345","331","676","4","3","7","349","334","683","1.0"
"25050","Santo Stefano di Cadore","VENETO","Belluno","BL","32045","46.558","12.5496","908","100.2","1345","1276","2621","32","10","42","1377","1286","2663","1.6"
"25051","San Vito di Cadore","VENETO","Belluno","BL","32046","46.4592","12.2056","1.010","61.6","920","810","1730","45","38","83","965","848","1813","4.6"
"25052","Sappada","VENETO","Belluno","BL","32047","46.5648","12.6757","1.217","62.8","651","628","1279","17","10","27","668","638","1306","2.1"
"25053","Sedico","VENETO","Belluno","BL","32036","46.1093","12.0955","317","91.4","4787","4525","9312","325","269","594","5112","4794","9906","6.0"
"25054","Selva di Cadore","VENETO","Belluno","BL","32020","46.4511","12.0372","1.335","33.2","261","242","503","9","5","14","270","247","517","2.7"
"25055","Seren del Grappa","VENETO","Belluno","BL","32030","45.9897","11.8425","386","62.4","1187","1210","2397","85","75","160","1272","1285","2557","6.3"
"25056","Sospirolo","VENETO","Belluno","BL","32037","46.143","12.0739","447","66.0","1563","1517","3080","80","53","133","1643","1570","3213","4.1"
"25057","Soverzene","VENETO","Belluno","BL","32010","46.2102","12.3378","424","14.7","199","202","401","12","5","17","211","207","418","4.1"
"25058","Sovramonte","VENETO","Belluno","BL","32030","46.0789","11.7979","610","50.8","768","699","1467","25","22","47","793","721","1514","3.1"
"25059","Taibon Agordino","VENETO","Belluno","BL","32027","46.3003","12.0112","618","90.2","881","821","1702","41","45","86","922","866","1788","4.8"
"25060","Tambre","VENETO","Belluno","BL","32010","46.1258","12.4186","922","45.6","691","681","1372","28","25","53","719","706","1425","3.7"
"25061","Trichiana","VENETO","Belluno","BL","32028","46.0737","12.132","347","43.8","2386","2206","4592","134","106","240","2520","2312","4832","5.0"
"25062","Vallada Agordina","VENETO","Belluno","BL","32020","46.3695","11.9308","969","13.2","266","239","505","7","2","9","273","241","514","1.8"
"25063","Valle di Cadore","VENETO","Belluno","BL","32040","46.4151","12.3252","819","41.3","1009","905","1914","78","60","138","1087","965","2052","6.7"
"25064","Vas","VENETO","Belluno","BL","32030","45.9369","11.938","218","17.8","369","374","743","46","38","84","415","412","827","10.2"
"25065","Vigo di Cadore","VENETO","Belluno","BL","32040","46.4941","12.5459","951","70.7","786","686","1472","17","10","27","803","696","1499","1.8"
"25066","Vodo Cadore","VENETO","Belluno","BL","32040","46.4195","12.247","901","46.9","426","420","846","27","18","45","453","438","891","5.1"
"25067","Voltago Agordino","VENETO","Belluno","BL","32020","46.272","12.0049","858","23.0","447","428","875","22","17","39","469","445","914","4.3"
"25068","Zoldo Alto","VENETO","Belluno","BL","32010","46.3753","12.1272","1.177","62.0","485","488","973","16","10","26","501","498","999","2.6"
"25069","Zoppè di Cadore","VENETO","Belluno","BL","32010","46.3904","12.1787","1.460","4.4","131","131","262","2","1","3","133","132","265","1.1"
"26001","Altivole","VENETO","Treviso","TV","31030","45.7539","11.9556","88","22.0","3020","2976","5996","363","361","724","3383","3337","6720","10.8"
"26002","Arcade","VENETO","Treviso","TV","31030","45.7843","12.2268","61","8.4","1956","1981","3937","232","197","429","2188","2178","4366","9.8"
"26003","Asolo","VENETO","Treviso","TV","31011","45.7993","11.9141","190","25.3","3855","3720","7575","663","714","1377","4518","4434","8952","15.4"
"26004","Borso del Grappa","VENETO","Treviso","TV","31030","45.8209","11.7993","279","33.0","2772","2731","5503","198","212","410","2970","2943","5913","6.9"
"26005","Breda di Piave","VENETO","Treviso","TV","31030","45.7224","12.3317","23","25.6","3556","3590","7146","313","291","604","3869","3881","7750","7.8"
"26006","Caerano di San Marco","VENETO","Treviso","TV","31031","45.7859","12.0009","124","12.1","3508","3336","6844","537","560","1097","4045","3896","7941","13.8"
"26007","Cappella Maggiore","VENETO","Treviso","TV","31012","45.9693","12.3517","115","11.1","2212","2150","4362","166","149","315","2378","2299","4677","6.7"
"26008","Carbonera","VENETO","Treviso","TV","31030","45.6872","12.2825","18","19.8","5206","5015","10221","470","444","914","5676","5459","11135","8.2"
"26009","Casale sul Sile","VENETO","Treviso","TV","31032","45.5976","12.3256","6","26.9","6113","5998","12111","346","265","611","6459","6263","12722","4.8"
"26010","Casier","VENETO","Treviso","TV","31030","45.6415","12.2958","12","13.5","5168","5115","10283","404","331","735","5572","5446","11018","6.7"
"26011","Castelcucco","VENETO","Treviso","TV","31030","45.8331","11.885","189","8.8","936","964","1900","129","160","289","1065","1124","2189","13.2"
"26012","Castelfranco Veneto","VENETO","Treviso","TV","31033","45.6717","11.9282","43","50.9","15332","14478","29810","1599","1485","3084","16931","15963","32894","9.4"
"26013","Castello di Godego","VENETO","Treviso","TV","31030","45.6891","11.8825","51","18.0","3204","3205","6409","303","301","604","3507","3506","7013","8.6"
"26014","Cavaso del Tomba","VENETO","Treviso","TV","31034","45.8608","11.8966","248","19.0","1316","1272","2588","191","217","408","1507","1489","2996","13.6"
"26015","Cessalto","VENETO","Treviso","TV","31040","45.7127","12.6136","5","28.2","1625","1544","3169","319","346","665","1944","1890","3834","17.3"
"26016","Chiarano","VENETO","Treviso","TV","31040","45.7294","12.5827","6","20.0","1592","1553","3145","258","292","550","1850","1845","3695","14.9"
"26017","Cimadolmo","VENETO","Treviso","TV","31010","45.7869","12.3617","32","17.8","1445","1378","2823","272","318","590","1717","1696","3413","17.3"
"26018","Cison di Valmarino","VENETO","Treviso","TV","31030","45.9675","12.1486","261","28.8","1214","1104","2318","184","209","393","1398","1313","2711","14.5"
"26019","Codognè","VENETO","Treviso","TV","31013","45.8713","12.4283","26","21.7","2377","2430","4807","235","269","504","2612","2699","5311","9.5"
"26020","Colle Umberto","VENETO","Treviso","TV","31014","45.9399","12.3399","145","13.6","2440","2404","4844","171","162","333","2611","2566","5177","6.4"
"26021","Conegliano","VENETO","Treviso","TV","31015","45.8892","12.3006","72","36.3","15733","14039","29772","2411","2245","4656","18144","16284","34428","13.5"
"26022","Cordignano","VENETO","Treviso","TV","31016","45.9497","12.416","56","26.2","3307","3168","6475","321","300","621","3628","3468","7096","8.8"
"26023","Cornuda","VENETO","Treviso","TV","31041","45.8307","12.0053","163","12.4","2765","2609","5374","427","416","843","3192","3025","6217","13.6"
"26024","Crespano del Grappa","VENETO","Treviso","TV","31017","45.8287","11.84","300","17.9","2076","1823","3899","394","420","814","2470","2243","4713","17.3"
"26025","Crocetta del Montello","VENETO","Treviso","TV","31035","45.8296","12.0339","146","26.4","2745","2607","5352","340","337","677","3085","2944","6029","11.2"
"26026","Farra di Soligo","VENETO","Treviso","TV","31010","45.9068","12.1297","163","28.2","3993","3773","7766","603","587","1190","4596","4360","8956","13.3"
"26027","Follina","VENETO","Treviso","TV","31051","45.9531","12.1181","191","24.2","1757","1702","3459","237","243","480","1994","1945","3939","12.2"
"26028","Fontanelle","VENETO","Treviso","TV","31043","45.8412","12.4471","18","35.5","2595","2599","5194","300","310","610","2895","2909","5804","10.5"
"26029","Fonte","VENETO","Treviso","TV","31010","45.8004","11.8643","107","14.6","2467","2407","4874","537","608","1145","3004","3015","6019","19.0"
"26030","Fregona","VENETO","Treviso","TV","31010","46.0061","12.3394","251","42.9","1473","1410","2883","137","149","286","1610","1559","3169","9.0"
"26031","Gaiarine","VENETO","Treviso","TV","31018","45.8792","12.4827","20","28.7","2797","2650","5447","334","355","689","3131","3005","6136","11.2"
"26032","Giavera del Montello","VENETO","Treviso","TV","31040","45.7939","12.1695","78","19.9","2326","2266","4592","278","274","552","2604","2540","5144","10.7"
"26033","Godega di Sant'Urbano","VENETO","Treviso","TV","31010","45.9307","12.4","52","24.3","2777","2710","5487","316","309","625","3093","3019","6112","10.2"
"26034","Gorgo al Monticano","VENETO","Treviso","TV","31040","45.7854","12.5541","10","27.1","1831","1793","3624","259","299","558","2090","2092","4182","13.3"
"26035","Istrana","VENETO","Treviso","TV","31036","45.6786","12.0996","42","26.3","3950","4180","8130","456","455","911","4406","4635","9041","10.1"
"26036","Loria","VENETO","Treviso","TV","31037","45.7294","11.8657","70","23.2","3953","4114","8067","479","551","1030","4432","4665","9097","11.3"
"26037","Mansuè","VENETO","Treviso","TV","31040","45.8205","12.535","13","26.9","1987","2052","4039","446","489","935","2433","2541","4974","18.8"
"26038","Mareno di Piave","VENETO","Treviso","TV","31010","45.8442","12.347","36","27.8","4402","4386","8788","438","441","879","4840","4827","9667","9.1"
"26039","Maser","VENETO","Treviso","TV","31010","45.8095","11.9752","147","26.0","2357","2285","4642","163","157","320","2520","2442","4962","6.4"
"26040","Maserada sul Piave","VENETO","Treviso","TV","31052","45.7528","12.3137","31","28.9","4301","4241","8542","378","373","751","4679","4614","9293","8.1"
"26041","Meduna di Livenza","VENETO","Treviso","TV","31040","45.8065","12.6128","8","15.1","1308","1233","2541","199","207","406","1507","1440","2947","13.8"
"26042","Miane","VENETO","Treviso","TV","31050","45.9418","12.0899","259","30.9","1546","1468","3014","215","207","422","1761","1675","3436","12.3"
"26043","Mogliano Veneto","VENETO","Treviso","TV","31021","45.5538","12.2343","8","46.2","13052","12558","25610","1103","895","1998","14155","13453","27608","7.2"
"26044","Monastier di Treviso","VENETO","Treviso","TV","31050","45.6502","12.4333","6","25.4","1897","1835","3732","170","185","355","2067","2020","4087","8.7"
"26045","Monfumo","VENETO","Treviso","TV","31010","45.8272","11.9235","227","11.3","697","693","1390","30","22","52","727","715","1442","3.6"
"26046","Montebelluna","VENETO","Treviso","TV","31044","45.7755","12.044","109","49.0","13911","13147","27058","1846","1861","3707","15757","15008","30765","12.0"
"26047","Morgano","VENETO","Treviso","TV","31050","45.648","12.105","23","11.8","2019","2101","4120","133","109","242","2152","2210","4362","5.5"
"26048","Moriago della Battaglia","VENETO","Treviso","TV","31010","45.8686","12.0994","119","13.9","1154","1155","2309","236","240","476","1390","1395","2785","17.1"
"26049","Motta di Livenza","VENETO","Treviso","TV","31045","45.7773","12.6121","9","37.6","4663","4353","9016","842","823","1665","5505","5176","10681","15.6"
"26050","Nervesa della Battaglia","VENETO","Treviso","TV","31040","45.8247","12.2046","78","35.6","3103","3069","6172","352","330","682","3455","3399","6854","10.0"
"26051","Oderzo","VENETO","Treviso","TV","31046","45.7798","12.4973","13","42.6","9185","8389","17574","1272","1222","2494","10457","9611","20068","12.4"
"26052","Ormelle","VENETO","Treviso","TV","31024","45.7796","12.418","22","18.8","1891","1805","3696","381","387","768","2272","2192","4464","17.2"
"26053","Orsago","VENETO","Treviso","TV","31010","45.9302","12.4224","44","10.7","1763","1710","3473","217","227","444","1980","1937","3917","11.3"
"26054","Paderno del Grappa","VENETO","Treviso","TV","31017","45.8281","11.8576","292","19.5","922","938","1860","157","152","309","1079","1090","2169","14.2"
"26055","Paese","VENETO","Treviso","TV","31038","45.6742","12.1673","32","38.0","9903","9666","19569","955","908","1863","10858","10574","21432","8.7"
"26056","Pederobba","VENETO","Treviso","TV","31040","45.8744","11.9483","174","29.3","3360","3250","6610","479","484","963","3839","3734","7573","12.7"
"26057","Pieve di Soligo","VENETO","Treviso","TV","31053","45.9","12.1735","132","19.0","5124","4876","10000","992","1065","2057","6116","5941","12057","17.1"
"26058","Ponte di Piave","VENETO","Treviso","TV","31047","45.716","12.4652","11","32.8","3398","3448","6846","684","782","1466","4082","4230","8312","17.6"
"26059","Ponzano Veneto","VENETO","Treviso","TV","31050","45.71","12.2204","36","22.1","5756","5544","11300","478","416","894","6234","5960","12194","7.3"
"26060","Portobuffolè","VENETO","Treviso","TV","31040","45.858","12.5386","10","5.0","348","343","691","49","50","99","397","393","790","12.5"
"26061","Possagno","VENETO","Treviso","TV","31054","45.8646","11.8636","276","12.1","889","900","1789","202","204","406","1091","1104","2195","18.5"
"26062","Povegliano","VENETO","Treviso","TV","31050","45.7587","12.2088","56","13.0","2336","2399","4735","166","151","317","2502","2550","5052","6.3"
"26063","Preganziol","VENETO","Treviso","TV","31022","45.6027","12.2351","12","22.9","7912","7724","15636","611","525","1136","8523","8249","16772","6.8"
"26064","Quinto di Treviso","VENETO","Treviso","TV","31055","45.6451","12.1668","17","19.0","4437","4244","8681","529","535","1064","4966","4779","9745","10.9"
"26065","Refrontolo","VENETO","Treviso","TV","31020","45.9246","12.208","216","13.1","863","866","1729","54","41","95","917","907","1824","5.2"
"26066","Resana","VENETO","Treviso","TV","31023","45.63","11.9564","31","25.0","4098","4129","8227","496","567","1063","4594","4696","9290","11.4"
"26067","Revine Lago","VENETO","Treviso","TV","31020","45.9976","12.2514","246","18.7","1048","1021","2069","97","75","172","1145","1096","2241","7.7"
"26068","Riese Pio X","VENETO","Treviso","TV","31039","45.7265","11.9131","65","30.7","4854","4851","9705","558","595","1153","5412","5446","10858","10.6"
"26069","Roncade","VENETO","Treviso","TV","31056","45.629","12.3746","8","62.0","6716","6589","13305","381","351","732","7097","6940","14037","5.2"
"26070","Salgareda","VENETO","Treviso","TV","31040","45.7042","12.4924","8","27.2","2850","2835","5685","455","459","914","3305","3294","6599","13.9"
"26071","San Biagio di Callalta","VENETO","Treviso","TV","31048","45.6862","12.384","10","48.3","5817","5758","11575","729","735","1464","6546","6493","13039","11.2"
"26072","San Fior","VENETO","Treviso","TV","31020","45.9212","12.3574","57","17.8","3107","3037","6144","336","333","669","3443","3370","6813","9.8"
"26073","San Pietro di Feletto","VENETO","Treviso","TV","31020","45.9292","12.2385","221","19.5","2678","2490","5168","110","77","187","2788","2567","5355","3.5"
"26074","San Polo di Piave","VENETO","Treviso","TV","31020","45.7893","12.3967","27","20.9","2013","2032","4045","421","463","884","2434","2495","4929","17.9"
"26075","Santa Lucia di Piave","VENETO","Treviso","TV","31025","45.8548","12.2885","55","19.9","4060","3955","8015","520","546","1066","4580","4501","9081","11.7"
"26076","San Vendemiano","VENETO","Treviso","TV","31020","45.894","12.3347","46","18.4","4647","4486","9133","460","487","947","5107","4973","10080","9.4"
"26077","San Zenone degli Ezzelini","VENETO","Treviso","TV","31020","45.7789","11.8399","117","20.0","3007","3178","6185","575","631","1206","3582","3809","7391","16.3"
"26078","Sarmede","VENETO","Treviso","TV","31026","45.9788","12.3859","103","17.9","1477","1420","2897","131","146","277","1608","1566","3174","8.7"
"26079","Segusino","VENETO","Treviso","TV","31040","45.9201","11.9575","219","18.1","867","871","1738","109","94","203","976","965","1941","10.5"
"26080","Sernaglia della Battaglia","VENETO","Treviso","TV","31020","45.8747","12.1335","117","20.3","2813","2707","5520","377","428","805","3190","3135","6325","12.7"
"26081","Silea","VENETO","Treviso","TV","31057","45.6533","12.2962","7","18.7","4782","4476","9258","365","300","665","5147","4776","9923","6.7"
"26082","Spresiano","VENETO","Treviso","TV","31027","45.7801","12.2595","56","25.6","5199","4908","10107","768","784","1552","5967","5692","11659","13.3"
"26083","Susegana","VENETO","Treviso","TV","31058","45.8513","12.2493","76","44.0","5086","4842","9928","858","916","1774","5944","5758","11702","15.2"
"26084","Tarzo","VENETO","Treviso","TV","31020","45.9717","12.234","267","23.8","2195","1996","4191","195","197","392","2390","2193","4583","8.6"
"26085","Trevignano","VENETO","Treviso","TV","31040","45.7371","12.0671","77","26.6","4814","4797","9611","482","472","954","5296","5269","10565","9.0"
"26086","Treviso","VENETO","Treviso","TV","31100","45.6669","12.243","15","55.5","38219","33327","71546","5030","4438","9468","43249","37765","81014","11.7"
"26087","Valdobbiadene","VENETO","Treviso","TV","31049","45.9013","11.9959","253","60.7","4992","4649","9641","545","504","1049","5537","5153","10690","9.8"
"26088","Vazzola","VENETO","Treviso","TV","31028","45.8396","12.3807","30","26.0","2986","2914","5900","537","572","1109","3523","3486","7009","15.8"
"26089","Vedelago","VENETO","Treviso","TV","31050","45.6869","12.0149","43","61.7","7302","7288","14590","873","971","1844","8175","8259","16434","11.2"
"26090","Vidor","VENETO","Treviso","TV","31020","45.8615","12.0387","152","13.5","1667","1621","3288","240","241","481","1907","1862","3769","12.8"
"26091","Villorba","VENETO","Treviso","TV","31020","45.7411","12.2344","26","30.6","8402","8017","16419","747","717","1464","9149","8734","17883","8.2"
"26092","Vittorio Veneto","VENETO","Treviso","TV","31029","45.9786","12.3018","138","82.6","13574","12355","25929","1486","1241","2727","15060","13596","28656","9.5"
"26093","Volpago del Montello","VENETO","Treviso","TV","31040","45.778","12.1269","94","44.7","4742","4676","9418","346","281","627","5088","4957","10045","6.2"
"26094","Zenson di Piave","VENETO","Treviso","TV","31050","45.679","12.4918","7","9.6","826","759","1585","90","108","198","916","867","1783","11.1"
"26095","Zero Branco","VENETO","Treviso","TV","31059","45.6011","12.1668","18","26.1","5207","5186","10393","306","287","593","5513","5473","10986","5.4"
"27001","Annone Veneto","VENETO","Venezia","VE","30020","45.7958","12.6834","9","25.8","1690","1699","3389","287","300","587","1977","1999","3976","14.8"
"27002","Campagna Lupia","VENETO","Venezia","VE","30010","45.3523","12.0993","3","87.7","3259","3221","6480","266","190","456","3525","3411","6936","6.6"
"27003","Campolongo Maggiore","VENETO","Venezia","VE","30010","45.3227","12.0438","3","23.5","4915","4876","9791","313","238","551","5228","5114","10342","5.3"
"27004","Camponogara","VENETO","Venezia","VE","30010","45.3836","12.0729","4","21.4","6191","6014","12205","380","335","715","6571","6349","12920","5.5"
"27005","Caorle","VENETO","Venezia","VE","30021","45.603","12.886","1","151.4","5581","5335","10916","488","389","877","6069","5724","11793","7.4"
"27006","Cavarzere","VENETO","Venezia","VE","30014","45.1305","12.0806","4","140.4","7083","6694","13777","539","500","1039","7622","7194","14816","7.0"
"27007","Ceggia","VENETO","Venezia","VE","30022","45.6891","12.639","2","22.0","2821","2715","5536","340","337","677","3161","3052","6213","10.9"
"27008","Chioggia","VENETO","Venezia","VE","30015","45.2078","12.2905","2","185.2","24312","24078","48390","836","509","1345","25148","24587","49735","2.7"
"27009","Cinto Caomaggiore","VENETO","Venezia","VE","30020","45.8248","12.7861","11","21.5","1514","1506","3020","134","131","265","1648","1637","3285","8.1"
"27010","Cona","VENETO","Venezia","VE","30010","45.1859","12.0194","3","64.7","1497","1450","2947","117","111","228","1614","1561","3175","7.2"
"27011","Concordia Sagittaria","VENETO","Venezia","VE","30023","45.7572","12.8423","2","68.6","5199","4961","10160","268","212","480","5467","5173","10640","4.5"
"27012","Dolo","VENETO","Venezia","VE","30031","45.4256","12.0812","7","24.2","7023","6697","13720","684","578","1262","7707","7275","14982","8.4"
"27013","Eraclea","VENETO","Venezia","VE","30020","45.5809","12.6802","2","95.0","5936","5889","11825","438","426","864","6374","6315","12689","6.8"
"27014","Fiesso d'Artico","VENETO","Venezia","VE","30032","45.419","12.0306","9","6.3","3532","3416","6948","391","389","780","3923","3805","7728","10.1"
"27015","Fossalta di Piave","VENETO","Venezia","VE","30020","45.6468","12.5137","5","9.7","1923","1843","3766","228","220","448","2151","2063","4214","10.6"
"27016","Fossalta di Portogruaro","VENETO","Venezia","VE","30025","45.7928","12.9058","8","31.7","3005","2759","5764","175","136","311","3180","2895","6075","5.1"
"27017","Fossò","VENETO","Venezia","VE","30030","45.3892","12.0465","7","10.1","3208","3059","6267","274","245","519","3482","3304","6786","7.6"
"27018","Gruaro","VENETO","Venezia","VE","30020","45.8333","12.8437","10","17.2","1368","1324","2692","63","47","110","1431","1371","2802","3.9"
"27019","Jesolo","VENETO","Venezia","VE","30016","45.5371","12.6459","2","95.6","11623","10764","22387","1158","934","2092","12781","11698","24479","8.5"
"27020","Marcon","VENETO","Venezia","VE","30020","45.5658","12.3014","4","25.6","7555","7638","15193","569","453","1022","8124","8091","16215","6.3"
"27021","Martellago","VENETO","Venezia","VE","30030","45.546","12.1608","12","20.1","10216","9859","20075","611","485","1096","10827","10344","21171","5.2"
"27022","Meolo","VENETO","Venezia","VE","30020","45.618","12.4538","4","26.7","2929","2899","5828","285","352","637","3214","3251","6465","9.9"
"27023","Mira","VENETO","Venezia","VE","30034","45.4334","12.121","6","98.9","18287","17582","35869","1458","1225","2683","19745","18807","38552","7.0"
"27024","Mirano","VENETO","Venezia","VE","30035","45.495","12.1159","9","45.6","12902","12127","25029","808","619","1427","13710","12746","26456","5.4"
"27025","Musile di Piave","VENETO","Venezia","VE","30024","45.6244","12.5639","4","45.0","5179","5040","10219","605","694","1299","5784","5734","11518","11.3"
"27026","Noale","VENETO","Venezia","VE","30033","45.5526","12.0723","18","25.1","7536","7130","14666","543","499","1042","8079","7629","15708","6.6"
"27027","Noventa di Piave","VENETO","Venezia","VE","30020","45.6604","12.5302","3","18.1","3106","2916","6022","396","425","821","3502","3341","6843","12.0"
"27028","Pianiga","VENETO","Venezia","VE","30030","45.4561","12.0305","8","20.0","5573","5591","11164","424","380","804","5997","5971","11968","6.7"
"27029","Portogruaro","VENETO","Venezia","VE","30026","45.7806","12.8374","5","102.3","12151","11219","23370","998","772","1770","13149","11991","25140","7.0"
"27030","Pramaggiore","VENETO","Venezia","VE","30020","45.8146","12.7388","11","24.2","1988","1999","3987","317","336","653","2305","2335","4640","14.1"
"27031","Quarto d'Altino","VENETO","Venezia","VE","30020","45.5803","12.3711","4","28.2","3803","3627","7430","412","357","769","4215","3984","8199","9.4"
"27032","Salzano","VENETO","Venezia","VE","30030","45.5213","12.1041","10","17.2","6094","6002","12096","325","257","582","6419","6259","12678","4.6"
"27033","San Donà di Piave","VENETO","Venezia","VE","30027","45.6332","12.5654","3","78.7","19085","17564","36649","2129","1868","3997","21214","19432","40646","9.8"
"27034","San Michele al Tagliamento","VENETO","Venezia","VE","30028","45.7627","12.9973","7","112.3","5694","5367","11061","566","401","967","6260","5768","12028","8.0"
"27035","Santa Maria di Sala","VENETO","Venezia","VE","30036","45.5084","12.0342","13","28.0","8093","8162","16255","548","492","1040","8641","8654","17295","6.0"
"27036","San Stino di Livenza","VENETO","Venezia","VE","30029","45.6918","12.7104","6","68.1","5983","5705","11688","679","675","1354","6662","6380","13042","10.4"
"27037","Scorzè","VENETO","Venezia","VE","30037","45.5739","12.1089","16","33.3","8865","8691","17556","696","652","1348","9561","9343","18904","7.1"
"27038","Spinea","VENETO","Venezia","VE","30038","45.4924","12.1626","6","15.0","12816","11911","24727","1171","964","2135","13987","12875","26862","7.9"
"27039","Stra","VENETO","Venezia","VE","30039","45.4101","12.0045","9","8.8","3533","3307","6840","377","349","726","3910","3656","7566","9.6"
"27040","Teglio Veneto","VENETO","Venezia","VE","30025","45.8166","12.8838","9","11.5","1092","1093","2185","78","62","140","1170","1155","2325","6.0"
"27041","Torre di Mosto","VENETO","Venezia","VE","30020","45.6877","12.7042","2","38.3","2218","2186","4404","169","166","335","2387","2352","4739","7.1"
"27042","Venezia","VENETO","Venezia","VE","30100","45.4408","12.3155","2","415.9","124651","111106","235757","14071","11534","25605","138722","122640","261362","9.8"
"27043","Vigonovo","VENETO","Venezia","VE","30030","45.3858","12.0074","8","12.8","4523","4431","8954","473","465","938","4996","4896","9892","9.5"
"27044","Cavallino-Treporti","VENETO","Venezia","VE","30013","45.4748","12.4966","2","44.9","6186","6115","12301","547","314","861","6733","6429","13162","6.5"
"28001","Abano Terme","VENETO","Padova","PD","35031","45.3587","11.7883","14","21.6","9301","8414","17715","923","711","1634","10224","9125","19349","8.4"
"28002","Agna","VENETO","Padova","PD","35021","45.1708","11.9608","3","18.8","1567","1599","3166","129","105","234","1696","1704","3400","6.9"
"28003","Albignasego","VENETO","Padova","PD","35020","45.3467","11.8677","13","21.0","11412","10785","22197","729","538","1267","12141","11323","23464","5.4"
"28004","Anguillara Veneta","VENETO","Padova","PD","35022","45.1348","11.8926","6","21.5","2217","2088","4305","146","143","289","2363","2231","4594","6.3"
"28005","Arquà Petrarca","VENETO","Padova","PD","35032","45.2707","11.7216","80","12.5","903","922","1825","14","8","22","917","930","1847","1.2"
"28006","Arre","VENETO","Padova","PD","35020","45.2166","11.9303","5","12.4","1054","1042","2096","51","44","95","1105","1086","2191","4.3"
"28007","Arzergrande","VENETO","Padova","PD","35020","45.2739","12.0484","6","13.6","2281","2216","4497","106","79","185","2387","2295","4682","4.0"
"28008","Bagnoli di Sopra","VENETO","Padova","PD","35023","45.1848","11.8807","5","34.9","1724","1637","3361","135","130","265","1859","1767","3626","7.3"
"28009","Baone","VENETO","Padova","PD","35030","45.2437","11.6885","17","24.4","1511","1556","3067","28","13","41","1539","1569","3108","1.3"
"28010","Barbona","VENETO","Padova","PD","35040","45.1032","11.7034","7","8.6","332","350","682","34","17","51","366","367","733","7.0"
"28011","Battaglia Terme","VENETO","Padova","PD","35041","45.2908","11.7824","11","6.3","1870","1658","3528","206","199","405","2076","1857","3933","10.3"
"28012","Boara Pisani","VENETO","Padova","PD","35040","45.1107","11.7787","7","16.5","1262","1247","2509","56","46","102","1318","1293","2611","3.9"
"28013","Borgoricco","VENETO","Padova","PD","35010","45.5309","11.9648","18","20.5","3755","3765","7520","473","485","958","4228","4250","8478","11.3"
"28014","Bovolenta","VENETO","Padova","PD","35024","45.2748","11.9396","6","22.7","1571","1581","3152","105","92","197","1676","1673","3349","5.9"
"28015","Brugine","VENETO","Padova","PD","35020","45.2958","11.9957","7","19.6","3257","3220","6477","178","157","335","3435","3377","6812","4.9"
"28016","Cadoneghe","VENETO","Padova","PD","35010","45.4441","11.9301","15","12.9","7293","6832","14125","970","869","1839","8263","7701","15964","11.5"
"28017","Campodarsego","VENETO","Padova","PD","35011","45.5015","11.9067","17","25.6","6564","6403","12967","597","605","1202","7161","7008","14169","8.5"
"28018","Campodoro","VENETO","Padova","PD","35010","45.4901","11.7525","23","11.2","1209","1253","2462","125","138","263","1334","1391","2725","9.7"
"28019","Camposampiero","VENETO","Padova","PD","35012","45.5724","11.9333","24","21.1","5219","5022","10241","849","929","1778","6068","5951","12019","14.8"
"28020","Campo San Martino","VENETO","Padova","PD","35010","45.5473","11.8097","28","13.1","2598","2637","5235","241","248","489","2839","2885","5724","8.5"
"28021","Candiana","VENETO","Padova","PD","35020","45.2204","11.9883","4","22.2","1151","1159","2310","86","72","158","1237","1231","2468","6.4"
"28022","Carceri","VENETO","Padova","PD","35040","45.1948","11.6214","10","9.7","768","772","1540","38","22","60","806","794","1600","3.8"
"28023","Carmignano di Brenta","VENETO","Padova","PD","35010","45.629","11.7023","46","14.7","3427","3397","6824","369","347","716","3796","3744","7540","9.5"
"28026","Cartura","VENETO","Padova","PD","35025","45.267","11.8634","6","16.2","2215","2196","4411","114","98","212","2329","2294","4623","4.6"
"28027","Casale di Scodosia","VENETO","Padova","PD","35040","45.1886","11.4644","13","21.2","2234","2182","4416","239","211","450","2473","2393","4866","9.2"
"28028","Casalserugo","VENETO","Padova","PD","35020","45.316","11.9137","8","15.5","2665","2565","5230","127","95","222","2792","2660","5452","4.1"
"28029","Castelbaldo","VENETO","Padova","PD","35040","45.1249","11.4563","12","15.2","771","698","1469","82","74","156","853","772","1625","9.6"
"28030","Cervarese Santa Croce","VENETO","Padova","PD","35030","45.4245","11.6857","21","17.5","2680","2691","5371","170","157","327","2850","2848","5698","5.7"
"28031","Cinto Euganeo","VENETO","Padova","PD","35030","45.2768","11.6619","35","19.7","969","988","1957","41","25","66","1010","1013","2023","3.3"
"28032","Cittadella","VENETO","Padova","PD","35013","45.6488","11.7836","48","36.6","9462","9051","18513","770","673","1443","10232","9724","19956","7.2"
"28033","Codevigo","VENETO","Padova","PD","35020","45.2742","12.1495","3","69.9","2938","3053","5991","257","205","462","3195","3258","6453","7.2"
"28034","Conselve","VENETO","Padova","PD","35026","45.2314","11.8742","7","24.2","4795","4571","9366","493","434","927","5288","5005","10293","9.0"
"28035","Correzzola","VENETO","Padova","PD","35020","45.2352","12.0664","2","42.5","2588","2576","5164","189","135","324","2777","2711","5488","5.9"
"28036","Curtarolo","VENETO","Padova","PD","35010","45.5213","11.8315","22","14.9","3286","3233","6519","326","330","656","3612","3563","7175","9.1"
"28037","Este","VENETO","Padova","PD","35042","45.2255","11.6604","15","32.8","8048","7269","15317","698","561","1259","8746","7830","16576","7.6"
"28038","Fontaniva","VENETO","Padova","PD","35014","45.6365","11.755","44","20.6","3659","3611","7270","433","465","898","4092","4076","8168","11.0"
"28039","Galliera Veneta","VENETO","Padova","PD","35015","45.6654","11.836","49","9.0","3246","3069","6315","370","357","727","3616","3426","7042","10.3"
"28040","Galzignano Terme","VENETO","Padova","PD","35030","45.3084","11.7285","22","18.2","2165","2172","4337","55","24","79","2220","2196","4416","1.8"
"28041","Gazzo","VENETO","Padova","PD","35010","45.581","11.7064","36","22.7","1908","1956","3864","204","223","427","2112","2179","4291","10.0"
"28042","Grantorto","VENETO","Padova","PD","35010","45.6014","11.7288","36","14.1","2018","1980","3998","298","365","663","2316","2345","4661","14.2"
"28043","Granze","VENETO","Padova","PD","35040","45.1566","11.7143","6","11.4","983","947","1930","57","35","92","1040","982","2022","4.5"
"28044","Legnaro","VENETO","Padova","PD","35020","45.3456","11.9639","8","14.9","3932","4012","7944","336","264","600","4268","4276","8544","7.0"
"28045","Limena","VENETO","Padova","PD","35010","45.4786","11.8457","22","15.0","3550","3526","7076","330","293","623","3880","3819","7699","8.1"
"28046","Loreggia","VENETO","Padova","PD","35010","45.5945","11.9446","26","19.0","3120","3142","6262","493","542","1035","3613","3684","7297","14.2"
"28047","Lozzo Atestino","VENETO","Padova","PD","35034","45.2906","11.6353","19","24.0","1533","1545","3078","51","50","101","1584","1595","3179","3.2"
"28048","Maserà di Padova","VENETO","Padova","PD","35020","45.321","11.8662","9","17.5","4240","4255","8495","312","238","550","4552","4493","9045","6.1"
"28049","Masi","VENETO","Padova","PD","35040","45.1126","11.4876","11","13.7","851","793","1644","72","66","138","923","859","1782","7.7"
"28050","Massanzago","VENETO","Padova","PD","35010","45.5555","12.0046","18","13.2","2586","2611","5197","323","352","675","2909","2963","5872","11.5"
"28051","Megliadino San Fidenzio","VENETO","Padova","PD","35040","45.2183","11.5137","12","15.6","925","879","1804","79","69","148","1004","948","1952","7.6"
"28052","Megliadino San Vitale","VENETO","Padova","PD","35040","45.1935","11.5243","12","15.1","923","871","1794","94","89","183","1017","960","1977","9.3"
"28053","Merlara","VENETO","Padova","PD","35040","45.1672","11.4417","12","21.4","1369","1316","2685","78","68","146","1447","1384","2831","5.2"
"28054","Mestrino","VENETO","Padova","PD","35035","45.443","11.7576","20","19.3","4987","4712","9699","637","625","1262","5624","5337","10961","11.5"
"28055","Monselice","VENETO","Padova","PD","35043","45.2391","11.7497","9","50.5","8550","7860","16410","577","464","1041","9127","8324","17451","6.0"
"28056","Montagnana","VENETO","Padova","PD","35044","45.2348","11.468","16","45.1","4496","4183","8679","381","361","742","4877","4544","9421","7.9"
"28057","Montegrotto Terme","VENETO","Padova","PD","35036","45.337","11.7832","11","15.3","5277","4921","10198","494","382","876","5771","5303","11074","7.9"
"28058","Noventa Padovana","VENETO","Padova","PD","35027","45.4128","11.9497","13","7.2","4963","4810","9773","579","529","1108","5542","5339","10881","10.2"
"28059","Ospedaletto Euganeo","VENETO","Padova","PD","35045","45.2231","11.6132","12","21.4","2739","2681","5420","215","241","456","2954","2922","5876","7.8"
"28060","Padova","VENETO","Padova","PD","35100","45.4064","11.8768","12","92.9","95781","83829","179610","14210","12372","26582","109991","96201","206192","12.9"
"28061","Pernumia","VENETO","Padova","PD","35020","45.2575","11.7881","9","13.2","1871","1837","3708","112","95","207","1983","1932","3915","5.3"
"28062","Piacenza d'Adige","VENETO","Padova","PD","35040","45.1267","11.5447","10","18.6","628","628","1256","62","61","123","690","689","1379","8.9"
"28063","Piazzola sul Brenta","VENETO","Padova","PD","35016","45.5431","11.7856","30","41.4","5244","5007","10251","431","448","879","5675","5455","11130","7.9"
"28064","Piombino Dese","VENETO","Padova","PD","35017","45.6075","11.9979","24","29.5","4075","4067","8142","557","577","1134","4632","4644","9276","12.2"
"28065","Piove di Sacco","VENETO","Padova","PD","35028","45.2969","12.035","5","35.6","8948","8320","17268","927","872","1799","9875","9192","19067","9.4"
"28066","Polverara","VENETO","Padova","PD","35020","45.3104","11.9572","6","9.9","1504","1509","3013","55","36","91","1559","1545","3104","2.9"
"28067","Ponso","VENETO","Padova","PD","35040","45.1926","11.5865","11","10.9","1143","1176","2319","60","70","130","1203","1246","2449","5.3"
"28068","Pontelongo","VENETO","Padova","PD","35029","45.2537","12.0278","5","10.8","1725","1641","3366","262","274","536","1987","1915","3902","13.7"
"28069","Ponte San Nicolò","VENETO","Padova","PD","35020","45.3694","11.9231","12","13.5","6372","6107","12479","418","340","758","6790","6447","13237","5.7"
"28070","Pozzonovo","VENETO","Padova","PD","35020","45.1965","11.7926","6","24.5","1770","1700","3470","98","85","183","1868","1785","3653","5.0"
"28071","Rovolon","VENETO","Padova","PD","35030","45.3663","11.6625","18","27.6","2170","2194","4364","216","197","413","2386","2391","4777","8.6"
"28072","Rubano","VENETO","Padova","PD","35030","45.4267","11.7859","18","14.6","7324","6932","14256","776","637","1413","8100","7569","15669","9.0"
"28073","Saccolongo","VENETO","Padova","PD","35030","45.404","11.7456","19","13.7","2379","2341","4720","124","90","214","2503","2431","4934","4.3"
"28074","Saletto","VENETO","Padova","PD","35046","45.2271","11.5338","12","10.8","1306","1251","2557","86","87","173","1392","1338","2730","6.3"
"28075","San Giorgio delle Pertiche","VENETO","Padova","PD","35010","45.5417","11.9139","21","18.8","4299","4341","8640","673","666","1339","4972","5007","9979","13.4"
"28076","San Giorgio in Bosco","VENETO","Padova","PD","35010","45.595","11.805","29","28.1","2871","2856","5727","259","258","517","3130","3114","6244","8.3"
"28077","San Martino di Lupari","VENETO","Padova","PD","35018","45.6478","11.8537","40","24.3","5960","5826","11786","635","631","1266","6595","6457","13052","9.7"
"28078","San Pietro in Gu","VENETO","Padova","PD","35010","45.6155","11.6692","45","17.8","2145","2046","4191","179","206","385","2324","2252","4576","8.4"
"28079","San Pietro Viminario","VENETO","Padova","PD","35020","45.2466","11.819","7","13.3","1399","1431","2830","90","83","173","1489","1514","3003","5.8"
"28080","Santa Giustina in Colle","VENETO","Padova","PD","35010","45.5628","11.9062","24","17.9","3258","3195","6453","326","352","678","3584","3547","7131","9.5"
"28081","Santa Margherita d'Adige","VENETO","Padova","PD","35040","45.198","11.5626","12","12.7","1132","1053","2185","60","54","114","1192","1107","2299","5.0"
"28082","Sant'Angelo di Piove di Sacco","VENETO","Padova","PD","35020","45.3479","12.0027","8","14.0","3425","3366","6791","217","203","420","3642","3569","7211","5.8"
"28083","Sant'Elena","VENETO","Padova","PD","35040","45.1889","11.7106","8","8.9","1176","1137","2313","71","46","117","1247","1183","2430","4.8"
"28084","Sant'Urbano","VENETO","Padova","PD","35040","45.127","11.6466","9","31.8","1059","1016","2075","48","39","87","1107","1055","2162","4.0"
"28085","Saonara","VENETO","Padova","PD","35020","45.3717","11.9822","10","13.5","4648","4569","9217","439","387","826","5087","4956","10043","8.2"
"28086","Selvazzano Dentro","VENETO","Padova","PD","35030","45.3929","11.7801","18","19.6","10403","9837","20240","1037","868","1905","11440","10705","22145","8.6"
"28087","Solesino","VENETO","Padova","PD","35047","45.1784","11.7364","10","10.3","3430","3271","6701","222","257","479","3652","3528","7180","6.7"
"28088","Stanghella","VENETO","Padova","PD","35048","45.1346","11.7569","7","19.7","2041","1969","4010","165","156","321","2206","2125","4331","7.4"
"28089","Teolo","VENETO","Padova","PD","35037","45.3489","11.6725","17","31.1","4272","4141","8413","280","173","453","4552","4314","8866","5.1"
"28090","Terrassa Padovana","VENETO","Padova","PD","35020","45.2465","11.9014","6","14.7","1221","1277","2498","70","57","127","1291","1334","2625","4.8"
"28091","Tombolo","VENETO","Padova","PD","35019","45.6463","11.8313","42","11.1","3591","3498","7089","553","585","1138","4144","4083","8227","13.8"
"28092","Torreglia","VENETO","Padova","PD","35038","45.3352","11.7314","16","18.8","2956","2918","5874","176","156","332","3132","3074","6206","5.3"
"28093","Trebaseleghe","VENETO","Padova","PD","35010","45.5918","12.0507","22","30.7","5667","5630","11297","639","643","1282","6306","6273","12579","10.2"
"28094","Tribano","VENETO","Padova","PD","35020","45.2082","11.8325","7","19.3","2058","2036","4094","171","166","337","2229","2202","4431","7.6"
"28095","Urbana","VENETO","Padova","PD","35040","45.194","11.4453","13","17.0","1063","1039","2102","41","43","84","1104","1082","2186","3.8"
"28096","Veggiano","VENETO","Padova","PD","35030","45.4476","11.7143","21","16.2","2036","2091","4127","213","203","416","2249","2294","4543","9.2"
"28097","Vescovana","VENETO","Padova","PD","35040","45.1378","11.7118","7","22.3","823","836","1659","39","19","58","862","855","1717","3.4"
"28098","Vighizzolo d'Este","VENETO","Padova","PD","35040","45.1768","11.6259","11","17.2","450","466","916","13","6","19","463","472","935","2.0"
"28099","Vigodarzere","VENETO","Padova","PD","35010","45.4604","11.8795","17","19.9","6105","5962","12067","456","362","818","6561","6324","12885","6.3"
"28100","Vigonza","VENETO","Padova","PD","35010","45.4439","11.9844","10","33.3","10458","10068","20526","777","690","1467","11235","10758","21993","6.7"
"28101","Villa del Conte","VENETO","Padova","PD","35010","45.5824","11.8646","28","17.3","2512","2543","5055","217","232","449","2729","2775","5504","8.2"
"28102","Villa Estense","VENETO","Padova","PD","35040","45.1726","11.6675","10","16.0","1122","1136","2258","40","24","64","1162","1160","2322","2.8"
"28103","Villafranca Padovana","VENETO","Padova","PD","35010","45.4949","11.7982","22","23.8","4699","4557","9256","289","252","541","4988","4809","9797","5.5"
"28104","Villanova di Camposampiero","VENETO","Padova","PD","35010","45.4904","11.9684","12","12.2","2746","2677","5423","267","239","506","3013","2916","5929","8.5"
"28105","Vo'","VENETO","Padova","PD","35030","45.3273","11.6399","19","20.4","1647","1605","3252","97","68","165","1744","1673","3417","4.8"
"28106","Due Carrare","VENETO","Padova","PD","35020","45.2937","11.8196","9","26.6","4235","4294","8529","230","184","414","4465","4478","8943","4.6"
"29001","Adria","VENETO","Rovigo","RO","45011","45.0555","12.056","4","113.5","9975","9247","19222","594","417","1011","10569","9664","20233","5.0"
"29002","Ariano nel Polesine","VENETO","Rovigo","RO","45012","44.9466","12.1258","2","80.9","2194","2126","4320","132","102","234","2326","2228","4554","5.1"
"29003","Arquà Polesine","VENETO","Rovigo","RO","45031","45.0124","11.74","8","20.0","1367","1330","2697","73","41","114","1440","1371","2811","4.1"
"29004","Badia Polesine","VENETO","Rovigo","RO","45021","45.0938","11.4936","11","44.5","4939","4667","9606","489","441","930","5428","5108","10536","8.8"
"29005","Bagnolo di Po","VENETO","Rovigo","RO","45022","45.0162","11.5013","7","21.4","602","603","1205","84","85","169","686","688","1374","12.3"
"29006","Bergantino","VENETO","Rovigo","RO","45032","45.0634","11.2565","15","18.2","1277","1201","2478","81","67","148","1358","1268","2626","5.6"
"29007","Bosaro","VENETO","Rovigo","RO","45033","45.0019","11.7636","3","6.0","704","671","1375","75","58","133","779","729","1508","8.8"
"29008","Calto","VENETO","Rovigo","RO","45030","44.9925","11.3578","11","11.0","374","334","708","52","59","111","426","393","819","13.6"
"29009","Canaro","VENETO","Rovigo","RO","45034","44.9329","11.676","7","32.7","1411","1311","2722","84","47","131","1495","1358","2853","4.6"
"29010","Canda","VENETO","Rovigo","RO","45020","45.0331","11.5055","10","14.4","436","424","860","71","76","147","507","500","1007","14.6"
"29011","Castelguglielmo","VENETO","Rovigo","RO","45020","45.0254","11.5385","9","22.1","744","761","1505","79","62","141","823","823","1646","8.6"
"29012","Castelmassa","VENETO","Rovigo","RO","45035","45.0222","11.3114","12","11.9","1985","1753","3738","267","286","553","2252","2039","4291","12.9"
"29013","Castelnovo Bariano","VENETO","Rovigo","RO","45030","45.0248","11.2938","12","37.6","1352","1258","2610","143","178","321","1495","1436","2931","11.0"
"29014","Ceneselli","VENETO","Rovigo","RO","45030","45.0146","11.3687","13","28.6","781","760","1541","130","142","272","911","902","1813","15.0"
"29015","Ceregnano","VENETO","Rovigo","RO","45010","45.0499","11.8697","5","30.0","1803","1707","3510","110","71","181","1913","1778","3691","4.9"
"29017","Corbola","VENETO","Rovigo","RO","45015","45.0091","12.0801","2","18.4","1223","1126","2349","89","76","165","1312","1202","2514","6.6"
"29018","Costa di Rovigo","VENETO","Rovigo","RO","45023","45.0486","11.6949","9","16.1","1327","1234","2561","67","55","122","1394","1289","2683","4.5"
"29019","Crespino","VENETO","Rovigo","RO","45030","44.9824","11.8861","3","31.9","957","877","1834","77","59","136","1034","936","1970","6.9"
"29021","Ficarolo","VENETO","Rovigo","RO","45036","44.9542","11.4365","10","17.8","1228","1180","2408","104","97","201","1332","1277","2609","7.7"
"29022","Fiesso Umbertiano","VENETO","Rovigo","RO","45024","44.9579","11.5971","9","27.3","2004","1889","3893","187","195","382","2191","2084","4275","8.9"
"29023","Frassinelle Polesine","VENETO","Rovigo","RO","45030","44.9933","11.6985","7","21.9","732","730","1462","38","29","67","770","759","1529","4.4"
"29024","Fratta Polesine","VENETO","Rovigo","RO","45025","45.0288","11.6361","11","20.9","1406","1161","2567","110","105","215","1516","1266","2782","7.7"
"29025","Gaiba","VENETO","Rovigo","RO","45030","44.9482","11.4817","9","12.1","536","485","1021","43","30","73","579","515","1094","6.7"
"29026","Gavello","VENETO","Rovigo","RO","45010","45.0217","11.9143","4","24.4","721","740","1461","82","62","144","803","802","1605","9.0"
"29027","Giacciano con Baruchella","VENETO","Rovigo","RO","45020","45.0581","11.4545","14","18.4","998","975","1973","103","106","209","1101","1081","2182","9.6"
"29028","Guarda Veneta","VENETO","Rovigo","RO","45030","44.9797","11.8029","5","17.3","557","534","1091","47","47","94","604","581","1185","7.9"
"29029","Lendinara","VENETO","Rovigo","RO","45026","45.0839","11.5992","9","55.4","5734","5301","11035","518","471","989","6252","5772","12024","8.2"
"29030","Loreo","VENETO","Rovigo","RO","45017","45.0625","12.1864","1","39.6","1739","1666","3405","83","80","163","1822","1746","3568","4.6"
"29031","Lusia","VENETO","Rovigo","RO","45020","45.1005","11.6641","10","17.7","1679","1610","3289","165","141","306","1844","1751","3595","8.5"
"29032","Melara","VENETO","Rovigo","RO","45037","45.0627","11.2041","13","17.6","920","832","1752","51","67","118","971","899","1870","6.3"
"29033","Occhiobello","VENETO","Rovigo","RO","45030","44.921","11.5795","8","32.6","5297","5187","10484","481","386","867","5778","5573","11351","7.6"
"29034","Papozze","VENETO","Rovigo","RO","45010","44.9899","12.0248","5","21.8","835","730","1565","41","39","80","876","769","1645","4.9"
"29035","Pettorazza Grimani","VENETO","Rovigo","RO","45010","45.1328","11.9896","3","21.5","766","819","1585","51","33","84","817","852","1669","5.0"
"29036","Pincara","VENETO","Rovigo","RO","45020","44.9981","11.614","5","17.8","590","572","1162","50","50","100","640","622","1262","7.9"
"29037","Polesella","VENETO","Rovigo","RO","45038","44.9641","11.7502","6","16.6","1894","1813","3707","185","187","372","2079","2000","4079","9.1"
"29038","Pontecchio Polesine","VENETO","Rovigo","RO","45030","45.0189","11.8074","5","11.5","995","1009","2004","41","33","74","1036","1042","2078","3.6"
"29039","Porto Tolle","VENETO","Rovigo","RO","45018","44.9507","12.3269","1","227.6","4990","4949","9939","82","37","119","5072","4986","10058","1.2"
"29040","Rosolina","VENETO","Rovigo","RO","45010","45.0761","12.2422","1","73.1","3119","3121","6240","135","106","241","3254","3227","6481","3.7"
"29041","Rovigo","VENETO","Rovigo","RO","45100","45.0698","11.7902","7","108.6","24466","22185","46651","1946","1567","3513","26412","23752","50164","7.0"
"29042","Salara","VENETO","Rovigo","RO","45030","44.985","11.4263","7","14.3","579","533","1112","57","45","102","636","578","1214","8.4"
"29043","San Bellino","VENETO","Rovigo","RO","45020","45.0278","11.59","7","15.8","543","551","1094","30","32","62","573","583","1156","5.4"
"29044","San Martino di Venezze","VENETO","Rovigo","RO","45030","45.1303","11.8743","6","31.1","1970","1914","3884","82","69","151","2052","1983","4035","3.7"
"29045","Stienta","VENETO","Rovigo","RO","45039","44.9426","11.5421","9","24.1","1556","1506","3062","145","122","267","1701","1628","3329","8.0"
"29046","Taglio di Po","VENETO","Rovigo","RO","45019","45.006","12.2081"," -   ","79.0","4130","4059","8189","175","131","306","4305","4190","8495","3.6"
"29047","Trecenta","VENETO","Rovigo","RO","45027","45.0344","11.4635","11","35.1","1397","1272","2669","146","141","287","1543","1413","2956","9.7"
"29048","Villadose","VENETO","Rovigo","RO","45010","45.0735","11.8902","3","32.6","2471","2444","4915","153","120","273","2624","2564","5188","5.3"
"29049","Villamarzana","VENETO","Rovigo","RO","45030","45.0144","11.6933","7","14.1","575","572","1147","30","25","55","605","597","1202","4.6"
"29050","Villanova del Ghebbo","VENETO","Rovigo","RO","45020","45.0586","11.6447","11","11.8","998","984","1982","88","94","182","1086","1078","2164","8.4"
"29051","Villanova Marchesana","VENETO","Rovigo","RO","45030","44.9939","11.9678","3","18.2","396","413","809","106","85","191","502","498","1000","19.1"
"29052","Porto Viro","VENETO","Rovigo","RO","45014","45.0403","12.2192","2","133.3","7224","6882","14106","320","219","539","7544","7101","14645","3.7"
"30001","Aiello del Friuli","FRIULI-VENEZIA GIULIA","Udine","UD","33041","45.8761","13.3486","18","13.0","1129","1076","2205","40","27","67","1169","1103","2272","2.9"
"30002","Amaro","FRIULI-VENEZIA GIULIA","Udine","UD","33020","46.3728","13.0923","296","33.3","434","381","815","21","5","26","455","386","841","3.1"
"30003","Ampezzo","FRIULI-VENEZIA GIULIA","Udine","UD","33021","46.4173","12.7901","560","73.6","499","493","992","25","13","38","524","506","1030","3.7"
"30004","Aquileia","FRIULI-VENEZIA GIULIA","Udine","UD","33051","45.7549","13.3613","5","36.8","1704","1635","3339","64","38","102","1768","1673","3441","3.0"
"30005","Arta Terme","FRIULI-VENEZIA GIULIA","Udine","UD","33022","46.4733","13.0257","442","52.7","1106","1081","2187","30","26","56","1136","1107","2243","2.5"
"30006","Artegna","FRIULI-VENEZIA GIULIA","Udine","UD","33011","46.2391","13.1556","210","11.2","1410","1358","2768","60","49","109","1470","1407","2877","3.8"
"30007","Attimis","FRIULI-VENEZIA GIULIA","Udine","UD","33040","46.1883","13.3059","195","33.4","921","859","1780","37","44","81","958","903","1861","4.4"
"30008","Bagnaria Arsa","FRIULI-VENEZIA GIULIA","Udine","UD","33050","45.8836","13.2847","20","19.1","1776","1681","3457","70","50","120","1846","1731","3577","3.4"
"30009","Basiliano","FRIULI-VENEZIA GIULIA","Udine","UD","33031","46.0189","13.1067","74","42.9","2538","2470","5008","176","169","345","2714","2639","5353","6.4"
"30010","Bertiolo","FRIULI-VENEZIA GIULIA","Udine","UD","33032","45.9439","13.0475","33","26.2","1255","1187","2442","71","64","135","1326","1251","2577","5.2"
"30011","Bicinicco","FRIULI-VENEZIA GIULIA","Udine","UD","33050","45.9317","13.2503","36","15.9","936","919","1855","39","28","67","975","947","1922","3.5"
"30012","Bordano","FRIULI-VENEZIA GIULIA","Udine","UD","33010","46.3154","13.1045","224","15.2","391","365","756","20","13","33","411","378","789","4.2"
"30013","Buja","FRIULI-VENEZIA GIULIA","Udine","UD","33030","46.2503","13.116","215","27.9","3287","3056","6343","159","125","284","3446","3181","6627","4.3"
"30014","Buttrio","FRIULI-VENEZIA GIULIA","Udine","UD","33042","46.0191","13.3398","79","17.8","1906","1818","3724","143","172","315","2049","1990","4039","7.8"
"30015","Camino al Tagliamento","FRIULI-VENEZIA GIULIA","Udine","UD","33030","45.9295","12.9446","34","22.5","810","790","1600","33","27","60","843","817","1660","3.6"
"30016","Campoformido","FRIULI-VENEZIA GIULIA","Udine","UD","33030","46.0202","13.1627","79","22.0","3711","3518","7229","248","202","450","3959","3720","7679","5.9"
"30018","Carlino","FRIULI-VENEZIA GIULIA","Udine","UD","33050","45.8022","13.1882","5","30.3","1398","1340","2738","31","21","52","1429","1361","2790","1.9"
"30019","Cassacco","FRIULI-VENEZIA GIULIA","Udine","UD","33010","46.1745","13.1842","179","11.6","1423","1350","2773","73","65","138","1496","1415","2911","4.7"
"30020","Castions di Strada","FRIULI-VENEZIA GIULIA","Udine","UD","33050","45.9081","13.1834","23","32.8","1887","1837","3724","77","65","142","1964","1902","3866","3.7"
"30021","Cavazzo Carnico","FRIULI-VENEZIA GIULIA","Udine","UD","33020","46.3683","13.0391","280","38.7","536","503","1039","39","9","48","575","512","1087","4.4"
"30022","Cercivento","FRIULI-VENEZIA GIULIA","Udine","UD","33020","46.528","12.9872","607","15.4","332","340","672","14","10","24","346","350","696","3.4"
"30023","Cervignano del Friuli","FRIULI-VENEZIA GIULIA","Udine","UD","33052","45.8216","13.3334","2","28.5","6285","5950","12235","628","546","1174","6913","6496","13409","8.8"
"30024","Chiopris-Viscone","FRIULI-VENEZIA GIULIA","Udine","UD","33048","45.9255","13.4028","33","9.0","298","289","587","18","15","33","316","304","620","5.3"
"30025","Chiusaforte","FRIULI-VENEZIA GIULIA","Udine","UD","33010","46.3984","13.3782","391","100.2","333","352","685","11","7","18","344","359","703","2.6"
"30026","Cividale del Friuli","FRIULI-VENEZIA GIULIA","Udine","UD","33043","46.0962","13.4292","135","50.5","5545","5020","10565","441","372","813","5986","5392","11378","7.1"
"30027","Codroipo","FRIULI-VENEZIA GIULIA","Udine","UD","33033","45.9614","12.9768","43","73.6","7460","7347","14807","520","479","999","7980","7826","15806","6.3"
"30028","Colloredo di Monte Albano","FRIULI-VENEZIA GIULIA","Udine","UD","33010","46.164","13.1364","212","21.6","1084","1076","2160","51","20","71","1135","1096","2231","3.2"
"30029","Comeglians","FRIULI-VENEZIA GIULIA","Udine","UD","33023","46.5164","12.8666","553","19.5","242","269","511","8","13","21","250","282","532","3.9"
"30030","Corno di Rosazzo","FRIULI-VENEZIA GIULIA","Udine","UD","33040","45.9982","13.4407","88","12.3","1560","1548","3108","82","79","161","1642","1627","3269","4.9"
"30031","Coseano","FRIULI-VENEZIA GIULIA","Udine","UD","33030","46.0963","13.0158","121","23.9","1072","1026","2098","78","71","149","1150","1097","2247","6.6"
"30032","Dignano","FRIULI-VENEZIA GIULIA","Udine","UD","33030","46.0855","12.9375","112","27.2","1175","1084","2259","77","53","130","1252","1137","2389","5.4"
"30033","Dogna","FRIULI-VENEZIA GIULIA","Udine","UD","33010","46.4467","13.3146","419","69.2","90","101","191","1","0","1","91","101","192","0.5"
"30034","Drenchia","FRIULI-VENEZIA GIULIA","Udine","UD","33040","46.1836","13.6358","663","13.4","74","54","128","1","5","6","75","59","134","4.5"
"30035","Enemonzo","FRIULI-VENEZIA GIULIA","Udine","UD","33020","46.41","12.8771","394","23.7","674","651","1325","19","7","26","693","658","1351","1.9"
"30036","Faedis","FRIULI-VENEZIA GIULIA","Udine","UD","33040","46.1511","13.3483","172","46.6","1444","1428","2872","88","54","142","1532","1482","3014","4.7"
"30037","Fagagna","FRIULI-VENEZIA GIULIA","Udine","UD","33034","46.1177","13.0819","177","37.0","3053","2923","5976","173","130","303","3226","3053","6279","4.8"
"30038","Fiumicello","FRIULI-VENEZIA GIULIA","Udine","UD","33050","45.7727","13.4086","6","22.9","2456","2426","4882","83","56","139","2539","2482","5021","2.8"
"30039","Flaibano","FRIULI-VENEZIA GIULIA","Udine","UD","33030","46.0578","12.9836","104","17.2","580","571","1151","30","16","46","610","587","1197","3.8"
"30040","Forni Avoltri","FRIULI-VENEZIA GIULIA","Udine","UD","33020","46.5849","12.7782","888","80.7","314","321","635","6","1","7","320","322","642","1.1"
"30041","Forni di Sopra","FRIULI-VENEZIA GIULIA","Udine","UD","33024","46.4239","12.5782","907","81.2","496","498","994","22","11","33","518","509","1027","3.2"
"30042","Forni di Sotto","FRIULI-VENEZIA GIULIA","Udine","UD","33020","46.3927","12.6697","776","93.5","304","288","592","13","15","28","317","303","620","4.5"
"30043","Gemona del Friuli","FRIULI-VENEZIA GIULIA","Udine","UD","33013","46.2753","13.1427","272","56.2","5524","5107","10631","286","224","510","5810","5331","11141","4.6"
"30044","Gonars","FRIULI-VENEZIA GIULIA","Udine","UD","33050","45.8965","13.2375","21","19.9","2327","2277","4604","103","83","186","2430","2360","4790","3.9"
"30045","Grimacco","FRIULI-VENEZIA GIULIA","Udine","UD","33040","46.1571","13.5868","253","16.4","191","178","369","3","2","5","194","180","374","1.3"
"30046","Latisana","FRIULI-VENEZIA GIULIA","Udine","UD","33053","45.7823","12.9943","7","42.2","6349","5948","12297","749","601","1350","7098","6549","13647","9.9"
"30047","Lauco","FRIULI-VENEZIA GIULIA","Udine","UD","33029","46.4234","12.933","719","34.6","377","397","774","10","0","10","387","397","784","1.3"
"30048","Lestizza","FRIULI-VENEZIA GIULIA","Udine","UD","33050","45.9552","13.1419","43","34.2","1861","1839","3700","106","79","185","1967","1918","3885","4.8"
"30049","Lignano Sabbiadoro","FRIULI-VENEZIA GIULIA","Udine","UD","33054","45.6896","13.1347","2","16.2","2901","2844","5745","406","296","702","3307","3140","6447","10.9"
"30050","Ligosullo","FRIULI-VENEZIA GIULIA","Udine","UD","33020","46.5647","13.087","949","16.8","70","72","142","0","0","0","70","72","142","0.0"
"30051","Lusevera","FRIULI-VENEZIA GIULIA","Udine","UD","33010","46.2747","13.2697","328","52.8","332","330","662","22","16","38","354","346","700","5.4"
"30052","Magnano in Riviera","FRIULI-VENEZIA GIULIA","Udine","UD","33010","46.2311","13.1769","200","8.5","1155","1129","2284","44","38","82","1199","1167","2366","3.5"
"30053","Majano","FRIULI-VENEZIA GIULIA","Udine","UD","33030","46.1847","13.0685","169","28.1","2927","2792","5719","194","138","332","3121","2930","6051","5.5"
"30054","Malborghetto Valbruna","FRIULI-VENEZIA GIULIA","Udine","UD","33010","46.4896","13.4916","721","119.9","475","465","940","13","16","29","488","481","969","3.0"
"30055","Manzano","FRIULI-VENEZIA GIULIA","Udine","UD","33044","45.9888","13.3763","71","30.8","3081","2858","5939","333","309","642","3414","3167","6581","9.8"
"30056","Marano Lagunare","FRIULI-VENEZIA GIULIA","Udine","UD","33050","45.7641","13.1669","2","90.3","939","964","1903","38","22","60","977","986","1963","3.1"
"30057","Martignacco","FRIULI-VENEZIA GIULIA","Udine","UD","33035","46.0968","13.1342","141","26.7","3358","3169","6527","154","115","269","3512","3284","6796","4.0"
"30058","Mereto di Tomba","FRIULI-VENEZIA GIULIA","Udine","UD","33036","46.0498","13.041","97","27.4","1292","1283","2575","66","68","134","1358","1351","2709","4.9"
"30059","Moggio Udinese","FRIULI-VENEZIA GIULIA","Udine","UD","33015","46.41","13.197","340","143.8","883","852","1735","48","31","79","931","883","1814","4.4"
"30060","Moimacco","FRIULI-VENEZIA GIULIA","Udine","UD","33040","46.0913","13.3818","118","11.8","802","806","1608","24","16","40","826","822","1648","2.4"
"30061","Montenars","FRIULI-VENEZIA GIULIA","Udine","UD","33010","46.2535","13.1664","486","20.6","270","269","539","11","8","19","281","277","558","3.4"
"30062","Mortegliano","FRIULI-VENEZIA GIULIA","Udine","UD","33050","45.9448","13.1724","41","30.0","2441","2271","4712","177","156","333","2618","2427","5045","6.6"
"30063","Moruzzo","FRIULI-VENEZIA GIULIA","Udine","UD","33030","46.1198","13.1232","263","17.9","1182","1132","2314","43","34","77","1225","1166","2391","3.2"
"30064","Muzzana del Turgnano","FRIULI-VENEZIA GIULIA","Udine","UD","33055","45.8187","13.126","6","24.4","1277","1206","2483","84","74","158","1361","1280","2641","6.0"
"30065","Nimis","FRIULI-VENEZIA GIULIA","Udine","UD","33045","46.1972","13.2629","207","33.9","1320","1306","2626","89","63","152","1409","1369","2778","5.5"
"30066","Osoppo","FRIULI-VENEZIA GIULIA","Udine","UD","33010","46.2447","13.0672","184","22.2","1412","1376","2788","114","104","218","1526","1480","3006","7.3"
"30067","Ovaro","FRIULI-VENEZIA GIULIA","Udine","UD","33025","46.4797","12.8476","525","57.9","1002","982","1984","14","12","26","1016","994","2010","1.3"
"30068","Pagnacco","FRIULI-VENEZIA GIULIA","Udine","UD","33010","46.1244","13.1865","170","14.8","2489","2409","4898","72","74","146","2561","2483","5044","2.9"
"30069","Palazzolo dello Stella","FRIULI-VENEZIA GIULIA","Udine","UD","33056","45.8035","13.0808","5","34.4","1408","1383","2791","131","86","217","1539","1469","3008","7.2"
"30070","Palmanova","FRIULI-VENEZIA GIULIA","Udine","UD","33057","45.9094","13.3057","27","13.3","2586","2447","5033","211","165","376","2797","2612","5409","7.0"
"30071","Paluzza","FRIULI-VENEZIA GIULIA","Udine","UD","33026","46.58","12.9969","602","70.0","1194","1127","2321","37","14","51","1231","1141","2372","2.2"
"30072","Pasian di Prato","FRIULI-VENEZIA GIULIA","Udine","UD","33037","46.0501","13.1875","105","15.9","4490","4183","8673","381","321","702","4871","4504","9375","7.5"
"30073","Paularo","FRIULI-VENEZIA GIULIA","Udine","UD","33027","46.5311","13.1155","648","84.2","1389","1311","2700","24","13","37","1413","1324","2737","1.4"
"30074","Pavia di Udine","FRIULI-VENEZIA GIULIA","Udine","UD","33050","45.9963","13.3025","59","34.4","2677","2642","5319","194","185","379","2871","2827","5698","6.7"
"30075","Pocenia","FRIULI-VENEZIA GIULIA","Udine","UD","33050","45.8363","13.0993","9","23.8","1238","1235","2473","63","59","122","1301","1294","2595","4.7"
"30076","Pontebba","FRIULI-VENEZIA GIULIA","Udine","UD","33016","46.5241","13.3081","568","97.7","740","691","1431","39","33","72","779","724","1503","4.8"
"30077","Porpetto","FRIULI-VENEZIA GIULIA","Udine","UD","33050","45.8621","13.2236","10","19.7","1299","1290","2589","37","24","61","1336","1314","2650","2.3"
"30078","Povoletto","FRIULI-VENEZIA GIULIA","Udine","UD","33040","46.1182","13.2981","133","39.0","2750","2671","5421","104","47","151","2854","2718","5572","2.7"
"30079","Pozzuolo del Friuli","FRIULI-VENEZIA GIULIA","Udine","UD","33050","45.9863","13.1957","67","34.3","3268","3097","6365","268","247","515","3536","3344","6880","7.5"
"30080","Pradamano","FRIULI-VENEZIA GIULIA","Udine","UD","33040","46.0325","13.3029","88","16.3","1761","1627","3388","89","59","148","1850","1686","3536","4.2"
"30081","Prato Carnico","FRIULI-VENEZIA GIULIA","Udine","UD","33020","46.5212","12.8092","686","81.5","450","456","906","12","9","21","462","465","927","2.3"
"30082","Precenicco","FRIULI-VENEZIA GIULIA","Udine","UD","33050","45.7876","13.0775","5","26.9","729","680","1409","47","28","75","776","708","1484","5.1"
"30083","Premariacco","FRIULI-VENEZIA GIULIA","Udine","UD","33040","46.0574","13.3942","112","39.7","1997","1977","3974","104","109","213","2101","2086","4187","5.1"
"30084","Preone","FRIULI-VENEZIA GIULIA","Udine","UD","33020","46.3943","12.8657","460","22.5","133","123","256","6","4","10","139","127","266","3.8"
"30085","Prepotto","FRIULI-VENEZIA GIULIA","Udine","UD","33040","46.046","13.4802","105","33.2","378","416","794","13","2","15","391","418","809","1.9"
"30086","Pulfero","FRIULI-VENEZIA GIULIA","Udine","UD","33046","46.1742","13.4819","184","48.0","464","455","919","53","61","114","517","516","1033","11.0"
"30087","Ragogna","FRIULI-VENEZIA GIULIA","Udine","UD","33030","46.1792","12.9779","235","22.4","1465","1441","2906","74","43","117","1539","1484","3023","3.9"
"30088","Ravascletto","FRIULI-VENEZIA GIULIA","Udine","UD","33020","46.5251","12.924","950","26.3","268","276","544","11","5","16","279","281","560","2.9"
"30089","Raveo","FRIULI-VENEZIA GIULIA","Udine","UD","33029","46.4343","12.8712","518","12.7","250","225","475","19","14","33","269","239","508","6.5"
"30090","Reana del Rojale","FRIULI-VENEZIA GIULIA","Udine","UD","33010","46.1496","13.2437","166","20.2","2460","2305","4765","147","120","267","2607","2425","5032","5.3"
"30091","Remanzacco","FRIULI-VENEZIA GIULIA","Udine","UD","33047","46.0852","13.321","110","30.6","2930","2899","5829","142","95","237","3072","2994","6066","3.9"
"30092","Resia","FRIULI-VENEZIA GIULIA","Udine","UD","33010","46.356","13.2945","492","119.2","524","562","1086","4","1","5","528","563","1091","0.5"
"30093","Resiutta","FRIULI-VENEZIA GIULIA","Udine","UD","33010","46.3788","13.2136","316","20.0","154","148","302","10","3","13","164","151","315","4.1"
"30094","Rigolato","FRIULI-VENEZIA GIULIA","Udine","UD","33020","46.5597","12.8325","760","30.5","240","247","487","7","8","15","247","255","502","3.0"
"30095","Rive d'Arcano","FRIULI-VENEZIA GIULIA","Udine","UD","33030","46.1255","13.0246","175","22.5","1191","1142","2333","75","71","146","1266","1213","2479","5.9"
"30096","Rivignano","FRIULI-VENEZIA GIULIA","Udine","UD","33050","45.8779","13.0402","13","30.5","2087","2021","4108","177","164","341","2264","2185","4449","7.7"
"30097","Ronchis","FRIULI-VENEZIA GIULIA","Udine","UD","33050","45.808","12.9959","8","18.5","970","937","1907","89","58","147","1059","995","2054","7.2"
"30098","Ruda","FRIULI-VENEZIA GIULIA","Udine","UD","33050","45.8383","13.4016","12","18.8","1451","1421","2872","70","53","123","1521","1474","2995","4.1"
"30099","San Daniele del Friuli","FRIULI-VENEZIA GIULIA","Udine","UD","33038","46.1579","13.01","252","34.7","3909","3653","7562","286","224","510","4195","3877","8072","6.3"
"30100","San Giorgio di Nogaro","FRIULI-VENEZIA GIULIA","Udine","UD","33058","45.8326","13.2077","7","25.8","3671","3524","7195","236","250","486","3907","3774","7681","6.3"
"30101","San Giovanni al Natisone","FRIULI-VENEZIA GIULIA","Udine","UD","33048","45.979","13.3968","66","23.9","2667","2710","5377","384","356","740","3051","3066","6117","12.1"
"30102","San Leonardo","FRIULI-VENEZIA GIULIA","Udine","UD","33040","46.1185","13.5315","168","27.0","517","539","1056","49","56","105","566","595","1161","9.0"
"30103","San Pietro al Natisone","FRIULI-VENEZIA GIULIA","Udine","UD","33049","46.1255","13.4839","175","24.1","1077","1030","2107","61","55","116","1138","1085","2223","5.2"
"30104","Santa Maria la Longa","FRIULI-VENEZIA GIULIA","Udine","UD","33050","45.9332","13.2915","39","19.5","1168","1085","2253","86","78","164","1254","1163","2417","6.8"
"30105","San Vito al Torre","FRIULI-VENEZIA GIULIA","Udine","UD","33050","45.8953","13.3719","24","11.6","639","632","1271","36","26","62","675","658","1333","4.7"
"30106","San Vito di Fagagna","FRIULI-VENEZIA GIULIA","Udine","UD","33030","46.091","13.0673","135","8.5","792","777","1569","66","47","113","858","824","1682","6.7"
"30107","Sauris","FRIULI-VENEZIA GIULIA","Udine","UD","33020","46.4667","12.697","1.400","41.5","208","190","398","13","8","21","221","198","419","5.0"
"30108","Savogna","FRIULI-VENEZIA GIULIA","Udine","UD","33040","46.1885","13.5432","235","22.1","212","237","449","16","17","33","228","254","482","6.8"
"30109","Sedegliano","FRIULI-VENEZIA GIULIA","Udine","UD","33039","46.0137","12.976","70","50.5","1823","1830","3653","140","144","284","1963","1974","3937","7.2"
"30110","Socchieve","FRIULI-VENEZIA GIULIA","Udine","UD","33020","46.3968","12.8483","480","66.0","466","437","903","26","12","38","492","449","941","4.0"
"30111","Stregna","FRIULI-VENEZIA GIULIA","Udine","UD","33040","46.127","13.5774","404","19.8","177","201","378","13","7","20","190","208","398","5.0"
"30112","Sutrio","FRIULI-VENEZIA GIULIA","Udine","UD","33020","46.5118","12.9898","570","21.1","677","657","1334","17","20","37","694","677","1371","2.7"
"30113","Taipana","FRIULI-VENEZIA GIULIA","Udine","UD","33040","46.2662","13.3412","478","65.6","279","305","584","45","50","95","324","355","679","14.0"
"30114","Talmassons","FRIULI-VENEZIA GIULIA","Udine","UD","33030","45.9305","13.12","30","43.0","1998","1914","3912","118","114","232","2116","2028","4144","5.6"
"30116","Tarcento","FRIULI-VENEZIA GIULIA","Udine","UD","33017","46.215","13.2129","230","35.1","4515","4098","8613","269","213","482","4784","4311","9095","5.3"
"30117","Tarvisio","FRIULI-VENEZIA GIULIA","Udine","UD","33018","46.4655","13.5535","732","205.6","2077","2229","4306","148","123","271","2225","2352","4577","5.9"
"30118","Tavagnacco","FRIULI-VENEZIA GIULIA","Udine","UD","33010","46.1275","13.211","132","15.4","7034","6430","13464","443","355","798","7477","6785","14262","5.6"
"30119","Teor","FRIULI-VENEZIA GIULIA","Udine","UD","33050","45.855","13.056","12","16.9","905","905","1810","68","76","144","973","981","1954","7.4"
"30120","Terzo d'Aquileia","FRIULI-VENEZIA GIULIA","Udine","UD","33050","45.799","13.3513","5","28.2","1405","1352","2757","70","54","124","1475","1406","2881","4.3"
"30121","Tolmezzo","FRIULI-VENEZIA GIULIA","Udine","UD","33028","46.4035","13.0182","323","65.7","5309","5016","10325","160","85","245","5469","5101","10570","2.3"
"30122","Torreano","FRIULI-VENEZIA GIULIA","Udine","UD","33040","46.1231","13.4238","189","34.9","1061","1013","2074","73","66","139","1134","1079","2213","6.3"
"30123","Torviscosa","FRIULI-VENEZIA GIULIA","Udine","UD","33050","45.8292","13.2628","3","48.2","1424","1413","2837","66","66","132","1490","1479","2969","4.4"
"30124","Trasaghis","FRIULI-VENEZIA GIULIA","Udine","UD","33010","46.2826","13.0745","217","77.7","1103","1120","2223","46","29","75","1149","1149","2298","3.3"
"30125","Treppo Carnico","FRIULI-VENEZIA GIULIA","Udine","UD","33020","46.5343","13.0446","671","18.7","311","325","636","6","0","6","317","325","642","0.9"
"30126","Treppo Grande","FRIULI-VENEZIA GIULIA","Udine","UD","33010","46.1904","13.1575","231","11.3","882","820","1702","27","12","39","909","832","1741","2.2"
"30127","Tricesimo","FRIULI-VENEZIA GIULIA","Udine","UD","33019","46.1619","13.2105","199","17.5","3709","3386","7095","272","242","514","3981","3628","7609","6.8"
"30128","Trivignano Udinese","FRIULI-VENEZIA GIULIA","Udine","UD","33050","45.9433","13.3376","43","18.3","798","782","1580","52","57","109","850","839","1689","6.5"
"30129","Udine","FRIULI-VENEZIA GIULIA","Udine","UD","33100","46.0711","13.2346","113","56.7","45805","39374","85179","6977","6131","13108","52782","45505","98287","13.3"
"30130","Varmo","FRIULI-VENEZIA GIULIA","Udine","UD","33030","45.8873","12.9897","18","36.9","1345","1380","2725","60","45","105","1405","1425","2830","3.7"
"30131","Venzone","FRIULI-VENEZIA GIULIA","Udine","UD","33010","46.3446","13.1717","230","54.6","1072","1114","2186","39","5","44","1111","1119","2230","2.0"
"30132","Verzegnis","FRIULI-VENEZIA GIULIA","Udine","UD","33020","46.3701","12.9517","407","38.8","438","433","871","19","16","35","457","449","906","3.9"
"30133","Villa Santina","FRIULI-VENEZIA GIULIA","Udine","UD","33029","46.4169","12.9209","363","13.0","1150","1017","2167","34","21","55","1184","1038","2222","2.5"
"30134","Villa Vicentina","FRIULI-VENEZIA GIULIA","Udine","UD","33059","45.8137","13.3953","9","5.4","653","686","1339","30","18","48","683","704","1387","3.5"
"30135","Visco","FRIULI-VENEZIA GIULIA","Udine","UD","33040","45.8923","13.3462","24","3.5","369","346","715","28","32","60","397","378","775","7.7"
"30136","Zuglio","FRIULI-VENEZIA GIULIA","Udine","UD","33020","46.4682","12.9905","429","8.3","293","293","586","10","10","20","303","303","606","3.3"
"30137","Forgaria nel Friuli","FRIULI-VENEZIA GIULIA","Udine","UD","33030","46.2249","12.9652","270","29.2","885","866","1751","49","26","75","934","892","1826","4.1"
"30138","Campolongo Tapogliano","FRIULI-VENEZIA GIULIA","Udine","UD","33040","45.8659","13.4014","16","10.9","582","571","1153","31","26","57","613","597","1210","4.7"
"31001","Capriva del Friuli","FRIULI-VENEZIA GIULIA","Gorizia","GO","34070","45.9421","13.5144","49","6.2","871","813","1684","25","22","47","896","835","1731","2.7"
"31002","Cormons","FRIULI-VENEZIA GIULIA","Gorizia","GO","34071","45.9603","13.4695","56","34.6","3789","3397","7186","195","162","357","3984","3559","7543","4.7"
"31003","Doberdò del Lago","FRIULI-VENEZIA GIULIA","Gorizia","GO","34070","45.8433","13.5408","92","26.9","716","699","1415","12","14","26","728","713","1441","1.8"
"31004","Dolegna del Collio","FRIULI-VENEZIA GIULIA","Gorizia","GO","34070","46.0315","13.4793","90","12.5","183","195","378","7","5","12","190","200","390","3.1"
"31005","Farra d'Isonzo","FRIULI-VENEZIA GIULIA","Gorizia","GO","34072","45.9118","13.5181","46","10.1","857","852","1709","26","17","43","883","869","1752","2.5"
"31006","Fogliano Redipuglia","FRIULI-VENEZIA GIULIA","Gorizia","GO","34070","45.8633","13.4824","23","7.8","1505","1434","2939","72","41","113","1577","1475","3052","3.7"
"31007","Gorizia","FRIULI-VENEZIA GIULIA","Gorizia","GO","34170","45.9402","13.6202","84","41.1","16988","15318","32306","1481","1425","2906","18469","16743","35212","8.3"
"31008","Gradisca d'Isonzo","FRIULI-VENEZIA GIULIA","Gorizia","GO","34072","45.8924","13.5002","32","10.8","3263","2971","6234","160","134","294","3423","3105","6528","4.5"
"31009","Grado","FRIULI-VENEZIA GIULIA","Gorizia","GO","34073","45.6818","13.3864","2","114.1","4167","3887","8054","229","179","408","4396","4066","8462","4.8"
"31010","Mariano del Friuli","FRIULI-VENEZIA GIULIA","Gorizia","GO","34070","45.9178","13.4579","32","8.4","774","758","1532","40","28","68","814","786","1600","4.3"
"31011","Medea","FRIULI-VENEZIA GIULIA","Gorizia","GO","34076","45.9183","13.4166","30","7.3","473","459","932","22","16","38","495","475","970","3.9"
"31012","Monfalcone","FRIULI-VENEZIA GIULIA","Gorizia","GO","34074","45.805","13.5332","7","20.5","12028","11042","23070","1749","2222","3971","13777","13264","27041","14.7"
"31013","Moraro","FRIULI-VENEZIA GIULIA","Gorizia","GO","34070","45.9293","13.499","44","3.5","382","352","734","20","13","33","402","365","767","4.3"
"31014","Mossa","FRIULI-VENEZIA GIULIA","Gorizia","GO","34070","45.9388","13.5498","59","6.1","839","778","1617","24","18","42","863","796","1659","2.5"
"31015","Romans d'Isonzo","FRIULI-VENEZIA GIULIA","Gorizia","GO","34076","45.8875","13.4404","23","15.4","1869","1752","3621","43","38","81","1912","1790","3702","2.2"
"31016","Ronchi dei Legionari","FRIULI-VENEZIA GIULIA","Gorizia","GO","34077","45.8272","13.4719","11","17.0","5866","5475","11341","327","292","619","6193","5767","11960","5.2"
"31017","Sagrado","FRIULI-VENEZIA GIULIA","Gorizia","GO","34078","45.8777","13.4855","32","14.1","1092","1052","2144","53","39","92","1145","1091","2236","4.1"
"31018","San Canzian d'Isonzo","FRIULI-VENEZIA GIULIA","Gorizia","GO","34075","45.7989","13.4639","8","33.6","3071","2991","6062","129","118","247","3200","3109","6309","3.9"
"31019","San Floriano del Collio","FRIULI-VENEZIA GIULIA","Gorizia","GO","34070","45.9704","13.5798","276","10.6","389","401","790","6","2","8","395","403","798","1.0"
"31020","San Lorenzo Isontino","FRIULI-VENEZIA GIULIA","Gorizia","GO","34070","45.9291","13.5227","54","4.4","763","761","1524","15","9","24","778","770","1548","1.6"
"31021","San Pier d'Isonzo","FRIULI-VENEZIA GIULIA","Gorizia","GO","34070","45.8476","13.4564","18","9.1","967","988","1955","38","26","64","1005","1014","2019","3.2"
"31022","Savogna d'Isonzo","FRIULI-VENEZIA GIULIA","Gorizia","GO","34070","45.9027","13.572","49","16.4","840","835","1675","20","32","52","860","867","1727","3.0"
"31023","Staranzano","FRIULI-VENEZIA GIULIA","Gorizia","GO","34079","45.8064","13.5021","7","18.7","3500","3406","6906","165","128","293","3665","3534","7199","4.1"
"31024","Turriaco","FRIULI-VENEZIA GIULIA","Gorizia","GO","34070","45.8212","13.4448","12","5.3","1344","1307","2651","66","63","129","1410","1370","2780","4.6"
"31025","Villesse","FRIULI-VENEZIA GIULIA","Gorizia","GO","34070","45.8616","13.4377","18","11.8","821","848","1669","32","16","48","853","864","1717","2.8"
"32001","Duino-Aurisina","FRIULI-VENEZIA GIULIA","Trieste","TS","34011","45.7734","13.6426","144","45.2","4346","4018","8364","137","85","222","4483","4103","8586","2.6"
"32002","Monrupino","FRIULI-VENEZIA GIULIA","Trieste","TS","34016","45.7221","13.7929","418","12.7","434","421","855","14","12","26","448","433","881","3.0"
"32003","Muggia","FRIULI-VENEZIA GIULIA","Trieste","TS","34015","45.6032","13.7668","3","13.7","6573","6199","12772","151","99","250","6724","6298","13022","1.9"
"32004","San Dorligo della Valle - Dolina","FRIULI-VENEZIA GIULIA","Trieste","TS","34018","45.6027","13.855","106","24.5","2971","2841","5812","39","61","100","3010","2902","5912","1.7"
"32005","Sgonico","FRIULI-VENEZIA GIULIA","Trieste","TS","34010","45.7367","13.749","278","31.3","1038","1004","2042","23","12","35","1061","1016","2077","1.7"
"32006","Trieste","FRIULI-VENEZIA GIULIA","Trieste","TS","34100","45.6495","13.778","2","84.5","99056","87129","186185","8264","7674","15938","107320","94803","202123","7.9"
"33001","Agazzano","EMILIA-ROMAGNA","Piacenza","PC","29010","44.9476","9.52197","187","35.9","903","877","1780","154","136","290","1057","1013","2070","14.0"
"33002","Alseno","EMILIA-ROMAGNA","Piacenza","PC","29010","44.8966","9.96716","81","55.5","2205","2101","4306","246","271","517","2451","2372","4823","10.7"
"33003","Besenzone","EMILIA-ROMAGNA","Piacenza","PC","29010","44.9866","9.9527","48","23.9","425","431","856","51","69","120","476","500","976","12.3"
"33004","Bettola","EMILIA-ROMAGNA","Piacenza","PC","29021","44.7763","9.60552","329","122.9","1352","1383","2735","151","113","264","1503","1496","2999","8.8"
"33005","Bobbio","EMILIA-ROMAGNA","Piacenza","PC","29022","44.7701","9.38595","272","106.5","1725","1616","3341","219","151","370","1944","1767","3711","10.0"
"33006","Borgonovo Val Tidone","EMILIA-ROMAGNA","Piacenza","PC","29011","45.0158","9.44467","114","51.7","3214","3061","6275","686","670","1356","3900","3731","7631","17.8"
"33007","Cadeo","EMILIA-ROMAGNA","Piacenza","PC","29010","44.9744","9.83108","65","38.6","2681","2603","5284","387","381","768","3068","2984","6052","12.7"
"33008","Calendasco","EMILIA-ROMAGNA","Piacenza","PC","29010","45.0879","9.5936","55","37.3","1105","1138","2243","97","108","205","1202","1246","2448","8.4"
"33009","Caminata","EMILIA-ROMAGNA","Piacenza","PC","29010","44.7671","9.30049","364","3.2","137","129","266","7","3","10","144","132","276","3.6"
"33010","Caorso","EMILIA-ROMAGNA","Piacenza","PC","29012","45.0527","9.84973","42","41.0","2165","2111","4276","278","276","554","2443","2387","4830","11.5"
"33011","Carpaneto Piacentino","EMILIA-ROMAGNA","Piacenza","PC","29013","44.9137","9.78807","114","63.2","3455","3434","6889","321","327","648","3776","3761","7537","8.6"
"33012","Castell'Arquato","EMILIA-ROMAGNA","Piacenza","PC","29014","44.8534","9.87047","224","52.2","2209","2134","4343","199","170","369","2408","2304","4712","7.8"
"33013","Castel San Giovanni","EMILIA-ROMAGNA","Piacenza","PC","29015","45.0571","9.43714","74","44.7","5636","5313","10949","1351","1329","2680","6987","6642","13629","19.7"
"33014","Castelvetro Piacentino","EMILIA-ROMAGNA","Piacenza","PC","29010","45.0945","9.99091","39","35.1","2629","2433","5062","264","258","522","2893","2691","5584","9.3"
"33015","Cerignale","EMILIA-ROMAGNA","Piacenza","PC","29020","44.6772","9.35095","725","31.5","63","90","153","1","1","2","64","91","155","1.3"
"33016","Coli","EMILIA-ROMAGNA","Piacenza","PC","29020","44.7449","9.41462","638","72.1","441","472","913","30","12","42","471","484","955","4.4"
"33017","Corte Brugnatella","EMILIA-ROMAGNA","Piacenza","PC","29020","44.723","9.35261","350","46.3","336","312","648","19","4","23","355","316","671","3.4"
"33018","Cortemaggiore","EMILIA-ROMAGNA","Piacenza","PC","29016","44.9937","9.93025","52","36.8","1943","1887","3830","305","321","626","2248","2208","4456","14.0"
"33019","Farini","EMILIA-ROMAGNA","Piacenza","PC","29023","44.7132","9.56882","424","112.2","710","699","1409","32","14","46","742","713","1455","3.2"
"33020","Ferriere","EMILIA-ROMAGNA","Piacenza","PC","29024","44.6439","9.49796","626","179.6","655","720","1375","34","16","50","689","736","1425","3.5"
"33021","Fiorenzuola d'Arda","EMILIA-ROMAGNA","Piacenza","PC","29017","44.9278","9.91315","80","59.7","6606","6022","12628","1116","1142","2258","7722","7164","14886","15.2"
"33022","Gazzola","EMILIA-ROMAGNA","Piacenza","PC","29010","44.9588","9.54782","139","44.1","900","970","1870","75","54","129","975","1024","1999","6.5"
"33023","Gossolengo","EMILIA-ROMAGNA","Piacenza","PC","29020","45.0038","9.61559","86","31.5","2596","2561","5157","151","123","274","2747","2684","5431","5.0"
"33024","Gragnano Trebbiense","EMILIA-ROMAGNA","Piacenza","PC","29010","45.0163","9.56781","82","34.6","1983","1904","3887","269","230","499","2252","2134","4386","11.4"
"33025","Gropparello","EMILIA-ROMAGNA","Piacenza","PC","29025","44.8317","9.72964","355","56.3","1086","1086","2172","81","71","152","1167","1157","2324","6.5"
"33026","Lugagnano Val d'Arda","EMILIA-ROMAGNA","Piacenza","PC","29018","44.8235","9.82808","229","54.4","1943","1862","3805","186","164","350","2129","2026","4155","8.4"
"33027","Monticelli d'Ongina","EMILIA-ROMAGNA","Piacenza","PC","29010","45.0915","9.92966","40","46.4","2542","2389","4931","253","244","497","2795","2633","5428","9.2"
"33028","Morfasso","EMILIA-ROMAGNA","Piacenza","PC","29020","44.723","9.70162","631","83.8","524","535","1059","31","15","46","555","550","1105","4.2"
"33029","Nibbiano","EMILIA-ROMAGNA","Piacenza","PC","29010","44.9057","9.33109","284","44.0","997","1032","2029","127","107","234","1124","1139","2263","10.3"
"33030","Ottone","EMILIA-ROMAGNA","Piacenza","PC","29026","44.6241","9.3315","510","98.4","244","282","526","30","14","44","274","296","570","7.7"
"33031","Pecorara","EMILIA-ROMAGNA","Piacenza","PC","29010","44.8747","9.38444","481","53.7","360","400","760","32","18","50","392","418","810","6.2"
"33032","Piacenza","EMILIA-ROMAGNA","Piacenza","PC","29100","45.0474","9.68658","61","118.5","45014","39823","84837","7995","7479","15474","53009","47302","100311","15.4"
"33033","Pianello Val Tidone","EMILIA-ROMAGNA","Piacenza","PC","29010","44.9458","9.40697","192","36.4","1004","988","1992","159","139","298","1163","1127","2290","13.0"
"33034","Piozzano","EMILIA-ROMAGNA","Piacenza","PC","29010","44.9255","9.49576","222","43.6","285","334","619","9","14","23","294","348","642","3.6"
"33035","Podenzano","EMILIA-ROMAGNA","Piacenza","PC","29027","44.9568","9.68126","118","44.6","4189","4155","8344","349","297","646","4538","4452","8990","7.2"
"33036","Ponte dell'Olio","EMILIA-ROMAGNA","Piacenza","PC","29028","44.8708","9.64133","216","44.0","2328","2187","4515","212","209","421","2540","2396","4936","8.5"
"33037","Pontenure","EMILIA-ROMAGNA","Piacenza","PC","29010","44.9975","9.7923","65","33.8","2850","2694","5544","404","425","829","3254","3119","6373","13.0"
"33038","Rivergaro","EMILIA-ROMAGNA","Piacenza","PC","29029","44.9114","9.5978","140","43.8","3202","3084","6286","305","262","567","3507","3346","6853","8.3"
"33039","Rottofreno","EMILIA-ROMAGNA","Piacenza","PC","29010","45.0579","9.55012","65","34.5","5255","5022","10277","688","676","1364","5943","5698","11641","11.7"
"33040","San Giorgio Piacentino","EMILIA-ROMAGNA","Piacenza","PC","29019","44.9567","9.73866","103","49.1","2706","2649","5355","241","222","463","2947","2871","5818","8.0"
"33041","San Pietro in Cerro","EMILIA-ROMAGNA","Piacenza","PC","29010","45.0214","9.94841","44","27.5","422","436","858","34","34","68","456","470","926","7.3"
"33042","Sarmato","EMILIA-ROMAGNA","Piacenza","PC","29010","45.0597","9.49144","74","27.0","1222","1196","2418","256","245","501","1478","1441","2919","17.2"
"33043","Travo","EMILIA-ROMAGNA","Piacenza","PC","29020","44.8614","9.54384","176","80.4","943","943","1886","69","38","107","1012","981","1993","5.4"
"33044","Vernasca","EMILIA-ROMAGNA","Piacenza","PC","29010","44.7997","9.83132","420","72.7","1065","1055","2120","75","46","121","1140","1101","2241","5.4"
"33045","Vigolzone","EMILIA-ROMAGNA","Piacenza","PC","29020","44.9185","9.66993","165","42.4","1988","1896","3884","205","179","384","2193","2075","4268","9.0"
"33046","Villanova sull'Arda","EMILIA-ROMAGNA","Piacenza","PC","29010","45.0256","9.9998","42","36.5","847","799","1646","139","151","290","986","950","1936","15.0"
"33047","Zerba","EMILIA-ROMAGNA","Piacenza","PC","29020","44.665","9.28932","906","25.1","40","50","90","1","1","2","41","51","92","2.2"
"33048","Ziano Piacentino","EMILIA-ROMAGNA","Piacenza","PC","29010","45.0021","9.40194","220","32.9","1144","1132","2276","180","179","359","1324","1311","2635","13.6"
"34001","Albareto","EMILIA-ROMAGNA","Parma","PR","43051","44.4455","9.69957","512","104.0","1069","1029","2098","45","22","67","1114","1051","2165","3.1"
"34002","Bardi","EMILIA-ROMAGNA","Parma","PR","43032","44.6337","9.73137","625","189.5","1093","1078","2171","93","73","166","1186","1151","2337","7.1"
"34003","Bedonia","EMILIA-ROMAGNA","Parma","PR","43041","44.5093","9.6327","500","167.8","1696","1682","3378","120","119","239","1816","1801","3617","6.6"
"34004","Berceto","EMILIA-ROMAGNA","Parma","PR","43042","44.5143","9.99005","808","131.6","963","1014","1977","89","78","167","1052","1092","2144","7.8"
"34005","Bore","EMILIA-ROMAGNA","Parma","PR","43030","44.7178","9.79187","835","43.2","372","399","771","20","8","28","392","407","799","3.5"
"34006","Borgo Val di Taro","EMILIA-ROMAGNA","Parma","PR","43043","44.49","9.76824","411","152.3","3425","3235","6660","323","292","615","3748","3527","7275","8.5"
"34007","Busseto","EMILIA-ROMAGNA","Parma","PR","43011","44.979","10.0391","40","76.4","3076","2963","6039","450","554","1004","3526","3517","7043","14.3"
"34008","Calestano","EMILIA-ROMAGNA","Parma","PR","43030","44.5978","10.122","417","57.2","818","871","1689","158","186","344","976","1057","2033","16.9"
"34009","Collecchio","EMILIA-ROMAGNA","Parma","PR","43044","44.752","10.2164","112","58.8","6493","6250","12743","639","511","1150","7132","6761","13893","8.3"
"34010","Colorno","EMILIA-ROMAGNA","Parma","PR","43052","44.9319","10.3777","29","48.7","3857","3614","7471","684","765","1449","4541","4379","8920","16.2"
"34011","Compiano","EMILIA-ROMAGNA","Parma","PR","43053","44.4965","9.66144","519","37.2","542","532","1074","24","24","48","566","556","1122","4.3"
"34012","Corniglio","EMILIA-ROMAGNA","Parma","PR","43021","44.4771","10.0855","690","166.1","955","963","1918","49","30","79","1004","993","1997","4.0"
"34013","Felino","EMILIA-ROMAGNA","Parma","PR","43035","44.6936","10.242","185","38.3","4007","3820","7827","393","401","794","4400","4221","8621","9.2"
"34014","Fidenza","EMILIA-ROMAGNA","Parma","PR","43036","44.8663","10.0616","75","95.2","11901","10872","22773","1455","1293","2748","13356","12165","25521","10.8"
"34015","Fontanellato","EMILIA-ROMAGNA","Parma","PR","43012","44.8809","10.172","45","53.9","3104","3067","6171","390","402","792","3494","3469","6963","11.4"
"34016","Fontevivo","EMILIA-ROMAGNA","Parma","PR","43010","44.8554","10.1762","53","25.9","2419","2343","4762","327","339","666","2746","2682","5428","12.3"
"34017","Fornovo di Taro","EMILIA-ROMAGNA","Parma","PR","43045","44.696","10.1059","158","57.7","2656","2549","5205","518","469","987","3174","3018","6192","15.9"
"34018","Langhirano","EMILIA-ROMAGNA","Parma","PR","43013","44.6146","10.2687","265","70.8","4124","4015","8139","823","822","1645","4947","4837","9784","16.8"
"34019","Lesignano de' Bagni","EMILIA-ROMAGNA","Parma","PR","43037","44.643","10.2994","252","47.5","2182","2195","4377","210","172","382","2392","2367","4759","8.0"
"34020","Medesano","EMILIA-ROMAGNA","Parma","PR","43014","44.7563","10.1407","136","88.8","4790","4708","9498","620","545","1165","5410","5253","10663","10.9"
"34021","Mezzani","EMILIA-ROMAGNA","Parma","PR","43055","44.9219","10.4419","27","28.7","1481","1455","2936","222","224","446","1703","1679","3382","13.2"
"34022","Monchio delle Corti","EMILIA-ROMAGNA","Parma","PR","43010","44.4145","10.1224","820","69.1","463","490","953","21","11","32","484","501","985","3.2"
"34023","Montechiarugolo","EMILIA-ROMAGNA","Parma","PR","43022","44.6933","10.4207","128","48.0","4867","4782","9649","411","422","833","5278","5204","10482","7.9"
"34024","Neviano degli Arduini","EMILIA-ROMAGNA","Parma","PR","43024","44.5834","10.3165","517","105.9","1696","1660","3356","166","169","335","1862","1829","3691","9.1"
"34025","Noceto","EMILIA-ROMAGNA","Parma","PR","43015","44.8092","10.1791","76","79.6","5775","5557","11332","707","666","1373","6482","6223","12705","10.8"
"34026","Palanzano","EMILIA-ROMAGNA","Parma","PR","43025","44.4368","10.1983","691","70.3","533","530","1063","57","45","102","590","575","1165","8.8"
"34027","Parma","EMILIA-ROMAGNA","Parma","PR","43100","44.7993","10.3382","57","260.8","82114","73595","155709","11312","8874","20186","93426","82469","175895","11.5"
"34028","Pellegrino Parmense","EMILIA-ROMAGNA","Parma","PR","43047","44.7344","9.92569","410","82.4","494","518","1012","36","18","54","530","536","1066","5.1"
"34029","Polesine Parmense","EMILIA-ROMAGNA","Parma","PR","43010","45.02","10.088","36","25.0","646","636","1282","114","111","225","760","747","1507","14.9"
"34030","Roccabianca","EMILIA-ROMAGNA","Parma","PR","43010","45.0067","10.2166","32","40.2","1390","1346","2736","169","164","333","1559","1510","3069","10.9"
"34031","Sala Baganza","EMILIA-ROMAGNA","Parma","PR","43038","44.7143","10.2251","162","30.9","2437","2404","4841","255","296","551","2692","2700","5392","10.2"
"34032","Salsomaggiore Terme","EMILIA-ROMAGNA","Parma","PR","43039","44.8183","9.98251","157","81.7","8949","8455","17404","1123","978","2101","10072","9433","19505","10.8"
"34033","San Secondo Parmense","EMILIA-ROMAGNA","Parma","PR","43017","44.9228","10.2287","38","38.2","2498","2444","4942","304","273","577","2802","2717","5519","10.5"
"34034","Sissa","EMILIA-ROMAGNA","Parma","PR","43018","44.9621","10.2657","32","42.9","1923","1862","3785","240","234","474","2163","2096","4259","11.1"
"34035","Solignano","EMILIA-ROMAGNA","Parma","PR","43040","44.6154","9.9791","232","73.6","781","864","1645","90","74","164","871","938","1809","9.1"
"34036","Soragna","EMILIA-ROMAGNA","Parma","PR","43019","44.9273","10.1267","47","45.4","2115","2154","4269","302","301","603","2417","2455","4872","12.4"
"34037","Sorbolo","EMILIA-ROMAGNA","Parma","PR","43058","44.8493","10.4498","34","39.6","4445","4324","8769","438","395","833","4883","4719","9602","8.7"
"34038","Terenzo","EMILIA-ROMAGNA","Parma","PR","43040","44.6103","10.0901","541","72.3","516","581","1097","44","54","98","560","635","1195","8.2"
"34039","Tizzano Val Parma","EMILIA-ROMAGNA","Parma","PR","43028","44.5239","10.2009","814","78.2","929","928","1857","128","128","256","1057","1056","2113","12.1"
"34040","Tornolo","EMILIA-ROMAGNA","Parma","PR","43059","44.4446","9.51173","620","69.3","527","540","1067","23","12","35","550","552","1102","3.2"
"34041","Torrile","EMILIA-ROMAGNA","Parma","PR","43056","44.922","10.3269","32","37.3","3351","3324","6675","389","394","783","3740","3718","7458","10.5"
"34042","Traversetolo","EMILIA-ROMAGNA","Parma","PR","43029","44.6392","10.3818","176","54.6","4178","4018","8196","561","518","1079","4739","4536","9275","11.6"
"34043","Trecasali","EMILIA-ROMAGNA","Parma","PR","43010","44.9389","10.2788","33","29.1","1694","1655","3349","201","182","383","1895","1837","3732","10.3"
"34044","Valmozzola","EMILIA-ROMAGNA","Parma","PR","43050","44.5689","9.88288","565","67.9","279","269","548","13","6","19","292","275","567","3.4"
"34045","Varano de' Melegari","EMILIA-ROMAGNA","Parma","PR","43040","44.686","10.0163","190","64.4","1256","1215","2471","115","103","218","1371","1318","2689","8.1"
"34046","Varsi","EMILIA-ROMAGNA","Parma","PR","43049","44.6613","9.84884","412","79.8","612","608","1220","40","21","61","652","629","1281","4.8"
"34048","Zibello","EMILIA-ROMAGNA","Parma","PR","43010","45.0198","10.1323","35","23.5","851","797","1648","109","84","193","960","881","1841","10.5"
"35001","Albinea","EMILIA-ROMAGNA","Reggio nell'Emilia","RE","42020","44.6199","10.6026","166","44.0","4125","4120","8245","314","196","510","4439","4316","8755","5.8"
"35002","Bagnolo in Piano","EMILIA-ROMAGNA","Reggio nell'Emilia","RE","42011","44.7638","10.6734","32","26.7","4255","4090","8345","554","487","1041","4809","4577","9386","11.1"
"35003","Baiso","EMILIA-ROMAGNA","Reggio nell'Emilia","RE","42031","44.4957","10.5996","542","75.3","1480","1574","3054","184","165","349","1664","1739","3403","10.3"
"35004","Bibbiano","EMILIA-ROMAGNA","Reggio nell'Emilia","RE","42021","44.6642","10.4736","121","28.0","4556","4472","9028","492","445","937","5048","4917","9965","9.4"
"35005","Boretto","EMILIA-ROMAGNA","Reggio nell'Emilia","RE","42022","44.9009","10.5579","23","19.2","2207","2141","4348","457","458","915","2664","2599","5263","17.4"
"35006","Brescello","EMILIA-ROMAGNA","Reggio nell'Emilia","RE","42041","44.8988","10.5181","24","24.5","2488","2420","4908","294","344","638","2782","2764","5546","11.5"
"35007","Busana","EMILIA-ROMAGNA","Reggio nell'Emilia","RE","42032","44.369","10.3241","855","30.4","613","581","1194","49","42","91","662","623","1285","7.1"
"35008","Cadelbosco di Sopra","EMILIA-ROMAGNA","Reggio nell'Emilia","RE","42023","44.7624","10.6004","33","44.2","4707","4635","9342","576","491","1067","5283","5126","10409","10.3"
"35009","Campagnola Emilia","EMILIA-ROMAGNA","Reggio nell'Emilia","RE","42012","44.8411","10.7593","22","24.7","2360","2294","4654","386","453","839","2746","2747","5493","15.3"
"35010","Campegine","EMILIA-ROMAGNA","Reggio nell'Emilia","RE","42040","44.784","10.5371","34","22.2","2222","2163","4385","368","361","729","2590","2524","5114","14.3"
"35011","Carpineti","EMILIA-ROMAGNA","Reggio nell'Emilia","RE","42033","44.4547","10.5192","562","89.5","1957","1889","3846","181","151","332","2138","2040","4178","7.9"
"35012","Casalgrande","EMILIA-ROMAGNA","Reggio nell'Emilia","RE","42013","44.588","10.7375","97","37.7","8525","8579","17104","809","722","1531","9334","9301","18635","8.2"
"35013","Casina","EMILIA-ROMAGNA","Reggio nell'Emilia","RE","42034","44.5129","10.5024","574","63.8","2110","2108","4218","169","147","316","2279","2255","4534","7.0"
"35014","Castellarano","EMILIA-ROMAGNA","Reggio nell'Emilia","RE","42014","44.5133","10.7332","149","57.5","6887","6924","13811","556","471","1027","7443","7395","14838","6.9"
"35015","Castelnovo di Sotto","EMILIA-ROMAGNA","Reggio nell'Emilia","RE","42024","44.8131","10.5623","27","34.6","3865","3689","7554","510","530","1040","4375","4219","8594","12.1"
"35016","Castelnovo ne' Monti","EMILIA-ROMAGNA","Reggio nell'Emilia","RE","42035","44.4338","10.4006","700","96.5","4840","4597","9437","562","482","1044","5402","5079","10481","10.0"
"35017","Cavriago","EMILIA-ROMAGNA","Reggio nell'Emilia","RE","42025","44.6923","10.5239","78","17.0","4585","4277","8862","434","402","836","5019","4679","9698","8.6"
"35018","Canossa","EMILIA-ROMAGNA","Reggio nell'Emilia","RE","42026","44.5932","10.4162","219","53.4","1683","1742","3425","201","159","360","1884","1901","3785","9.5"
"35019","Collagna","EMILIA-ROMAGNA","Reggio nell'Emilia","RE","42037","44.3243","10.2488","830","66.9","448","464","912","30","29","59","478","493","971","6.1"
"35020","Correggio","EMILIA-ROMAGNA","Reggio nell'Emilia","RE","42015","44.7709","10.7819","31","77.8","11223","10701","21924","1542","1359","2901","12765","12060","24825","11.7"
"35021","Fabbrico","EMILIA-ROMAGNA","Reggio nell'Emilia","RE","42042","44.8704","10.8095","25","23.0","2812","2686","5498","571","627","1198","3383","3313","6696","17.9"
"35022","Gattatico","EMILIA-ROMAGNA","Reggio nell'Emilia","RE","42043","44.7941","10.4455","40","42.4","2651","2691","5342","303","254","557","2954","2945","5899","9.4"
"35023","Gualtieri","EMILIA-ROMAGNA","Reggio nell'Emilia","RE","42044","44.9005","10.6314","22","36.1","2925","2836","5761","440","438","878","3365","3274","6639","13.2"
"35024","Guastalla","EMILIA-ROMAGNA","Reggio nell'Emilia","RE","42016","44.9212","10.6544","25","52.6","6691","6175","12866","951","969","1920","7642","7144","14786","13.0"
"35025","Ligonchio","EMILIA-ROMAGNA","Reggio nell'Emilia","RE","42039","44.3158","10.3424","949","61.6","411","403","814","27","20","47","438","423","861","5.5"
"35026","Luzzara","EMILIA-ROMAGNA","Reggio nell'Emilia","RE","42045","44.9609","10.6888","22","39.2","3645","3580","7225","908","1036","1944","4553","4616","9169","21.2"
"35027","Montecchio Emilia","EMILIA-ROMAGNA","Reggio nell'Emilia","RE","42027","44.6984","10.4485","99","24.7","4839","4556","9395","455","351","806","5294","4907","10201","7.9"
"35028","Novellara","EMILIA-ROMAGNA","Reggio nell'Emilia","RE","42017","44.8493","10.7318","24","58.2","5871","5543","11414","1004","1037","2041","6875","6580","13455","15.2"
"35029","Poviglio","EMILIA-ROMAGNA","Reggio nell'Emilia","RE","42028","44.8428","10.5411","29","43.7","3188","3050","6238","395","412","807","3583","3462","7045","11.5"
"35030","Quattro Castella","EMILIA-ROMAGNA","Reggio nell'Emilia","RE","42020","44.6364","10.4728","161","46.1","6148","5976","12124","456","329","785","6604","6305","12909","6.1"
"35031","Ramiseto","EMILIA-ROMAGNA","Reggio nell'Emilia","RE","42030","44.3992","10.2488","781","98.2","602","636","1238","28","24","52","630","660","1290","4.0"
"35032","Reggiolo","EMILIA-ROMAGNA","Reggio nell'Emilia","RE","42046","44.9178","10.8025","20","43.0","4021","3989","8010","605","602","1207","4626","4591","9217","13.1"
"35033","Reggio Emilia","EMILIA-ROMAGNA","Reggio nell'Emilia","RE","42100","44.699","10.6297","58","231.6","71611","66471","138082","12614","11386","24000","84225","77857","162082","14.8"
"35034","Rio Saliceto","EMILIA-ROMAGNA","Reggio nell'Emilia","RE","42010","44.8106","10.8044","24","22.6","2619","2598","5217","408","467","875","3027","3065","6092","14.4"
"35035","Rolo","EMILIA-ROMAGNA","Reggio nell'Emilia","RE","42047","44.8869","10.8565","21","14.0","1668","1624","3292","343","403","746","2011","2027","4038","18.5"
"35036","Rubiera","EMILIA-ROMAGNA","Reggio nell'Emilia","RE","42048","44.653","10.7806","53","25.3","6555","6378","12933","804","684","1488","7359","7062","14421","10.3"
"35037","San Martino in Rio","EMILIA-ROMAGNA","Reggio nell'Emilia","RE","42018","44.7326","10.7877","36","22.7","3520","3504","7024","390","359","749","3910","3863","7773","9.6"
"35038","San Polo d'Enza","EMILIA-ROMAGNA","Reggio nell'Emilia","RE","42020","44.6259","10.4219","166","32.6","2764","2621","5385","302","262","564","3066","2883","5949","9.5"
"35039","Sant'Ilario d'Enza","EMILIA-ROMAGNA","Reggio nell'Emilia","RE","42049","44.7607","10.4512","59","20.2","5053","4822","9875","565","499","1064","5618","5321","10939","9.7"
"35040","Scandiano","EMILIA-ROMAGNA","Reggio nell'Emilia","RE","42019","44.5982","10.6909","95","49.8","11679","11207","22886","1050","856","1906","12729","12063","24792","7.7"
"35041","Toano","EMILIA-ROMAGNA","Reggio nell'Emilia","RE","42010","44.3762","10.5625","842","67.4","1928","2054","3982","240","236","476","2168","2290","4458","10.7"
"35042","Vetto","EMILIA-ROMAGNA","Reggio nell'Emilia","RE","42020","44.4838","10.3383","447","53.3","896","911","1807","80","69","149","976","980","1956","7.6"
"35043","Vezzano sul Crostolo","EMILIA-ROMAGNA","Reggio nell'Emilia","RE","42030","44.602","10.5468","162","37.6","2011","1942","3953","155","106","261","2166","2048","4214","6.2"
"35044","Viano","EMILIA-ROMAGNA","Reggio nell'Emilia","RE","42030","44.3649","10.4667","275","45.2","1588","1614","3202","97","78","175","1685","1692","3377","5.2"
"35045","Villa Minozzo","EMILIA-ROMAGNA","Reggio nell'Emilia","RE","42030","44.3649","10.4667","680","167.9","1811","1815","3626","155","119","274","1966","1934","3900","7.0"
"36001","Bastiglia","EMILIA-ROMAGNA","Modena","MO","41030","44.7254","11.0024","27","10.5","1788","1799","3587","204","194","398","1992","1993","3985","10.0"
"36002","Bomporto","EMILIA-ROMAGNA","Modena","MO","41030","44.7284","11.0417","25","38.6","4395","4447","8842","489","430","919","4884","4877","9761","9.4"
"36003","Campogalliano","EMILIA-ROMAGNA","Modena","MO","41011","44.6918","10.8449","43","35.2","3805","3723","7528","520","466","986","4325","4189","8514","11.6"
"36004","Camposanto","EMILIA-ROMAGNA","Modena","MO","41031","44.7903","11.1368","21","22.5","1324","1368","2692","248","231","479","1572","1599","3171","15.1"
"36005","Carpi","EMILIA-ROMAGNA","Modena","MO","41012","44.7839","10.8797","26","131.1","30590","27734","58324","4579","4365","8944","35169","32099","67268","13.3"
"36006","Castelfranco Emilia","EMILIA-ROMAGNA","Modena","MO","41013","44.5951","11.0522","42","101.3","13934","13826","27760","1957","1939","3896","15891","15765","31656","12.3"
"36007","Castelnuovo Rangone","EMILIA-ROMAGNA","Modena","MO","41051","44.549","10.9394","76","22.4","6327","6292","12619","725","772","1497","7052","7064","14116","10.6"
"36008","Castelvetro di Modena","EMILIA-ROMAGNA","Modena","MO","41014","44.5042","10.9458","152","49.5","4974","4903","9877","543","592","1135","5517","5495","11012","10.3"
"36009","Cavezzo","EMILIA-ROMAGNA","Modena","MO","41032","44.8409","11.0244","24","26.8","3258","3031","6289","449","458","907","3707","3489","7196","12.6"
"36010","Concordia sulla Secchia","EMILIA-ROMAGNA","Modena","MO","41033","44.912","10.9826","22","41.2","3997","3766","7763","588","617","1205","4585","4383","8968","13.4"
"36011","Fanano","EMILIA-ROMAGNA","Modena","MO","41021","44.208","10.797","640","89.9","1391","1339","2730","171","127","298","1562","1466","3028","9.8"
"36012","Finale Emilia","EMILIA-ROMAGNA","Modena","MO","41034","44.8325","11.2912","15","104.4","7165","6707","13872","962","879","1841","8127","7586","15713","11.7"
"36013","Fiorano Modenese","EMILIA-ROMAGNA","Modena","MO","41042","44.5391","10.8099","115","26.3","7842","7728","15570","689","686","1375","8531","8414","16945","8.1"
"36014","Fiumalbo","EMILIA-ROMAGNA","Modena","MO","41022","44.1779","10.6495","953","39.3","618","619","1237","43","24","67","661","643","1304","5.1"
"36015","Formigine","EMILIA-ROMAGNA","Modena","MO","41043","44.5728","10.8478","82","46.8","15880","15679","31559","1139","969","2108","17019","16648","33667","6.3"
"36016","Frassinoro","EMILIA-ROMAGNA","Modena","MO","41044","44.2968","10.573","1.131","95.9","962","924","1886","71","40","111","1033","964","1997","5.6"
"36017","Guiglia","EMILIA-ROMAGNA","Modena","MO","41052","44.4265","10.9579","490","48.9","1751","1814","3565","233","201","434","1984","2015","3999","10.9"
"36018","Lama Mocogno","EMILIA-ROMAGNA","Modena","MO","41023","44.3085","10.7313","842","63.8","1326","1326","2652","115","77","192","1441","1403","2844","6.8"
"36019","Maranello","EMILIA-ROMAGNA","Modena","MO","41053","44.5263","10.8667","137","32.7","7757","7622","15379","681","562","1243","8438","8184","16622","7.5"
"36020","Marano sul Panaro","EMILIA-ROMAGNA","Modena","MO","41054","44.4562","10.9645","142","45.1","2132","2159","4291","263","233","496","2395","2392","4787","10.4"
"36021","Medolla","EMILIA-ROMAGNA","Modena","MO","41036","44.849","11.0738","22","26.8","2915","2823","5738","337","247","584","3252","3070","6322","9.2"
"36022","Mirandola","EMILIA-ROMAGNA","Modena","MO","41037","44.8864","11.0633","18","137.0","10669","9859","20528","1815","1617","3432","12484","11476","23960","14.3"
"36023","Modena","EMILIA-ROMAGNA","Modena","MO","41100","44.6488","10.9201","34","183.2","81215","73768","154983","12960","11206","24166","94175","84974","179149","13.5"
"36024","Montecreto","EMILIA-ROMAGNA","Modena","MO","41025","44.2489","10.7191","864","31.1","440","461","901","50","49","99","490","510","1000","9.9"
"36025","Montefiorino","EMILIA-ROMAGNA","Modena","MO","41045","44.357","10.6219","797","45.3","1052","1090","2142","67","44","111","1119","1134","2253","4.9"
"36026","Montese","EMILIA-ROMAGNA","Modena","MO","41055","44.2693","10.9392","841","80.7","1507","1511","3018","172","167","339","1679","1678","3357","10.1"
"36027","Nonantola","EMILIA-ROMAGNA","Modena","MO","41015","44.6789","11.0412","24","54.8","6993","6714","13707","792","680","1472","7785","7394","15179","9.7"
"36028","Novi di Modena","EMILIA-ROMAGNA","Modena","MO","41016","44.8922","10.898","21","51.7","4712","4599","9311","803","858","1661","5515","5457","10972","15.1"
"36029","Palagano","EMILIA-ROMAGNA","Modena","MO","41046","44.3226","10.6482","703","60.4","1072","1005","2077","147","130","277","1219","1135","2354","11.8"
"36030","Pavullo nel Frignano","EMILIA-ROMAGNA","Modena","MO","41026","44.3366","10.8336","682","144.0","7789","7538","15327","1008","863","1871","8797","8401","17198","10.9"
"36031","Pievepelago","EMILIA-ROMAGNA","Modena","MO","41027","44.2061","10.6169","781","76.4","1010","1009","2019","124","98","222","1134","1107","2241","9.9"
"36032","Polinago","EMILIA-ROMAGNA","Modena","MO","41040","44.3453","10.724","810","53.8","770","809","1579","88","75","163","858","884","1742","9.4"
"36033","Prignano sulla Secchia","EMILIA-ROMAGNA","Modena","MO","41048","44.439","10.6923","557","80.4","1745","1780","3525","136","112","248","1881","1892","3773","6.6"
"36034","Ravarino","EMILIA-ROMAGNA","Modena","MO","41017","44.7232","11.1018","23","28.4","2759","2695","5454","350","361","711","3109","3056","6165","11.5"
"36035","Riolunato","EMILIA-ROMAGNA","Modena","MO","41020","44.231","10.6531","716","45.1","338","368","706","31","22","53","369","390","759","7.0"
"36036","San Cesario sul Panaro","EMILIA-ROMAGNA","Modena","MO","41018","44.5621","11.0348","54","27.2","2835","2804","5639","273","205","478","3108","3009","6117","7.8"
"36037","San Felice sul Panaro","EMILIA-ROMAGNA","Modena","MO","41038","44.8459","11.1403","19","51.5","4951","4645","9596","721","709","1430","5672","5354","11026","13.0"
"36038","San Possidonio","EMILIA-ROMAGNA","Modena","MO","41039","44.8918","10.9949","20","17.0","1613","1481","3094","276","251","527","1889","1732","3621","14.6"
"36039","San Prospero","EMILIA-ROMAGNA","Modena","MO","41030","44.7883","11.0187","22","34.4","2591","2683","5274","295","272","567","2886","2955","5841","9.7"
"36040","Sassuolo","EMILIA-ROMAGNA","Modena","MO","41049","44.5443","10.7848","121","38.6","18132","16906","35038","2493","2354","4847","20625","19260","39885","12.2"
"36041","Savignano sul Panaro","EMILIA-ROMAGNA","Modena","MO","41056","44.4796","11.0375","102","25.2","4093","3978","8071","614","591","1205","4707","4569","9276","13.0"
"36042","Serramazzoni","EMILIA-ROMAGNA","Modena","MO","41028","44.4227","10.7897","791","93.3","3503","3643","7146","468","400","868","3971","4043","8014","10.8"
"36043","Sestola","EMILIA-ROMAGNA","Modena","MO","41029","44.2301","10.7702","1.020","52.4","1232","1207","2439","97","66","163","1329","1273","2602","6.3"
"36044","Soliera","EMILIA-ROMAGNA","Modena","MO","41019","44.7396","10.9231","28","50.9","7005","6821","13826","661","574","1235","7666","7395","15061","8.2"
"36045","Spilamberto","EMILIA-ROMAGNA","Modena","MO","41057","44.5318","11.0204","69","29.2","5188","5095","10283","876","971","1847","6064","6066","12130","15.2"
"36046","Vignola","EMILIA-ROMAGNA","Modena","MO","41058","44.4836","11.0131","125","22.7","10835","9903","20738","1769","1837","3606","12604","11740","24344","14.8"
"36047","Zocca","EMILIA-ROMAGNA","Modena","MO","41059","44.3448","10.9938","758","69.0","2082","2086","4168","354","361","715","2436","2447","4883","14.6"
"37001","Anzola dell'Emilia","EMILIA-ROMAGNA","Bologna","BO","40011","44.5462","11.1927","38","36.6","5347","5362","10709","620","522","1142","5967","5884","11851","9.6"
"37002","Argelato","EMILIA-ROMAGNA","Bologna","BO","40050","44.6448","11.3447","25","35.2","4573","4439","9012","347","297","644","4920","4736","9656","6.7"
"37003","Baricella","EMILIA-ROMAGNA","Bologna","BO","40052","44.6452","11.5312","11","45.6","3050","2966","6016","409","338","747","3459","3304","6763","11.0"
"37004","Bazzano","EMILIA-ROMAGNA","Bologna","BO","40053","44.5043","11.08","93","14.0","2976","2807","5783","472","468","940","3448","3275","6723","14.0"
"37005","Bentivoglio","EMILIA-ROMAGNA","Bologna","BO","40010","44.6359","11.4168","19","51.0","2515","2442","4957","206","195","401","2721","2637","5358","7.5"
"37006","Bologna","EMILIA-ROMAGNA","Bologna","BO","40100","44.4949","11.3426","54","140.7","174769","152545","327314","24146","19877","44023","198915","172422","371337","11.9"
"37007","Borgo Tossignano","EMILIA-ROMAGNA","Bologna","BO","40021","44.2801","11.5882","102","29.1","1473","1450","2923","200","179","379","1673","1629","3302","11.5"
"37008","Budrio","EMILIA-ROMAGNA","Bologna","BO","40054","44.5389","11.536","25","120.1","8465","8095","16560","823","625","1448","9288","8720","18008","8.0"
"37009","Calderara di Reno","EMILIA-ROMAGNA","Bologna","BO","40012","44.5675","11.2726","30","41.3","6102","5883","11985","560","603","1163","6662","6486","13148","8.8"
"37010","Camugnano","EMILIA-ROMAGNA","Bologna","BO","40032","44.1692","11.0892","692","96.6","942","958","1900","64","36","100","1006","994","2000","5.0"
"37011","Casalecchio di Reno","EMILIA-ROMAGNA","Bologna","BO","40033","44.4782","11.2774","61","17.4","16821","15090","31911","1864","1398","3262","18685","16488","35173","9.3"
"37012","Casalfiumanese","EMILIA-ROMAGNA","Bologna","BO","40020","44.3005","11.6148","125","82.0","1594","1597","3191","149","121","270","1743","1718","3461","7.8"
"37013","Castel d'Aiano","EMILIA-ROMAGNA","Bologna","BO","40034","44.2805","11.0047","805","45.3","893","920","1813","70","68","138","963","988","1951","7.1"
"37014","Castel del Rio","EMILIA-ROMAGNA","Bologna","BO","40022","44.2132","11.5035","215","52.6","552","510","1062","91","77","168","643","587","1230","13.7"
"37015","Castel di Casio","EMILIA-ROMAGNA","Bologna","BO","40030","44.1641","11.038","533","47.5","1618","1620","3238","134","107","241","1752","1727","3479","6.9"
"37016","Castel Guelfo di Bologna","EMILIA-ROMAGNA","Bologna","BO","40023","44.4329","11.6751","32","28.6","1980","1939","3919","197","161","358","2177","2100","4277","8.4"
"37017","Castello d'Argile","EMILIA-ROMAGNA","Bologna","BO","40050","44.68","11.2953","23","29.1","2936","3022","5958","279","221","500","3215","3243","6458","7.7"
"37018","Castello di Serravalle","EMILIA-ROMAGNA","Bologna","BO","40050","44.4384","11.0313","182","39.2","2151","2236","4387","257","222","479","2408","2458","4866","9.8"
"37019","Castel Maggiore","EMILIA-ROMAGNA","Bologna","BO","40013","44.5752","11.3561","29","30.9","8417","7956","16373","660","474","1134","9077","8430","17507","6.5"
"37020","Castel San Pietro Terme","EMILIA-ROMAGNA","Bologna","BO","40024","44.3997","11.5891","75","148.5","9685","9315","19000","785","683","1468","10470","9998","20468","7.2"
"37021","Castenaso","EMILIA-ROMAGNA","Bologna","BO","40055","44.51","11.4654","42","35.7","7066","6580","13646","418","288","706","7484","6868","14352","4.9"
"37022","Castiglione dei Pepoli","EMILIA-ROMAGNA","Bologna","BO","40035","44.1445","11.1671","691","65.8","2637","2616","5253","330","287","617","2967","2903","5870","10.5"
"37023","Crespellano","EMILIA-ROMAGNA","Bologna","BO","40056","44.5144","11.1291","64","37.5","4539","4359","8898","493","438","931","5032","4797","9829","9.5"
"37024","Crevalcore","EMILIA-ROMAGNA","Bologna","BO","40014","44.72","11.1486","20","102.6","5908","5598","11506","1027","994","2021","6935","6592","13527","14.9"
"37025","Dozza","EMILIA-ROMAGNA","Bologna","BO","40060","44.3588","11.6257","190","24.2","2962","2943","5905","288","247","535","3250","3190","6440","8.3"
"37026","Fontanelice","EMILIA-ROMAGNA","Bologna","BO","40025","44.2581","11.5579","165","36.6","838","866","1704","117","106","223","955","972","1927","11.6"
"37027","Gaggio Montano","EMILIA-ROMAGNA","Bologna","BO","40041","44.1973","10.9369","682","58.7","2296","2219","4515","286","265","551","2582","2484","5066","10.9"
"37028","Galliera","EMILIA-ROMAGNA","Bologna","BO","40015","44.7483","11.3941","14","37.2","2421","2321","4742","375","345","720","2796","2666","5462","13.2"
"37029","Granaglione","EMILIA-ROMAGNA","Bologna","BO","40045","44.1167","10.9601","493","39.6","1038","1038","2076","87","69","156","1125","1107","2232","7.0"
"37030","Granarolo dell'Emilia","EMILIA-ROMAGNA","Bologna","BO","40057","44.5508","11.4465","28","34.4","5148","4985","10133","377","256","633","5525","5241","10766","5.9"
"37031","Grizzana Morandi","EMILIA-ROMAGNA","Bologna","BO","40030","44.2576","11.1526","547","77.3","1701","1836","3537","237","208","445","1938","2044","3982","11.2"
"37032","Imola","EMILIA-ROMAGNA","Bologna","BO","40026","44.36","11.7124","47","205.0","32078","30141","62219","3130","2543","5673","35208","32684","67892","8.4"
"37033","Lizzano in Belvedere","EMILIA-ROMAGNA","Bologna","BO","40042","44.1646","10.891","640","85.6","1124","1005","2129","92","88","180","1216","1093","2309","7.8"
"37034","Loiano","EMILIA-ROMAGNA","Bologna","BO","40050","44.2719","11.3176","714","52.4","1976","2020","3996","231","207","438","2207","2227","4434","9.9"
"37035","Malalbergo","EMILIA-ROMAGNA","Bologna","BO","40051","44.7179","11.5297","12","53.8","4096","4027","8123","367","281","648","4463","4308","8771","7.4"
"37036","Marzabotto","EMILIA-ROMAGNA","Bologna","BO","40043","44.3423","11.2053","130","74.6","2986","2972","5958","412","314","726","3398","3286","6684","10.9"
"37037","Medicina","EMILIA-ROMAGNA","Bologna","BO","40059","44.4798","11.638","25","159.1","7784","7499","15283","674","569","1243","8458","8068","16526","7.5"
"37038","Minerbio","EMILIA-ROMAGNA","Bologna","BO","40061","44.6268","11.4921","16","43.1","4110","3916","8026","368","280","648","4478","4196","8674","7.5"
"37039","Molinella","EMILIA-ROMAGNA","Bologna","BO","40062","44.6227","11.6696","8","128.0","7407","6909","14316","708","627","1335","8115","7536","15651","8.5"
"37040","Monghidoro","EMILIA-ROMAGNA","Bologna","BO","40063","44.2197","11.3132","841","48.2","1692","1692","3384","213","209","422","1905","1901","3806","11.1"
"37041","Monterenzio","EMILIA-ROMAGNA","Bologna","BO","40050","44.3281","11.4051","207","105.4","2651","2693","5344","276","233","509","2927","2926","5853","8.7"
"37042","Monte San Pietro","EMILIA-ROMAGNA","Bologna","BO","40050","44.4387","11.1341","112","74.7","5161","5043","10204","362","254","616","5523","5297","10820","5.7"
"37043","Monteveglio","EMILIA-ROMAGNA","Bologna","BO","40050","44.4723","11.0978","114","32.6","2420","2390","4810","253","219","472","2673","2609","5282","8.9"
"37044","Monzuno","EMILIA-ROMAGNA","Bologna","BO","40036","44.2785","11.2706","621","65.0","2775","2838","5613","266","254","520","3041","3092","6133","8.5"
"37045","Mordano","EMILIA-ROMAGNA","Bologna","BO","40027","44.3951","11.8101","21","21.5","2047","2098","4145","246","253","499","2293","2351","4644","10.7"
"37046","Ozzano dell'Emilia","EMILIA-ROMAGNA","Bologna","BO","40064","44.4482","11.4673","66","64.9","6210","6022","12232","359","279","638","6569","6301","12870","5.0"
"37047","Pianoro","EMILIA-ROMAGNA","Bologna","BO","40065","44.391","11.3412","200","107.1","8015","7751","15766","647","477","1124","8662","8228","16890","6.7"
"37048","Pieve di Cento","EMILIA-ROMAGNA","Bologna","BO","40066","44.7149","11.3041","18","15.9","3225","3141","6366","292","237","529","3517","3378","6895","7.7"
"37049","Porretta Terme","EMILIA-ROMAGNA","Bologna","BO","40046","44.1553","10.9762","349","33.9","2205","2025","4230","284","221","505","2489","2246","4735","10.7"
"37050","Sala Bolognese","EMILIA-ROMAGNA","Bologna","BO","40010","44.6192","11.2578","25","45.2","3886","3929","7815","235","195","430","4121","4124","8245","5.2"
"37051","San Benedetto Val di Sambro","EMILIA-ROMAGNA","Bologna","BO","40048","44.214","11.2364","602","66.7","1999","2060","4059","186","148","334","2185","2208","4393","7.6"
"37052","San Giorgio di Piano","EMILIA-ROMAGNA","Bologna","BO","40016","44.6464","11.3765","21","30.5","3888","3662","7550","345","306","651","4233","3968","8201","7.9"
"37053","San Giovanni in Persiceto","EMILIA-ROMAGNA","Bologna","BO","40017","44.6405","11.1893","21","114.4","12860","12149","25009","1104","879","1983","13964","13028","26992","7.3"
"37054","San Lazzaro di Savena","EMILIA-ROMAGNA","Bologna","BO","40068","44.4701","11.4095","62","44.7","15134","13950","29084","1184","823","2007","16318","14773","31091","6.5"
"37055","San Pietro in Casale","EMILIA-ROMAGNA","Bologna","BO","40018","44.7006","11.404","17","65.8","5329","5235","10564","604","568","1172","5933","5803","11736","10.0"
"37056","Sant'Agata Bolognese","EMILIA-ROMAGNA","Bologna","BO","40019","44.6648","11.1342","21","34.8","3143","3110","6253","445","442","887","3588","3552","7140","12.4"
"37057","Sasso Marconi","EMILIA-ROMAGNA","Bologna","BO","40037","44.3988","11.2482","128","96.5","7021","6652","13673","521","351","872","7542","7003","14545","6.0"
"37058","Savigno","EMILIA-ROMAGNA","Bologna","BO","40060","44.3934","11.0757","259","54.8","1241","1259","2500","131","96","227","1372","1355","2727","8.3"
"37059","Vergato","EMILIA-ROMAGNA","Bologna","BO","40038","44.2833","11.111","193","59.9","3311","3199","6510","605","527","1132","3916","3726","7642","14.8"
"37060","Zola Predosa","EMILIA-ROMAGNA","Bologna","BO","40069","44.4934","11.2116","74","37.8","8718","8275","16993","673","527","1200","9391","8802","18193","6.6"
"38001","Argenta","EMILIA-ROMAGNA","Ferrara","FE","44011","44.6171","11.8369","4","311.1","10373","9648","20021","1143","969","2112","11516","10617","22133","9.5"
"38002","Berra","EMILIA-ROMAGNA","Ferrara","FE","44033","44.98","11.9792","2","68.7","2459","2344","4803","213","144","357","2672","2488","5160","6.9"
"38003","Bondeno","EMILIA-ROMAGNA","Ferrara","FE","44012","44.8862","11.423","11","175.2","7230","6560","13790","679","647","1326","7909","7207","15116","8.8"
"38004","Cento","EMILIA-ROMAGNA","Ferrara","FE","44042","44.7315","11.2908","15","64.8","15950","15425","31375","1804","1544","3348","17754","16969","34723","9.6"
"38005","Codigoro","EMILIA-ROMAGNA","Ferrara","FE","44021","44.83","12.107","3","169.9","6121","5636","11757","358","274","632","6479","5910","12389","5.1"
"38006","Comacchio","EMILIA-ROMAGNA","Ferrara","FE","44022","44.694","12.1794"," -   ","283.8","10985","10743","21728","602","318","920","11587","11061","22648","4.1"
"38007","Copparo","EMILIA-ROMAGNA","Ferrara","FE","44034","44.8933","11.8307","5","157.0","8553","7853","16406","399","212","611","8952","8065","17017","3.6"
"38008","Ferrara","EMILIA-ROMAGNA","Ferrara","FE","44100","44.8376","11.6117","9","404.4","65207","57705","122912","5674","3959","9633","70881","61664","132545","7.3"
"38009","Formignana","EMILIA-ROMAGNA","Ferrara","FE","44035","44.8412","11.8628","3","22.4","1372","1324","2696","76","31","107","1448","1355","2803","3.8"
"38010","Jolanda di Savoia","EMILIA-ROMAGNA","Ferrara","FE","44037","44.886","11.9772","1","108.0","1471","1402","2873","73","57","130","1544","1459","3003","4.3"
"38011","Lagosanto","EMILIA-ROMAGNA","Ferrara","FE","44023","44.7655","12.1411"," -   ","34.3","2473","2306","4779","116","57","173","2589","2363","4952","3.5"
"38012","Masi Torello","EMILIA-ROMAGNA","Ferrara","FE","44020","44.7942","11.7973","3","23.0","1179","1080","2259","68","41","109","1247","1121","2368","4.6"
"38013","Massa Fiscaglia","EMILIA-ROMAGNA","Ferrara","FE","44025","44.8103","12.0118","2","57.9","1799","1684","3483","67","46","113","1866","1730","3596","3.1"
"38014","Mesola","EMILIA-ROMAGNA","Ferrara","FE","44026","44.9219","12.2298","1","84.3","3457","3375","6832","187","121","308","3644","3496","7140","4.3"
"38015","Migliarino","EMILIA-ROMAGNA","Ferrara","FE","44027","44.7709","11.9314","3","35.4","1740","1663","3403","136","156","292","1876","1819","3695","7.9"
"38016","Mirabello","EMILIA-ROMAGNA","Ferrara","FE","44043","44.8298","11.4665","14","16.1","1632","1515","3147","187","169","356","1819","1684","3503","10.2"
"38017","Ostellato","EMILIA-ROMAGNA","Ferrara","FE","44020","44.7452","11.9418","2","173.7","3120","2989","6109","199","145","344","3319","3134","6453","5.3"
"38018","Poggio Renatico","EMILIA-ROMAGNA","Ferrara","FE","44028","44.7628","11.4815","10","79.8","4499","4317","8816","452","406","858","4951","4723","9674","8.9"
"38019","Portomaggiore","EMILIA-ROMAGNA","Ferrara","FE","44015","44.6976","11.8057","3","126.4","5553","5054","10607","812","766","1578","6365","5820","12185","13.0"
"38020","Ro","EMILIA-ROMAGNA","Ferrara","FE","44030","44.9471","11.7607","5","43.1","1641","1552","3193","95","60","155","1736","1612","3348","4.6"
"38021","Sant'Agostino","EMILIA-ROMAGNA","Ferrara","FE","44047","44.7937","11.3819","19","35.2","3257","3171","6428","345","295","640","3602","3466","7068","9.1"
"38022","Vigarano Mainarda","EMILIA-ROMAGNA","Ferrara","FE","44049","44.8397","11.4997","10","42.3","3678","3452","7130","176","125","301","3854","3577","7431","4.1"
"38023","Voghiera","EMILIA-ROMAGNA","Ferrara","FE","44019","44.7576","11.7501","7","40.6","1879","1843","3722","78","47","125","1957","1890","3847","3.2"
"38024","Tresigallo","EMILIA-ROMAGNA","Ferrara","FE","44039","44.8196","11.8968","1","20.8","2246","2011","4257","179","125","304","2425","2136","4561","6.7"
"38025","Goro","EMILIA-ROMAGNA","Ferrara","FE","44020","44.8533","12.2971","1","31.4","1958","1887","3845","38","12","50","1996","1899","3895","1.3"
"38026","Migliaro","EMILIA-ROMAGNA","Ferrara","FE","44020","44.798","11.9711","2","22.5","1088","1024","2112","60","56","116","1148","1080","2228","5.2"
"39001","Alfonsine","EMILIA-ROMAGNA","Ravenna","RA","48011","44.5059","12.0431","6","106.7","5768","5327","11095","627","523","1150","6395","5850","12245","9.4"
"39002","Bagnacavallo","EMILIA-ROMAGNA","Ravenna","RA","48012","44.4197","11.9767","11","79.5","7842","7309","15151","813","751","1564","8655","8060","16715","9.4"
"39003","Bagnara di Romagna","EMILIA-ROMAGNA","Ravenna","RA","48010","44.3895","11.8248","22","10.0","1077","1075","2152","94","102","196","1171","1177","2348","8.3"
"39004","Brisighella","EMILIA-ROMAGNA","Ravenna","RA","48013","44.2218","11.769","115","194.4","3542","3484","7026","325","313","638","3867","3797","7664","8.3"
"39005","Casola Valsenio","EMILIA-ROMAGNA","Ravenna","RA","48010","44.2238","11.6238","195","84.4","1229","1289","2518","114","92","206","1343","1381","2724","7.6"
"39006","Castel Bolognese","EMILIA-ROMAGNA","Ravenna","RA","48014","44.3213","11.7954","42","32.3","4372","4153","8525","514","480","994","4886","4633","9519","10.4"
"39007","Cervia","EMILIA-ROMAGNA","Ravenna","RA","48015","44.2635","12.3477","5","82.2","13546","12342","25888","1636","1372","3008","15182","13714","28896","10.4"
"39008","Conselice","EMILIA-ROMAGNA","Ravenna","RA","48017","44.5151","11.8285","6","60.3","4327","4061","8388","717","732","1449","5044","4793","9837","14.7"
"39009","Cotignola","EMILIA-ROMAGNA","Ravenna","RA","48010","44.3835","11.9434","19","35.0","3537","3255","6792","300","292","592","3837","3547","7384","8.0"
"39010","Faenza","EMILIA-ROMAGNA","Ravenna","RA","48018","44.2899","11.8774","35","215.7","26638","24992","51630","3197","2921","6118","29835","27913","57748","10.6"
"39011","Fusignano","EMILIA-ROMAGNA","Ravenna","RA","48010","44.4669","11.964","9","24.6","3734","3541","7275","476","508","984","4210","4049","8259","11.9"
"39012","Lugo","EMILIA-ROMAGNA","Ravenna","RA","48022","44.4218","11.9117","12","116.9","15105","13840","28945","1710","1407","3117","16815","15247","32062","9.7"
"39013","Massa Lombarda","EMILIA-ROMAGNA","Ravenna","RA","48024","44.4479","11.8229","13","37.2","4535","4315","8850","812","787","1599","5347","5102","10449","15.3"
"39014","Ravenna","EMILIA-ROMAGNA","Ravenna","RA","48100","44.4184","12.2035","4","652.9","71847","66873","138720","8002","7018","15020","79849","73891","153740","9.8"
"39015","Riolo Terme","EMILIA-ROMAGNA","Ravenna","RA","48025","44.2764","11.7307","98","44.6","2636","2539","5175","305","297","602","2941","2836","5777","10.4"
"39016","Russi","EMILIA-ROMAGNA","Ravenna","RA","48026","44.373","12.0315","13","46.1","5504","5379","10883","641","559","1200","6145","5938","12083","9.9"
"39017","Sant'Agata sul Santerno","EMILIA-ROMAGNA","Ravenna","RA","48020","44.4394","11.8634","14","9.5","1258","1260","2518","164","140","304","1422","1400","2822","10.8"
"39018","Solarolo","EMILIA-ROMAGNA","Ravenna","RA","48027","44.3604","11.8435","25","26.3","2013","1933","3946","283","260","543","2296","2193","4489","12.1"
"40001","Bagno di Romagna","EMILIA-ROMAGNA","Forl","FC","47021","43.8391","11.9656","462","233.4","2930","2807","5737","223","178","401","3153","2985","6138","6.5"
"40003","Bertinoro","EMILIA-ROMAGNA","Forl","FC","47032","44.1547","12.1518","254","56.9","5061","5025","10086","400","312","712","5461","5337","10798","6.6"
"40004","Borghi","EMILIA-ROMAGNA","Forl","FC","47030","44.0316","12.3554","264","30.1","1271","1290","2561","91","66","157","1362","1356","2718","5.8"
"40005","Castrocaro Terme e Terra del Sole","EMILIA-ROMAGNA","Forl","FC","47011","44.1877","11.961","68","38.9","2939","2885","5824","372","316","688","3311","3201","6512","10.6"
"40007","Cesena","EMILIA-ROMAGNA","Forl","FC","47023","44.1396","12.2464","44","249.5","45236","42382","87618","4452","3920","8372","49688","46302","95990","8.7"
"40008","Cesenatico","EMILIA-ROMAGNA","Forl","FC","47042","44.2008","12.4049","2","45.1","11937","11330","23267","1168","977","2145","13105","12307","25412","8.4"
"40009","Civitella di Romagna","EMILIA-ROMAGNA","Forl","FC","47012","44.0066","11.9421","219","117.8","1632","1571","3203","294","295","589","1926","1866","3792","15.5"
"40011","Dovadola","EMILIA-ROMAGNA","Forl","FC","47013","44.1235","11.8845","140","38.8","770","730","1500","88","73","161","858","803","1661","9.7"
"40012","Forlì","EMILIA-ROMAGNA","Forl","FC","47100","44.2251","12.0438","34","228.2","54252","49958","104210","6284","5940","12224","60536","55898","116434","10.5"
"40013","Forlimpopoli","EMILIA-ROMAGNA","Forl","FC","47034","44.1879","12.1285","30","24.5","6044","5829","11873","574","535","1109","6618","6364","12982","8.5"
"40014","Galeata","EMILIA-ROMAGNA","Forl","FC","47010","43.9964","11.9101","237","63.0","1012","962","1974","254","288","542","1266","1250","2516","21.5"
"40015","Gambettola","EMILIA-ROMAGNA","Forl","FC","47035","44.117","12.3429","31","7.6","4664","4471","9135","588","515","1103","5252","4986","10238","10.8"
"40016","Gatteo","EMILIA-ROMAGNA","Forl","FC","47043","44.1111","12.3858","20","14.2","3979","3866","7845","535","530","1065","4514","4396","8910","12.0"
"40018","Longiano","EMILIA-ROMAGNA","Forl","FC","47020","44.0751","12.328","179","23.6","3232","3157","6389","235","213","448","3467","3370","6837","6.6"
"40019","Meldola","EMILIA-ROMAGNA","Forl","FC","47014","44.127","12.0608","58","78.8","4499","4239","8738","610","652","1262","5109","4891","10000","12.6"
"40020","Mercato Saraceno","EMILIA-ROMAGNA","Forl","FC","47025","43.9598","12.1967","134","99.8","3113","3168","6281","364","352","716","3477","3520","6997","10.2"
"40022","Modigliana","EMILIA-ROMAGNA","Forl","FC","47015","44.158","11.7909","185","101.3","2166","2159","4325","212","189","401","2378","2348","4726","8.5"
"40028","Montiano","EMILIA-ROMAGNA","Forl","FC","47020","44.0826","12.3048","159","9.3","793","767","1560","74","67","141","867","834","1701","8.3"
"40031","Portico e San Benedetto","EMILIA-ROMAGNA","Forl","FC","47010","44.0255","11.7808","309","60.6","364","358","722","25","22","47","389","380","769","6.1"
"40032","Predappio","EMILIA-ROMAGNA","Forl","FC","47016","44.0911","11.9576","133","91.6","2944","2927","5871","347","301","648","3291","3228","6519","9.9"
"40033","Premilcuore","EMILIA-ROMAGNA","Forl","FC","47010","43.9759","11.777","459","98.8","330","361","691","70","42","112","400","403","803","13.9"
"40036","Rocca San Casciano","EMILIA-ROMAGNA","Forl","FC","47017","44.0616","11.8419","210","50.2","985","908","1893","55","52","107","1040","960","2000","5.4"
"40037","Roncofreddo","EMILIA-ROMAGNA","Forl","FC","47020","44.0412","12.3168","314","51.7","1502","1548","3050","176","169","345","1678","1717","3395","10.2"
"40041","San Mauro Pascoli","EMILIA-ROMAGNA","Forl","FC","47030","44.1068","12.4143","21","17.4","4963","4841","9804","665","621","1286","5628","5462","11090","11.6"
"40043","Santa Sofia","EMILIA-ROMAGNA","Forl","FC","47018","43.9473","11.9085","257","148.6","1917","1808","3725","231","237","468","2148","2045","4193","11.2"
"40044","Sarsina","EMILIA-ROMAGNA","Forl","FC","47027","43.9197","12.1449","243","100.9","1685","1669","3354","132","116","248","1817","1785","3602","6.9"
"40045","Savignano sul Rubicone","EMILIA-ROMAGNA","Forl","FC","47039","44.0937","12.4007","32","23.2","7630","7376","15006","1220","1295","2515","8850","8671","17521","14.4"
"40046","Sogliano al Rubicone","EMILIA-ROMAGNA","Forl","FC","47030","44.0043","12.2998","379","93.4","1478","1468","2946","163","142","305","1641","1610","3251","9.4"
"40049","Tredozio","EMILIA-ROMAGNA","Forl","FC","47019","44.0861","11.7484","334","62.3","599","612","1211","33","15","48","632","627","1259","3.8"
"40050","Verghereto","EMILIA-ROMAGNA","Forl","FC","47028","43.7803","12.049","812","117.7","903","957","1860","62","52","114","965","1009","1974","5.8"
"41001","Acqualagna","MARCHE","Pesaro e Urbino","PU","61041","43.6138","12.6722","204","50.7","2079","2039","4118","205","173","378","2284","2212","4496","8.4"
"41002","Apecchio","MARCHE","Pesaro e Urbino","PU","61042","43.559","12.4201","493","103.3","931","882","1813","93","107","200","1024","989","2013","9.9"
"41003","Auditore","MARCHE","Pesaro e Urbino","PU","61020","43.822","12.5718","373","20.3","708","705","1413","101","110","211","809","815","1624","13.0"
"41004","Barchi","MARCHE","Pesaro e Urbino","PU","61040","43.6711","12.9309","319","17.2","475","472","947","31","23","54","506","495","1001","5.4"
"41005","Belforte all'Isauro","MARCHE","Pesaro e Urbino","PU","61026","43.7165","12.3762","344","12.0","345","329","674","57","57","114","402","386","788","14.5"
"41006","Borgo Pace","MARCHE","Pesaro e Urbino","PU","61040","43.6581","12.2934","469","56.0","284","288","572","39","32","71","323","320","643","11.0"
"41007","Cagli","MARCHE","Pesaro e Urbino","PU","61043","43.5441","12.6497","276","226.2","4294","4000","8294","410","309","719","4704","4309","9013","8.0"
"41008","Cantiano","MARCHE","Pesaro e Urbino","PU","61044","43.4764","12.6293","360","83.1","1135","1117","2252","67","37","104","1202","1154","2356","4.4"
"41009","Carpegna","MARCHE","Pesaro e Urbino","PU","61021","43.7832","12.3399","748","28.3","759","736","1495","91","84","175","850","820","1670","10.5"
"41010","Cartoceto","MARCHE","Pesaro e Urbino","PU","61030","43.7646","12.8833","235","23.2","3650","3659","7309","281","260","541","3931","3919","7850","6.9"
"41012","Colbordolo","MARCHE","Pesaro e Urbino","PU","61022","43.8201","12.7213","293","27.4","2652","2715","5367","424","384","808","3076","3099","6175","13.1"
"41013","Fano","MARCHE","Pesaro e Urbino","PU","61032","43.8398","13.0194","12","121.3","30100","28258","58358","2539","2004","4543","32639","30262","62901","7.2"
"41014","Fermignano","MARCHE","Pesaro e Urbino","PU","61033","43.675","12.6484","200","43.3","3768","3640","7408","600","607","1207","4368","4247","8615","14.0"
"41015","Fossombrone","MARCHE","Pesaro e Urbino","PU","61034","43.6887","12.8033","118","106.7","4495","4413","8908","500","450","950","4995","4863","9858","9.6"
"41016","Fratte Rosa","MARCHE","Pesaro e Urbino","PU","61040","43.6328","12.9011","419","15.6","452","463","915","50","52","102","502","515","1017","10.0"
"41017","Frontino","MARCHE","Pesaro e Urbino","PU","61021","43.7641","12.3754","519","10.7","132","140","272","20","21","41","152","161","313","13.1"
"41018","Frontone","MARCHE","Pesaro e Urbino","PU","61040","43.514","12.7379","412","36.0","623","569","1192","87","69","156","710","638","1348","11.6"
"41019","Gabicce Mare","MARCHE","Pesaro e Urbino","PU","61011","43.9668","12.7565","11","4.9","2685","2576","5261","349","235","584","3034","2811","5845","10.0"
"41020","Gradara","MARCHE","Pesaro e Urbino","PU","61012","43.9396","12.771","142","17.5","2208","2225","4433","177","148","325","2385","2373","4758","6.8"
"41021","Isola del Piano","MARCHE","Pesaro e Urbino","PU","61030","43.7356","12.7813","210","23.1","276","291","567","30","38","68","306","329","635","10.7"
"41022","Lunano","MARCHE","Pesaro e Urbino","PU","61026","43.7298","12.4418","297","14.6","602","600","1202","150","176","326","752","776","1528","21.3"
"41023","Macerata Feltria","MARCHE","Pesaro e Urbino","PU","61023","43.8032","12.4407","321","40.2","965","867","1832","128","112","240","1093","979","2072","11.6"
"41025","Mercatello sul Metauro","MARCHE","Pesaro e Urbino","PU","61040","43.6459","12.3352","429","68.6","682","668","1350","49","38","87","731","706","1437","6.1"
"41026","Mercatino Conca","MARCHE","Pesaro e Urbino","PU","61013","43.8696","12.4892","275","14.5","475","508","983","81","44","125","556","552","1108","11.3"
"41027","Mombaroccio","MARCHE","Pesaro e Urbino","PU","61024","43.7958","12.854","321","28.2","968","1000","1968","89","77","166","1057","1077","2134","7.8"
"41028","Mondavio","MARCHE","Pesaro e Urbino","PU","61040","43.6761","12.9701","280","29.5","1899","1854","3753","100","76","176","1999","1930","3929","4.5"
"41029","Mondolfo","MARCHE","Pesaro e Urbino","PU","61037","43.7536","13.0958","144","22.7","5333","5262","10595","552","588","1140","5885","5850","11735","9.7"
"41030","Montecalvo in Foglia","MARCHE","Pesaro e Urbino","PU","61020","43.8114","12.632","345","18.2","1216","1163","2379","175","146","321","1391","1309","2700","11.9"
"41031","Monte Cerignone","MARCHE","Pesaro e Urbino","PU","61010","43.8424","12.4122","528","18.0","312","308","620","36","22","58","348","330","678","8.6"
"41032","Monteciccardo","MARCHE","Pesaro e Urbino","PU","61024","43.8193","12.8088","384","25.9","766","775","1541","71","74","145","837","849","1686","8.6"
"41033","Montecopiolo","MARCHE","Pesaro e Urbino","PU","61014","43.8422","12.3481","915","35.7","547","579","1126","38","11","49","585","590","1175","4.2"
"41034","Montefelcino","MARCHE","Pesaro e Urbino","PU","61030","43.7382","12.8348","260","38.7","1318","1313","2631","61","34","95","1379","1347","2726","3.5"
"41035","Monte Grimano Terme","MARCHE","Pesaro e Urbino","PU","61010","43.8594","12.4495","536","24.0","478","509","987","107","72","179","585","581","1166","15.4"
"41036","Montelabbate","MARCHE","Pesaro e Urbino","PU","61025","43.8497","12.7891","65","19.6","2939","3075","6014","375","330","705","3314","3405","6719","10.5"
"41037","Montemaggiore al Metauro","MARCHE","Pesaro e Urbino","PU","61030","43.7367","12.9474","197","13.0","1343","1323","2666","73","73","146","1416","1396","2812","5.2"
"41038","Monte Porzio","MARCHE","Pesaro e Urbino","PU","61040","43.6922","13.0429","105","18.4","1280","1267","2547","137","118","255","1417","1385","2802","9.1"
"41040","Orciano di Pesaro","MARCHE","Pesaro e Urbino","PU","61038","43.6866","12.9628","264","23.8","1045","1024","2069","54","34","88","1099","1058","2157","4.1"
"41041","Peglio","MARCHE","Pesaro e Urbino","PU","61049","43.6958","12.4941","534","20.2","342","330","672","33","30","63","375","360","735","8.6"
"41043","Pergola","MARCHE","Pesaro e Urbino","PU","61045","43.563","12.8362","265","113.5","3133","2892","6025","301","229","530","3434","3121","6555","8.1"
"41044","Pesaro","MARCHE","Pesaro e Urbino","PU","61100","43.9125","12.9155","11","126.6","45170","41925","87095","4201","2941","7142","49371","44866","94237","7.6"
"41045","Petriano","MARCHE","Pesaro e Urbino","PU","61020","43.7793","12.7325","327","11.3","1134","1150","2284","257","273","530","1391","1423","2814","18.8"
"41046","Piagge","MARCHE","Pesaro e Urbino","PU","61030","43.7346","12.9695","201","8.6","486","469","955","38","25","63","524","494","1018","6.2"
"41047","Piandimeleto","MARCHE","Pesaro e Urbino","PU","61026","43.7261","12.4129","319","40.0","912","899","1811","168","167","335","1080","1066","2146","15.6"
"41048","Pietrarubbia","MARCHE","Pesaro e Urbino","PU","61023","43.8033","12.3842","572","13.1","303","297","600","46","43","89","349","340","689","12.9"
"41049","Piobbico","MARCHE","Pesaro e Urbino","PU","61046","43.5875","12.5183","339","48.2","925","906","1831","136","142","278","1061","1048","2109","13.2"
"41050","Saltara","MARCHE","Pesaro e Urbino","PU","61030","43.753","12.8963","160","10.0","3011","3039","6050","357","365","722","3368","3404","6772","10.7"
"41051","San Costanzo","MARCHE","Pesaro e Urbino","PU","61039","43.7629","13.069","150","40.7","2230","2311","4541","164","136","300","2394","2447","4841","6.2"
"41052","San Giorgio di Pesaro","MARCHE","Pesaro e Urbino","PU","61030","43.7174","12.9791","201","20.9","683","684","1367","47","34","81","730","718","1448","5.6"
"41054","San Lorenzo in Campo","MARCHE","Pesaro e Urbino","PU","61047","43.6014","12.9448","209","28.7","1686","1569","3255","139","102","241","1825","1671","3496","6.9"
"41056","Sant'Angelo in Lizzola","MARCHE","Pesaro e Urbino","PU","61020","43.8269","12.8016","280","11.8","3880","3817","7697","445","497","942","4325","4314","8639","10.9"
"41057","Sant'Angelo in Vado","MARCHE","Pesaro e Urbino","PU","61048","43.6628","12.4135","359","67.4","1856","1805","3661","231","215","446","2087","2020","4107","10.9"
"41058","Sant'Ippolito","MARCHE","Pesaro e Urbino","PU","61040","43.6872","12.8715","246","19.7","703","701","1404","87","83","170","790","784","1574","10.8"
"41059","Sassocorvaro","MARCHE","Pesaro e Urbino","PU","61028","43.7828","12.4999","326","66.5","1524","1553","3077","200","179","379","1724","1732","3456","11.0"
"41060","Sassofeltrio","MARCHE","Pesaro e Urbino","PU","61013","43.8925","12.5093","466","20.9","633","624","1257","104","84","188","737","708","1445","13.0"
"41061","Serra Sant'Abbondio","MARCHE","Pesaro e Urbino","PU","61040","43.4918","12.7728","536","32.8","515","512","1027","45","27","72","560","539","1099","6.6"
"41062","Serrungarina","MARCHE","Pesaro e Urbino","PU","61030","43.7464","12.8749","209","23.0","1159","1166","2325","129","128","257","1288","1294","2582","10.0"
"41064","Tavoleto","MARCHE","Pesaro e Urbino","PU","61020","43.845","12.591","426","12.0","406","379","785","67","42","109","473","421","894","12.2"
"41065","Tavullia","MARCHE","Pesaro e Urbino","PU","61010","43.9013","12.748","170","42.3","3511","3596","7107","398","361","759","3909","3957","7866","9.6"
"41066","Urbania","MARCHE","Pesaro e Urbino","PU","61049","43.6678","12.5207","273","77.8","3142","3010","6152","495","430","925","3637","3440","7077","13.1"
"41067","Urbino","MARCHE","Pesaro e Urbino","PU","61029","43.7263","12.6366","485","228.1","7076","6677","13753","928","820","1748","8004","7497","15501","11.3"
"42001","Agugliano","MARCHE","Ancona","AN","60020","43.5426","13.3892","203","21.7","2354","2272","4626","139","105","244","2493","2377","4870","5.0"
"42002","Ancona","MARCHE","Ancona","AN","60100","43.6158","13.5189","16","123.7","47106","42469","89575","5789","5133","10922","52895","47602","100497","10.9"
"42003","Arcevia","MARCHE","Ancona","AN","60011","43.4981","12.9391","535","126.4","2340","2179","4519","213","182","395","2553","2361","4914","8.0"
"42004","Barbara","MARCHE","Ancona","AN","60010","43.5791","13.0254","219","10.8","664","638","1302","52","54","106","716","692","1408","7.5"
"42005","Belvedere Ostrense","MARCHE","Ancona","AN","60030","43.5831","13.169","251","28.9","1042","995","2037","119","132","251","1161","1127","2288","11.0"
"42006","Camerano","MARCHE","Ancona","AN","60021","43.5313","13.549","231","19.8","3506","3348","6854","205","154","359","3711","3502","7213","5.0"
"42007","Camerata Picena","MARCHE","Ancona","AN","60020","43.5792","13.3523","125","11.6","1157","1167","2324","58","37","95","1215","1204","2419","3.9"
"42008","Castelbellino","MARCHE","Ancona","AN","60030","43.4871","13.1451","261","5.9","2271","2111","4382","203","178","381","2474","2289","4763","8.0"
"42009","Castel Colonna","MARCHE","Ancona","AN","60010","43.6798","13.1058","125","13.3","491","479","970","40","29","69","531","508","1039","6.6"
"42010","Castelfidardo","MARCHE","Ancona","AN","60022","43.4631","13.5514","199","32.7","8741","8508","17249","738","658","1396","9479","9166","18645","7.5"
"42011","Castelleone di Suasa","MARCHE","Ancona","AN","60010","43.6087","12.9774","206","15.8","807","802","1609","53","40","93","860","842","1702","5.5"
"42012","Castelplanio","MARCHE","Ancona","AN","60031","43.4904","13.0837","305","15.1","1565","1492","3057","211","214","425","1776","1706","3482","12.2"
"42013","Cerreto d'Esi","MARCHE","Ancona","AN","60043","43.3241","12.9882","264","16.6","1653","1625","3278","349","340","689","2002","1965","3967","17.4"
"42014","Chiaravalle","MARCHE","Ancona","AN","60033","43.5989","13.3252","22","17.4","7104","6668","13772","633","453","1086","7737","7121","14858","7.3"
"42015","Corinaldo","MARCHE","Ancona","AN","60013","43.6488","13.0498","203","48.3","2494","2384","4878","115","113","228","2609","2497","5106","4.5"
"42016","Cupramontana","MARCHE","Ancona","AN","60034","43.4459","13.1154","505","26.9","2224","2137","4361","245","232","477","2469","2369","4838","9.9"
"42017","Fabriano","MARCHE","Ancona","AN","60044","43.3392","12.9007","325","269.6","14492","13316","27808","1776","1436","3212","16268","14752","31020","10.4"
"42018","Falconara Marittima","MARCHE","Ancona","AN","60015","43.6276","13.4029","5","25.5","12772","11830","24602","1109","999","2108","13881","12829","26710","7.9"
"42019","Filottrano","MARCHE","Ancona","AN","60024","43.4382","13.3553","270","70.3","4478","4351","8829","398","395","793","4876","4746","9622","8.2"
"42020","Genga","MARCHE","Ancona","AN","60040","43.4291","12.9352","322","72.4","879","860","1739","73","63","136","952","923","1875","7.3"
"42021","Jesi","MARCHE","Ancona","AN","60035","43.5271","13.2464","97","107.7","19017","17420","36437","2129","1737","3866","21146","19157","40303","9.6"
"42022","Loreto","MARCHE","Ancona","AN","60025","43.4396","13.6066","127","17.7","6097","5757","11854","391","288","679","6488","6045","12533","5.4"
"42023","Maiolati Spontini","MARCHE","Ancona","AN","60030","43.4744","13.1148","405","21.4","2944","2711","5655","295","225","520","3239","2936","6175","8.4"
"42024","Mergo","MARCHE","Ancona","AN","60030","43.4719","13.0371","368","7.3","507","481","988","55","40","95","562","521","1083","8.8"
"42025","Monsano","MARCHE","Ancona","AN","60030","43.5627","13.2482","191","14.3","1617","1571","3188","91","74","165","1708","1645","3353","4.9"
"42026","Montecarotto","MARCHE","Ancona","AN","60036","43.5269","13.0648","380","24.1","980","914","1894","101","85","186","1081","999","2080","8.9"
"42027","Montemarciano","MARCHE","Ancona","AN","60018","43.6395","13.3071","92","22.1","4804","4722","9526","337","247","584","5141","4969","10110","5.8"
"42028","Monterado","MARCHE","Ancona","AN","60010","43.6975","13.092","161","10.3","967","971","1938","99","100","199","1066","1071","2137","9.3"
"42029","Monte Roberto","MARCHE","Ancona","AN","60030","43.4816","13.1385","348","13.5","1379","1331","2710","169","147","316","1548","1478","3026","10.4"
"42030","Monte San Vito","MARCHE","Ancona","AN","60037","43.5991","13.2747","135","21.6","3296","3161","6457","163","86","249","3459","3247","6706","3.7"
"42031","Morro d'Alba","MARCHE","Ancona","AN","60030","43.6019","13.2135","199","19.1","911","884","1795","93","89","182","1004","973","1977","9.2"
"42032","Numana","MARCHE","Ancona","AN","60026","43.5105","13.6222","56","10.7","1670","1712","3382","185","149","334","1855","1861","3716","9.0"
"42033","Offagna","MARCHE","Ancona","AN","60020","43.5283","13.4435","306","10.5","931","912","1843","22","15","37","953","927","1880","2.0"
"42034","Osimo","MARCHE","Ancona","AN","60027","43.4884","13.4785","265","105.4","16114","15585","31699","1268","1024","2292","17382","16609","33991","6.7"
"42035","Ostra","MARCHE","Ancona","AN","60010","43.6141","13.157","118","46.6","3131","2963","6094","328","321","649","3459","3284","6743","9.6"
"42036","Ostra Vetere","MARCHE","Ancona","AN","60010","43.6034","13.0616","250","29.9","1661","1591","3252","113","106","219","1774","1697","3471","6.3"
"42037","Poggio San Marcello","MARCHE","Ancona","AN","60030","43.5121","13.0775","385","13.5","333","336","669","37","25","62","370","361","731","8.5"
"42038","Polverigi","MARCHE","Ancona","AN","60020","43.5249","13.3939","140","24.6","2089","2122","4211","70","46","116","2159","2168","4327","2.7"
"42039","Ripe","MARCHE","Ancona","AN","60010","43.6707","13.1065","143","15.0","1989","1920","3909","251","241","492","2240","2161","4401","11.2"
"42040","Rosora","MARCHE","Ancona","AN","60030","43.4847","13.0673","140","9.4","901","857","1758","128","102","230","1029","959","1988","11.6"
"42041","San Marcello","MARCHE","Ancona","AN","60030","43.5762","13.205","231","25.5","1006","1002","2008","44","17","61","1050","1019","2069","2.9"
"42042","San Paolo di Jesi","MARCHE","Ancona","AN","60038","43.4546","13.1725","224","10.1","406","395","801","48","53","101","454","448","902","11.2"
"42043","Santa Maria Nuova","MARCHE","Ancona","AN","60030","43.4963","13.3088","249","18.0","1946","1869","3815","212","172","384","2158","2041","4199","9.1"
"42044","Sassoferrato","MARCHE","Ancona","AN","60041","43.4308","12.8577","386","135.2","3448","3280","6728","436","368","804","3884","3648","7532","10.7"
"42045","Senigallia","MARCHE","Ancona","AN","60019","43.7196","13.2152","5","115.8","21531","19751","41282","1699","1380","3079","23230","21131","44361","6.9"
"42046","Serra de' Conti","MARCHE","Ancona","AN","60030","43.5445","13.0369","216","24.5","1720","1613","3333","196","193","389","1916","1806","3722","10.5"
"42047","Serra San Quirico","MARCHE","Ancona","AN","60048","43.4455","13.0164","300","49.1","1420","1248","2668","157","142","299","1577","1390","2967","10.1"
"42048","Sirolo","MARCHE","Ancona","AN","60020","43.5191","13.6217","125","16.7","1886","1797","3683","103","70","173","1989","1867","3856","4.5"
"42049","Staffolo","MARCHE","Ancona","AN","60039","43.4329","13.1837","441","27.7","1034","975","2009","147","134","281","1181","1109","2290","12.3"
"43001","Acquacanina","MARCHE","Macerata","MC","62035","43.0282","13.1771","734","26.7","55","65","120","2","0","2","57","65","122","1.6"
"43002","Apiro","MARCHE","Macerata","MC","62021","43.391","13.1319","516","53.7","1126","1063","2189","126","106","232","1252","1169","2421","9.6"
"43003","Appignano","MARCHE","Macerata","MC","62010","43.3636","13.3471","199","22.7","1969","1869","3838","191","183","374","2160","2052","4212","8.9"
"43004","Belforte del Chienti","MARCHE","Macerata","MC","62020","43.1601","13.2382","347","15.9","852","818","1670","105","85","190","957","903","1860","10.2"
"43005","Bolognola","MARCHE","Macerata","MC","62035","42.9976","13.2174","1.070","25.9","73","83","156","4","1","5","77","84","161","3.1"
"43006","Caldarola","MARCHE","Macerata","MC","62020","43.1289","13.2086","314","29.1","842","807","1649","101","89","190","943","896","1839","10.3"
"43007","Camerino","MARCHE","Macerata","MC","62032","43.1357","13.0683","661","129.7","3350","3077","6427","283","192","475","3633","3269","6902","6.9"
"43008","Camporotondo di Fiastrone","MARCHE","Macerata","MC","62020","43.1322","13.2668","335","8.8","267","221","488","52","49","101","319","270","589","17.1"
"43009","Castelraimondo","MARCHE","Macerata","MC","62022","43.2075","13.0242","307","44.9","2113","2047","4160","319","262","581","2432","2309","4741","12.3"
"43010","Castelsantangelo sul Nera","MARCHE","Macerata","MC","62039","42.8946","13.1552","780","70.7","128","160","288","9","13","22","137","173","310","7.1"
"43011","Cessapalombo","MARCHE","Macerata","MC","62020","43.1081","13.2572","434","27.8","237","242","479","34","33","67","271","275","546","12.3"
"43012","Cingoli","MARCHE","Macerata","MC","62011","43.3773","13.2139","631","148.0","4820","4584","9404","561","544","1105","5381","5128","10509","10.5"
"43013","Civitanova Marche","MARCHE","Macerata","MC","62012","43.307","13.7299","3","45.8","19225","17748","36973","1800","1444","3244","21025","19192","40217","8.1"
"43014","Colmurano","MARCHE","Macerata","MC","62020","43.164","13.3574","414","11.2","595","602","1197","45","36","81","640","638","1278","6.3"
"43015","Corridonia","MARCHE","Macerata","MC","62014","43.2502","13.5132","255","62.0","6924","6687","13611","856","855","1711","7780","7542","15322","11.2"
"43016","Esanatoglia","MARCHE","Macerata","MC","62024","43.2528","12.9495","446","47.8","1018","923","1941","110","96","206","1128","1019","2147","9.6"
"43017","Fiastra","MARCHE","Macerata","MC","62035","43.0364","13.1564","732","57.6","266","266","532","27","19","46","293","285","578","8.0"
"43018","Fiordimonte","MARCHE","Macerata","MC","62035","43.0335","13.0939","569","21.2","100","102","202","2","3","5","102","105","207","2.4"
"43019","Fiuminata","MARCHE","Macerata","MC","62025","43.1884","12.9349","479","76.7","663","652","1315","98","84","182","761","736","1497","12.2"
"43020","Gagliole","MARCHE","Macerata","MC","62022","43.2391","13.0681","484","24.1","283","314","597","34","24","58","317","338","655","8.9"
"43021","Gualdo","MARCHE","Macerata","MC","62020","43.0674","13.3418","652","22.1","387","371","758","61","49","110","448","420","868","12.7"
"43022","Loro Piceno","MARCHE","Macerata","MC","62020","43.1649","13.4175","436","32.5","1151","1060","2211","140","130","270","1291","1190","2481","10.9"
"43023","Macerata","MARCHE","Macerata","MC","62100","43.2984","13.4535","315","92.7","20139","17996","38135","2097","1787","3884","22236","19783","42019","9.2"
"43024","Matelica","MARCHE","Macerata","MC","62024","43.2512","13.0092","354","81.0","4714","4462","9176","520","482","1002","5234","4944","10178","9.8"
"43025","Mogliano","MARCHE","Macerata","MC","62010","43.1857","13.4761","313","29.3","2209","2102","4311","229","233","462","2438","2335","4773","9.7"
"43026","Montecassiano","MARCHE","Macerata","MC","62010","43.3644","13.4375","215","33.0","3368","3279","6647","285","253","538","3653","3532","7185","7.5"
"43027","Monte Cavallo","MARCHE","Macerata","MC","62036","42.9945","13.0011","648","38.6","59","67","126","10","13","23","69","80","149","15.4"
"43028","Montecosaro","MARCHE","Macerata","MC","62010","43.3164","13.6392","252","21.7","3203","3110","6313","334","271","605","3537","3381","6918","8.7"
"43029","Montefano","MARCHE","Macerata","MC","62010","43.4126","13.4411","242","34.1","1527","1525","3052","266","237","503","1793","1762","3555","14.1"
"43030","Montelupone","MARCHE","Macerata","MC","62010","43.3429","13.5701","272","32.7","1597","1605","3202","250","206","456","1847","1811","3658","12.5"
"43031","Monte San Giusto","MARCHE","Macerata","MC","62015","43.2351","13.5931","236","20.0","3383","3281","6664","687","720","1407","4070","4001","8071","17.4"
"43032","Monte San Martino","MARCHE","Macerata","MC","62020","43.0315","13.4396","603","18.5","389","350","739","31","22","53","420","372","792","6.7"
"43033","Morrovalle","MARCHE","Macerata","MC","62010","43.315","13.5825","245","42.6","4491","4434","8925","652","710","1362","5143","5144","10287","13.2"
"43034","Muccia","MARCHE","Macerata","MC","62034","43.0805","13.0415","454","25.7","441","397","838","48","43","91","489","440","929","9.8"
"43035","Penna San Giovanni","MARCHE","Macerata","MC","62020","43.0567","13.4232","630","28.2","513","476","989","96","69","165","609","545","1154","14.3"
"43036","Petriolo","MARCHE","Macerata","MC","62014","43.2201","13.4639","271","15.6","926","887","1813","76","88","164","1002","975","1977","8.3"
"43037","Pievebovigliana","MARCHE","Macerata","MC","62035","43.0623","13.0846","441","27.3","381","389","770","40","34","74","421","423","844","8.8"
"43038","Pieve Torina","MARCHE","Macerata","MC","62036","43.0433","13.0459","470","74.9","642","617","1259","113","111","224","755","728","1483","15.1"
"43039","Pioraco","MARCHE","Macerata","MC","62025","43.1811","12.9742","441","19.5","537","479","1016","127","107","234","664","586","1250","18.7"
"43040","Poggio San Vicino","MARCHE","Macerata","MC","62021","43.3754","13.0791","509","12.9","135","128","263","15","19","34","150","147","297","11.4"
"43041","Pollenza","MARCHE","Macerata","MC","62010","43.2702","13.3466","341","39.5","3100","3045","6145","257","181","438","3357","3226","6583","6.7"
"43042","Porto Recanati","MARCHE","Macerata","MC","62017","43.4321","13.6641","6","17.3","4774","4588","9362","924","1209","2133","5698","5797","11495","18.6"
"43043","Potenza Picena","MARCHE","Macerata","MC","62018","43.3674","13.6234","237","47.6","7374","7029","14403","764","676","1440","8138","7705","15843","9.1"
"43044","Recanati","MARCHE","Macerata","MC","62019","43.4036","13.5495","293","102.8","10300","9521","19821","875","720","1595","11175","10241","21416","7.4"
"43045","Ripe San Ginesio","MARCHE","Macerata","MC","62020","43.1408","13.3673","430","10.1","384","364","748","57","55","112","441","419","860","13.0"
"43046","San Ginesio","MARCHE","Macerata","MC","62026","43.1095","13.3123","680","77.7","1735","1626","3361","153","130","283","1888","1756","3644","7.8"
"43047","San Severino Marche","MARCHE","Macerata","MC","62027","43.2304","13.1654","235","193.8","6128","5744","11872","643","503","1146","6771","6247","13018","8.8"
"43048","Sant'Angelo in Pontano","MARCHE","Macerata","MC","62020","43.0965","13.4","473","27.4","689","606","1295","104","84","188","793","690","1483","12.7"
"43049","Sarnano","MARCHE","Macerata","MC","62028","43.0355","13.2997","539","62.9","1600","1431","3031","176","160","336","1776","1591","3367","10.0"
"43050","Sefro","MARCHE","Macerata","MC","62025","43.1473","12.9498","497","42.3","173","176","349","40","42","82","213","218","431","19.0"
"43051","Serrapetrona","MARCHE","Macerata","MC","62020","43.1761","13.1872","490","37.6","472","464","936","43","29","72","515","493","1008","7.1"
"43052","Serravalle di Chienti","MARCHE","Macerata","MC","62038","43.075","12.9568","647","95.8","475","497","972","64","49","113","539","546","1085","10.4"
"43053","Tolentino","MARCHE","Macerata","MC","62029","43.2093","13.2806","228","94.9","9189","8580","17769","1285","1282","2567","10474","9862","20336","12.6"
"43054","Treia","MARCHE","Macerata","MC","62010","43.3092","13.3129","342","93.1","4448","4327","8775","477","493","970","4925","4820","9745","10.0"
"43055","Urbisaglia","MARCHE","Macerata","MC","62010","43.2024","13.3934","310","22.8","1254","1274","2528","109","75","184","1363","1349","2712","6.8"
"43056","Ussita","MARCHE","Macerata","MC","62039","42.9446","13.1421","744","55.2","188","191","379","28","13","41","216","204","420","9.8"
"43057","Visso","MARCHE","Macerata","MC","62039","42.9293","13.0877","607","99.9","581","523","1104","40","36","76","621","559","1180","6.4"
"44001","Acquasanta Terme","MARCHE","Ascoli Piceno","AP","63041","42.7694","13.4093","392","138.1","1486","1463","2949","63","38","101","1549","1501","3050","3.3"
"44002","Acquaviva Picena","MARCHE","Ascoli Piceno","AP","63030","42.9446","13.8161","359","20.9","1840","1839","3679","99","70","169","1939","1909","3848","4.4"
"44005","Appignano del Tronto","MARCHE","Ascoli Piceno","AP","63031","42.8993","13.658","194","23.0","919","853","1772","42","38","80","961","891","1852","4.3"
"44006","Arquata del Tronto","MARCHE","Ascoli Piceno","AP","63043","42.7723","13.2949","777","92.3","626","636","1262","21","4","25","647","640","1287","1.9"
"44007","Ascoli Piceno","MARCHE","Ascoli Piceno","AP","63100","42.8536","13.5749","154","160.5","24548","23113","47661","1423","874","2297","25971","23987","49958","4.6"
"44010","Carassai","MARCHE","Ascoli Piceno","AP","63030","43.0302","13.6768","365","22.3","541","501","1042","42","32","74","583","533","1116","6.6"
"44011","Castel di Lama","MARCHE","Ascoli Piceno","AP","63031","42.881","13.707","201","11.0","3919","3877","7796","353","321","674","4272","4198","8470","8.0"
"44012","Castignano","MARCHE","Ascoli Piceno","AP","63032","42.9386","13.622","475","38.9","1413","1379","2792","86","69","155","1499","1448","2947","5.3"
"44013","Castorano","MARCHE","Ascoli Piceno","AP","63030","42.8978","13.7303","280","14.1","1059","1052","2111","111","100","211","1170","1152","2322","9.1"
"44014","Colli del Tronto","MARCHE","Ascoli Piceno","AP","63030","42.8689","13.7463","168","5.9","1678","1641","3319","130","117","247","1808","1758","3566","6.9"
"44015","Comunanza","MARCHE","Ascoli Piceno","AP","63044","42.8942","13.4165","448","54.0","1443","1452","2895","165","144","309","1608","1596","3204","9.6"
"44016","Cossignano","MARCHE","Ascoli Piceno","AP","63030","42.9834","13.6903","400","15.1","505","455","960","31","24","55","536","479","1015","5.4"
"44017","Cupra Marittima","MARCHE","Ascoli Piceno","AP","63012","43.0265","13.8582","4","17.2","2563","2392","4955","217","206","423","2780","2598","5378","7.9"
"44020","Folignano","MARCHE","Ascoli Piceno","AP","63040","42.8205","13.6336","319","14.8","4422","4477","8899","228","175","403","4650","4652","9302","4.3"
"44021","Force","MARCHE","Ascoli Piceno","AP","63045","42.9606","13.4869","689","34.2","691","658","1349","37","42","79","728","700","1428","5.5"
"44023","Grottammare","MARCHE","Ascoli Piceno","AP","63013","42.9853","13.8684","4","17.7","7558","7104","14662","565","388","953","8123","7492","15615","6.1"
"44027","Maltignano","MARCHE","Ascoli Piceno","AP","63040","42.8317","13.6842","307","8.2","1177","1189","2366","66","51","117","1243","1240","2483","4.7"
"44029","Massignano","MARCHE","Ascoli Piceno","AP","63010","43.0501","13.7981","254","16.4","765","742","1507","72","76","148","837","818","1655","8.9"
"44031","Monsampolo del Tronto","MARCHE","Ascoli Piceno","AP","63030","42.8976","13.7921","158","15.5","2061","2024","4085","227","251","478","2288","2275","4563","10.5"
"44032","Montalto delle Marche","MARCHE","Ascoli Piceno","AP","63034","42.9888","13.6087","513","34.1","1138","1003","2141","65","54","119","1203","1057","2260","5.3"
"44034","Montedinove","MARCHE","Ascoli Piceno","AP","63034","42.9736","13.5904","561","11.9","230","254","484","12","9","21","242","263","505","4.2"
"44036","Montefiore dell'Aso","MARCHE","Ascoli Piceno","AP","63010","43.0518","13.7536","412","28.1","1018","969","1987","102","91","193","1120","1060","2180","8.9"
"44038","Montegallo","MARCHE","Ascoli Piceno","AP","63040","42.8405","13.333","870","48.6","272","277","549","19","5","24","291","282","573","4.2"
"44044","Montemonaco","MARCHE","Ascoli Piceno","AP","63048","42.8986","13.3325","988","67.6","306","296","602","22","11","33","328","307","635","5.2"
"44045","Monteprandone","MARCHE","Ascoli Piceno","AP","63033","42.9195","13.8345","273","26.4","5685","5588","11273","484","454","938","6169","6042","12211","7.7"
"44054","Offida","MARCHE","Ascoli Piceno","AP","63035","42.9409","13.6965","293","49.2","2471","2347","4818","217","180","397","2688","2527","5215","7.6"
"44056","Palmiano","MARCHE","Ascoli Piceno","AP","63049","42.912","13.4685","550","12.6","106","93","199","6","9","15","112","102","214","7.0"
"44063","Ripatransone","MARCHE","Ascoli Piceno","AP","63038","42.9976","13.7632","494","74.2","2088","2010","4098","139","104","243","2227","2114","4341","5.6"
"44064","Roccafluvione","MARCHE","Ascoli Piceno","AP","63049","42.8532","13.4396","299","60.8","1007","1012","2019","21","21","42","1028","1033","2061","2.0"
"44065","Rotella","MARCHE","Ascoli Piceno","AP","63030","42.9539","13.5594","395","27.2","443","419","862","41","33","74","484","452","936","7.9"
"44066","San Benedetto del Tronto","MARCHE","Ascoli Piceno","AP","63039","42.961","13.8746","4","25.3","23105","21015","44120","1761","1082","2843","24866","22097","46963","6.1"
"44071","Spinetoli","MARCHE","Ascoli Piceno","AP","63036","42.889","13.7727","177","12.4","3252","3115","6367","372","369","741","3624","3484","7108","10.4"
"44073","Venarotta","MARCHE","Ascoli Piceno","AP","63040","42.8791","13.5032","421","30.0","1058","1011","2069","47","30","77","1105","1041","2146","3.6"
"45001","Aulla","TOSCANA","Massa-Carrara","MS","54011","44.2167","9.9675","64","59.7","5402","5004","10406","465","413","878","5867","5417","11284","7.8"
"45002","Bagnone","TOSCANA","Massa-Carrara","MS","54021","44.3147","9.99451","236","73.8","926","889","1815","65","46","111","991","935","1926","5.8"
"45003","Carrara","TOSCANA","Massa-Carrara","MS","54033","44.0793","10.0977","100","71.4","31641","28997","60638","2134","1917","4051","33775","30914","64689","6.3"
"45004","Casola in Lunigiana","TOSCANA","Massa-Carrara","MS","54014","44.2002","10.1755","328","42.5","493","455","948","34","21","55","527","476","1003","5.5"
"45005","Comano","TOSCANA","Massa-Carrara","MS","54015","44.2915","10.1301","530","54.7","353","320","673","48","34","82","401","354","755","10.9"
"45006","Filattiera","TOSCANA","Massa-Carrara","MS","54023","44.3324","9.93633","213","49.0","1131","1025","2156","107","98","205","1238","1123","2361","8.7"
"45007","Fivizzano","TOSCANA","Massa-Carrara","MS","54013","44.2382","10.1272","326","180.6","4124","3826","7950","193","124","317","4317","3950","8267","3.8"
"45008","Fosdinovo","TOSCANA","Massa-Carrara","MS","54035","44.1325","10.0172","500","48.7","2437","2310","4747","136","88","224","2573","2398","4971","4.5"
"45009","Licciana Nardi","TOSCANA","Massa-Carrara","MS","54016","44.2654","10.0391","210","55.9","2348","2274","4622","181","152","333","2529","2426","4955","6.7"
"45010","Massa","TOSCANA","Massa-Carrara","MS","54100","44.0354","10.1393","65","94.1","33875","31460","65335","1941","1580","3521","35816","33040","68856","5.1"
"45011","Montignoso","TOSCANA","Massa-Carrara","MS","54038","43.9828","10.1505","130","16.7","5036","4682","9718","261","247","508","5297","4929","10226","5.0"
"45012","Mulazzo","TOSCANA","Massa-Carrara","MS","54026","44.3153","9.88988","351","62.6","1219","1182","2401","82","83","165","1301","1265","2566","6.4"
"45013","Podenzana","TOSCANA","Massa-Carrara","MS","54010","44.2055","9.93959","312","17.3","1025","1011","2036","52","54","106","1077","1065","2142","4.9"
"45014","Pontremoli","TOSCANA","Massa-Carrara","MS","54027","44.4039","9.87947","236","182.6","3770","3299","7069","307","257","564","4077","3556","7633","7.4"
"45015","Tresana","TOSCANA","Massa-Carrara","MS","54012","44.2546","9.91178","112","44.1","985","933","1918","90","77","167","1075","1010","2085","8.0"
"45016","Villafranca in Lunigiana","TOSCANA","Massa-Carrara","MS","54028","44.2952","9.95065","130","29.5","2210","2081","4291","201","238","439","2411","2319","4730","9.3"
"45017","Zeri","TOSCANA","Massa-Carrara","MS","54029","44.3516","9.77388","708","73.6","602","565","1167","22","12","34","624","577","1201","2.8"
"46001","Altopascio","TOSCANA","Lucca","LU","55011","43.8125","10.6771","19","28.7","6663","6419","13082","977","1013","1990","7640","7432","15072","13.2"
"46002","Bagni di Lucca","TOSCANA","Lucca","LU","55022","44.0145","10.5907","150","164.7","2942","2685","5627","296","284","580","3238","2969","6207","9.3"
"46003","Barga","TOSCANA","Lucca","LU","55051","44.0756","10.4823","410","66.5","4769","4570","9339","413","373","786","5182","4943","10125","7.8"
"46004","Borgo a Mozzano","TOSCANA","Lucca","LU","55023","43.9812","10.5482","97","72.4","3450","3292","6742","256","229","485","3706","3521","7227","6.7"
"46005","Camaiore","TOSCANA","Lucca","LU","55041","43.9421","10.2969","34","84.6","15761","14756","30517","900","666","1566","16661","15422","32083","4.9"
"46006","Camporgiano","TOSCANA","Lucca","LU","55031","44.1441","10.3217","475","27.1","1096","1085","2181","62","42","104","1158","1127","2285","4.6"
"46007","Capannori","TOSCANA","Lucca","LU","55012","43.8419","10.5733","15","156.6","21487","20506","41993","1513","1392","2905","23000","21898","44898","6.5"
"46008","Careggine","TOSCANA","Lucca","LU","55030","44.1208","10.3237","882","24.5","285","289","574","8","2","10","293","291","584","1.7"
"46009","Castelnuovo di Garfagnana","TOSCANA","Lucca","LU","55032","44.1095","10.4135","270","28.5","2941","2760","5701","189","169","358","3130","2929","6059","5.9"
"46010","Castiglione di Garfagnana","TOSCANA","Lucca","LU","55033","44.1933","10.4509","545","48.6","895","890","1785","36","39","75","931","929","1860","4.0"
"46011","Coreglia Antelminelli","TOSCANA","Lucca","LU","55025","44.0634","10.5272","595","52.8","2550","2379","4929","149","154","303","2699","2533","5232","5.8"
"46012","Fabbriche di Vallico","TOSCANA","Lucca","LU","55020","43.9975","10.4284","349","15.5","223","239","462","18","12","30","241","251","492","6.1"
"46013","Forte dei Marmi","TOSCANA","Lucca","LU","55042","43.958","10.1673","2","9.0","3979","3370","7349","209","102","311","4188","3472","7660","4.1"
"46014","Fosciandora","TOSCANA","Lucca","LU","55020","44.1144","10.4559","495","19.8","297","289","586","20","15","35","317","304","621","5.6"
"46015","Gallicano","TOSCANA","Lucca","LU","55027","44.0449","10.4284","186","30.5","1841","1797","3638","130","114","244","1971","1911","3882","6.3"
"46016","Giuncugnano","TOSCANA","Lucca","LU","55030","44.2253","10.2544","876","18.9","239","218","457","8","4","12","247","222","469","2.6"
"46017","Lucca","TOSCANA","Lucca","LU","55100","43.8394","10.4957","19","185.5","41982","38326","80308","3813","3079","6892","45795","41405","87200","7.9"
"46018","Massarosa","TOSCANA","Lucca","LU","55054","43.8721","10.3374","10","68.6","10900","10603","21503","500","327","827","11400","10930","22330","3.7"
"46019","Minucciano","TOSCANA","Lucca","LU","55034","44.1574","10.2264","697","57.0","1117","1061","2178","28","15","43","1145","1076","2221","1.9"
"46020","Molazzana","TOSCANA","Lucca","LU","55020","44.0731","10.3779","474","31.6","550","541","1091","25","11","36","575","552","1127","3.2"
"46021","Montecarlo","TOSCANA","Lucca","LU","55015","43.8535","10.6658","162","15.6","2056","1976","4032","208","214","422","2264","2190","4454","9.5"
"46022","Pescaglia","TOSCANA","Lucca","LU","55064","43.9674","10.4119","504","70.4","1751","1732","3483","90","72","162","1841","1804","3645","4.4"
"46023","Piazza al Serchio","TOSCANA","Lucca","LU","55035","44.1889","10.2937","536","27.1","1220","1169","2389","44","25","69","1264","1194","2458","2.8"
"46024","Pietrasanta","TOSCANA","Lucca","LU","55045","43.9596","10.2286","14","41.8","12134","10924","23058","670","451","1121","12804","11375","24179","4.6"
"46025","Pieve Fosciana","TOSCANA","Lucca","LU","55036","44.1505","10.4565","369","28.8","1150","1132","2282","65","71","136","1215","1203","2418","5.6"
"46026","Porcari","TOSCANA","Lucca","LU","55016","43.842","10.6177","32","17.9","3897","3828","7725","463","416","879","4360","4244","8604","10.2"
"46027","San Romano in Garfagnana","TOSCANA","Lucca","LU","55038","44.169","10.3489","555","26.0","714","683","1397","40","22","62","754","705","1459","4.2"
"46028","Seravezza","TOSCANA","Lucca","LU","55047","43.9941","10.2301","50","39.4","6593","6054","12647","365","226","591","6958","6280","13238","4.5"
"46029","Sillano","TOSCANA","Lucca","LU","55030","44.2516","10.3273","735","62.2","347","308","655","14","12","26","361","320","681","3.8"
"46030","Stazzema","TOSCANA","Lucca","LU","55040","44.0196","10.2937","158","80.7","1600","1540","3140","102","76","178","1702","1616","3318","5.4"
"46031","Vagli Sotto","TOSCANA","Lucca","LU","55030","44.1157","10.2712","575","41.0","472","502","974","11","6","17","483","508","991","1.7"
"46032","Vergemoli","TOSCANA","Lucca","LU","55020","44.026","10.3779","619","27.3","163","156","319","7","2","9","170","158","328","2.7"
"46033","Viareggio","TOSCANA","Lucca","LU","55049","43.8657","10.2513","2","31.9","30823","27572","58395","2060","1402","3462","32883","28974","61857","5.6"
"46034","Villa Basilica","TOSCANA","Lucca","LU","55019","43.9257","10.6447","330","36.5","816","805","1621","42","37","79","858","842","1700","4.6"
"46035","Villa Collemandina","TOSCANA","Lucca","LU","55030","44.1974","10.4059","549","34.8","682","625","1307","28","28","56","710","653","1363","4.1"
"47001","Abetone","TOSCANA","Pistoia","PT","51021","44.1447","10.6637","1.388","31.3","330","318","648","22","17","39","352","335","687","5.7"
"47002","Agliana","TOSCANA","Pistoia","PT","51031","43.9004","10.9999","46","11.6","7938","7656","15594","632","566","1198","8570","8222","16792","7.1"
"47003","Buggiano","TOSCANA","Pistoia","PT","51011","43.881","10.7288","41","16.1","4247","3937","8184","328","223","551","4575","4160","8735","6.3"
"47004","Cutigliano","TOSCANA","Pistoia","PT","51024","44.1015","10.7543","678","43.8","783","710","1493","54","14","68","837","724","1561","4.4"
"47005","Lamporecchio","TOSCANA","Pistoia","PT","51035","43.817","10.8963","56","22.2","3525","3365","6890","381","312","693","3906","3677","7583","9.1"
"47006","Larciano","TOSCANA","Pistoia","PT","51036","43.8327","10.8894","50","24.9","3009","2901","5910","276","232","508","3285","3133","6418","7.9"
"47007","Marliana","TOSCANA","Pistoia","PT","51010","43.9338","10.7692","469","43.0","1481","1511","2992","134","75","209","1615","1586","3201","6.5"
"47008","Massa e Cozzile","TOSCANA","Pistoia","PT","51010","43.9094","10.7432","223","16.0","3657","3477","7134","412","240","652","4069","3717","7786","8.4"
"47009","Monsummano Terme","TOSCANA","Pistoia","PT","51015","43.8692","10.8146","20","32.8","9981","9451","19432","740","595","1335","10721","10046","20767","6.4"
"47010","Montale","TOSCANA","Pistoia","PT","51037","43.9347","11.0176","85","32.0","5168","4957","10125","303","254","557","5471","5211","10682","5.2"
"47011","Montecatini-Terme","TOSCANA","Pistoia","PT","51016","43.8833","10.7809","29","17.7","8894","7757","16651","1831","1192","3023","10725","8949","19674","15.4"
"47012","Pescia","TOSCANA","Pistoia","PT","51017","43.9073","10.6891","62","79.1","9000","8534","17534","1009","892","1901","10009","9426","19435","9.8"
"47013","Pieve a Nievole","TOSCANA","Pistoia","PT","51018","43.8822","10.8039","28","12.7","4475","4287","8762","415","283","698","4890","4570","9460","7.4"
"47014","Pistoia","TOSCANA","Pistoia","PT","51100","43.9303","10.9079","67","236.8","42947","39108","82055","3856","3190","7046","46803","42298","89101","7.9"
"47015","Piteglio","TOSCANA","Pistoia","PT","51020","44.0283","10.7649","698","50.1","891","800","1691","63","43","106","954","843","1797","5.9"
"47016","Ponte Buggianese","TOSCANA","Pistoia","PT","51019","43.8394","10.7477","18","29.5","4175","3944","8119","373","279","652","4548","4223","8771","7.4"
"47017","Quarrata","TOSCANA","Pistoia","PT","51039","43.8479","10.978","48","46.0","11714","11090","22804","1308","1266","2574","13022","12356","25378","10.1"
"47018","Sambuca Pistoiese","TOSCANA","Pistoia","PT","51020","44.1037","10.9996","504","77.5","765","781","1546","66","68","134","831","849","1680","8.0"
"47019","San Marcello Pistoiese","TOSCANA","Pistoia","PT","51028","44.0559","10.7959","623","84.8","3375","3009","6384","188","100","288","3563","3109","6672","4.3"
"47020","Serravalle Pistoiese","TOSCANA","Pistoia","PT","51030","43.9059","10.833","182","42.1","5429","5228","10657","447","413","860","5876","5641","11517","7.5"
"47021","Uzzano","TOSCANA","Pistoia","PT","51010","43.8969","10.7041","44","7.8","2650","2573","5223","269","198","467","2919","2771","5690","8.2"
"47022","Chiesina Uzzanese","TOSCANA","Pistoia","PT","51013","43.839","10.7195","20","7.2","2062","1991","4053","209","217","426","2271","2208","4479","9.5"
"48001","Bagno a Ripoli","TOSCANA","Firenze","FI","50012","43.7523","11.3197","75","74.1","12388","11450","23838","941","624","1565","13329","12074","25403","6.2"
"48002","Barberino di Mugello","TOSCANA","Firenze","FI","50031","44.0069","11.2377","270","133.7","4897","4790","9687","416","358","774","5313","5148","10461","7.4"
"48003","Barberino Val d'Elsa","TOSCANA","Firenze","FI","50021","43.5459","11.1751","373","65.9","2023","1979","4002","198","151","349","2221","2130","4351","8.0"
"48004","Borgo San Lorenzo","TOSCANA","Firenze","FI","50032","43.9544","11.3847","193","146.2","8394","7879","16273","876","705","1581","9270","8584","17854","8.9"
"48005","Calenzano","TOSCANA","Firenze","FI","50041","43.866","11.1673","68","76.9","8027","7630","15657","512","468","980","8539","8098","16637","5.9"
"48006","Campi Bisenzio","TOSCANA","Firenze","FI","50013","43.826","11.1276","38","28.6","18824","17760","36584","3187","3158","6345","22011","20918","42929","14.8"
"48008","Capraia e Limite","TOSCANA","Firenze","FI","50050","43.7367","11.0144","28","25.0","3402","3454","6856","257","185","442","3659","3639","7298","6.1"
"48010","Castelfiorentino","TOSCANA","Firenze","FI","50051","43.6042","10.9697","50","66.6","7936","7423","15359","1068","1062","2130","9004","8485","17489","12.2"
"48011","Cerreto Guidi","TOSCANA","Firenze","FI","50050","43.7598","10.8802","123","49.3","4825","4575","9400","513","451","964","5338","5026","10364","9.3"
"48012","Certaldo","TOSCANA","Firenze","FI","50052","43.5477","11.0415","67","75.2","7429","7041","14470","759","706","1465","8188","7747","15935","9.2"
"48013","Dicomano","TOSCANA","Firenze","FI","50062","43.891","11.5233","162","61.8","2564","2541","5105","294","271","565","2858","2812","5670","10.0"
"48014","Empoli","TOSCANA","Firenze","FI","50053","43.7179","10.9478","28","62.3","21664","19849","41513","2785","2243","5028","24449","22092","46541","10.8"
"48015","Fiesole","TOSCANA","Firenze","FI","50014","43.8065","11.2932","295","42.1","6812","6258","13070","544","376","920","7356","6634","13990","6.6"
"48016","Figline Valdarno","TOSCANA","Firenze","FI","50063","43.6183","11.4718","126","71.7","7896","7417","15313","809","678","1487","8705","8095","16800","8.9"
"48017","Firenze","TOSCANA","Firenze","FI","50100","43.771","11.248","50","102.4","168109","146859","314968","23939","19172","43111","192048","166031","358079","12.0"
"48018","Firenzuola","TOSCANA","Firenze","FI","50033","44.1198","11.3786","422","272.1","2179","2173","4352","244","232","476","2423","2405","4828","9.9"
"48019","Fucecchio","TOSCANA","Firenze","FI","50054","43.7279","10.8067","25","65.1","10070","9532","19602","1610","1573","3183","11680","11105","22785","14.0"
"48020","Gambassi Terme","TOSCANA","Firenze","FI","50050","43.5407","10.9549","332","83.1","2327","2222","4549","178","173","351","2505","2395","4900","7.2"
"48021","Greve in Chianti","TOSCANA","Firenze","FI","50022","43.5831","11.3187","236","169.0","6248","6016","12264","859","763","1622","7107","6779","13886","11.7"
"48022","Impruneta","TOSCANA","Firenze","FI","50023","43.6845","11.2581","275","48.8","6932","6462","13394","694","579","1273","7626","7041","14667","8.7"
"48023","Incisa in Val d'Arno","TOSCANA","Firenze","FI","50064","43.6617","11.4489","122","26.5","2964","2773","5737","313","274","587","3277","3047","6324","9.3"
"48024","Lastra a Signa","TOSCANA","Firenze","FI","50055","43.7702","11.1129","36","43.1","8911","8461","17372","840","748","1588","9751","9209","18960","8.4"
"48025","Londa","TOSCANA","Firenze","FI","50060","43.8616","11.5656","226","59.4","837","872","1709","64","54","118","901","926","1827","6.5"
"48026","Marradi","TOSCANA","Firenze","FI","50034","44.0778","11.6137","328","154.1","1552","1534","3086","93","78","171","1645","1612","3257","5.3"
"48027","Montaione","TOSCANA","Firenze","FI","50050","43.5674","10.879","242","104.9","1743","1675","3418","190","168","358","1933","1843","3776","9.5"
"48028","Montelupo Fiorentino","TOSCANA","Firenze","FI","50056","43.7332","11.0206","35","24.6","6553","6325","12878","466","309","775","7019","6634","13653","5.7"
"48030","Montespertoli","TOSCANA","Firenze","FI","50025","43.6445","11.0711","257","125.0","6154","6016","12170","547","478","1025","6701","6494","13195","7.8"
"48031","Palazzuolo sul Senio","TOSCANA","Firenze","FI","50035","44.1141","11.546","437","108.9","570","576","1146","22","20","42","592","596","1188","3.5"
"48032","Pelago","TOSCANA","Firenze","FI","50060","43.7727","11.5033","309","54.8","3657","3487","7144","216","149","365","3873","3636","7509","4.9"
"48033","Pontassieve","TOSCANA","Firenze","FI","50065","43.7744","11.4384","108","114.4","9795","9300","19095","812","622","1434","10607","9922","20529","7.0"
"48035","Reggello","TOSCANA","Firenze","FI","50066","43.6758","11.5295","390","121.2","7685","7546","15231","485","360","845","8170","7906","16076","5.3"
"48036","Rignano sull'Arno","TOSCANA","Firenze","FI","50067","43.7235","11.4469","118","54.2","4075","3965","8040","331","229","560","4406","4194","8600","6.5"
"48037","Rufina","TOSCANA","Firenze","FI","50068","43.8269","11.4912","115","45.7","3505","3447","6952","241","189","430","3746","3636","7382","5.8"
"48038","San Casciano in Val di Pesa","TOSCANA","Firenze","FI","50026","43.6584","11.1888","310","108.0","8127","7610","15737","624","522","1146","8751","8132","16883","6.8"
"48039","San Godenzo","TOSCANA","Firenze","FI","50060","43.9249","11.6192","404","99.2","552","585","1137","49","45","94","601","630","1231","7.6"
"48040","San Piero a Sieve","TOSCANA","Firenze","FI","50037","43.9645","11.3272","212","36.6","1930","1892","3822","214","204","418","2144","2096","4240","9.9"
"48041","Scandicci","TOSCANA","Firenze","FI","50018","43.7542","11.1923","47","59.6","23743","22086","45829","2119","1817","3936","25862","23903","49765","7.9"
"48042","Scarperia","TOSCANA","Firenze","FI","50038","43.9937","11.3533","292","79.4","3610","3501","7111","328","289","617","3938","3790","7728","8.0"
"48043","Sesto Fiorentino","TOSCANA","Firenze","FI","50019","43.8321","11.2043","55","49.0","23088","20991","44079","2001","1662","3663","25089","22653","47742","7.7"
"48044","Signa","TOSCANA","Firenze","FI","50058","43.7823","11.0932","96","18.8","8191","7578","15769","874","808","1682","9065","8386","17451","9.6"
"48045","Tavarnelle Val di Pesa","TOSCANA","Firenze","FI","50028","43.5633","11.1779","378","57.0","3554","3437","6991","368","316","684","3922","3753","7675","8.9"
"48046","Vaglia","TOSCANA","Firenze","FI","50036","43.9104","11.2795","290","56.9","2470","2377","4847","142","76","218","2612","2453","5065","4.3"
"48049","Vicchio","TOSCANA","Firenze","FI","50039","43.9331","11.4647","203","138.9","3814","3787","7601","267","249","516","4081","4036","8117","6.4"
"48050","Vinci","TOSCANA","Firenze","FI","50059","43.7842","10.9244","97","54.4","6603","6314","12917","653","535","1188","7256","6849","14105","8.4"
"49001","Bibbona","TOSCANA","Livorno","LI","57020","43.2696","10.5952","80","65.5","1438","1463","2901","154","154","308","1592","1617","3209","9.6"
"49002","Campiglia Marittima","TOSCANA","Livorno","LI","57021","43.0601","10.6142","231","83.1","6433","5942","12375","439","406","845","6872","6348","13220","6.4"
"49003","Campo nell'Elba","TOSCANA","Livorno","LI","57034","42.7487","10.2349","2","55.6","2126","2126","4252","190","111","301","2316","2237","4553","6.6"
"49004","Capoliveri","TOSCANA","Livorno","LI","57031","42.7472","10.3798","167","38.9","1568","1575","3143","326","294","620","1894","1869","3763","16.5"
"49005","Capraia Isola","TOSCANA","Livorno","LI","57032","43.0479","9.84105","52","19.0","160","201","361","19","14","33","179","215","394","8.4"
"49006","Castagneto Carducci","TOSCANA","Livorno","LI","57022","43.1597","10.6117","194","142.6","3999","3658","7657","391","414","805","4390","4072","8462","9.5"
"49007","Cecina","TOSCANA","Livorno","LI","57023","43.3085","10.5189","15","42.5","13542","12305","25847","1223","922","2145","14765","13227","27992","7.7"
"49008","Collesalvetti","TOSCANA","Livorno","LI","57014","43.5916","10.4757","40","109.6","8057","7931","15988","410","309","719","8467","8240","16707","4.3"
"49009","Livorno","TOSCANA","Livorno","LI","57100","43.5485","10.3106","3","104.3","77372","70733","148105","5018","3929","8947","82390","74662","157052","5.7"
"49010","Marciana","TOSCANA","Livorno","LI","57030","42.7909","10.1674","375","45.2","1048","991","2039","105","64","169","1153","1055","2208","7.7"
"49011","Marciana Marina","TOSCANA","Livorno","LI","57033","42.8054","10.2013","3","5.7","930","929","1859","58","29","87","988","958","1946","4.5"
"49012","Piombino","TOSCANA","Livorno","LI","57025","42.9256","10.5259","21","129.6","16696","15240","31936","1294","1189","2483","17990","16429","34419","7.2"
"49013","Porto Azzurro","TOSCANA","Livorno","LI","57036","42.7632","10.3948","2","13.3","1631","1793","3424","159","243","402","1790","2036","3826","10.5"
"49014","Portoferraio","TOSCANA","Livorno","LI","57037","42.8109","10.3212","4","48.3","5650","5284","10934","455","252","707","6105","5536","11641","6.1"
"49015","Rio Marina","TOSCANA","Livorno","LI","57038","42.816","10.4278","51","19.5","1098","1018","2116","87","32","119","1185","1050","2235","5.3"
"49016","Rio nell'Elba","TOSCANA","Livorno","LI","57039","42.8152","10.4011","165","16.7","511","550","1061","65","44","109","576","594","1170","9.3"
"49017","Rosignano Marittimo","TOSCANA","Livorno","LI","57016","43.4092","10.4721","147","120.2","15579","14321","29900","1035","817","1852","16614","15138","31752","5.8"
"49018","San Vincenzo","TOSCANA","Livorno","LI","57027","43.1024","10.5394","5","33.0","3405","3126","6531","294","198","492","3699","3324","7023","7.0"
"49019","Sassetta","TOSCANA","Livorno","LI","57020","43.1285","10.644","330","26.7","228","203","431","51","51","102","279","254","533","19.1"
"49020","Suvereto","TOSCANA","Livorno","LI","57028","43.0767","10.6784","90","92.9","1436","1371","2807","174","161","335","1610","1532","3142","10.7"
"50001","Bientina","TOSCANA","Pisa","PI","56031","43.7103","10.6214","10","29.3","3783","3600","7383","223","160","383","4006","3760","7766","4.9"
"50002","Buti","TOSCANA","Pisa","PI","56032","43.7276","10.5856","85","23.1","2770","2639","5409","191","173","364","2961","2812","5773","6.3"
"50003","Calci","TOSCANA","Pisa","PI","56011","43.7262","10.5135","50","25.2","3136","3018","6154","159","96","255","3295","3114","6409","4.0"
"50004","Calcinaia","TOSCANA","Pisa","PI","56012","43.6838","10.6142","16","15.0","5635","5419","11054","354","276","630","5989","5695","11684","5.4"
"50005","Capannoli","TOSCANA","Pisa","PI","56033","43.5833","10.6806","51","22.7","2954","2862","5816","239","158","397","3193","3020","6213","6.4"
"50006","Casale Marittimo","TOSCANA","Pisa","PI","56040","43.2964","10.6143","214","14.3","514","491","1005","50","29","79","564","520","1084","7.3"
"50007","Casciana Terme","TOSCANA","Pisa","PI","56034","43.5221","10.6186","125","36.4","1757","1632","3389","131","108","239","1888","1740","3628","6.6"
"50008","Cascina","TOSCANA","Pisa","PI","56021","43.6759","10.5559","8","78.8","21227","19947","41174","1383","1276","2659","22610","21223","43833","6.1"
"50009","Castelfranco di Sotto","TOSCANA","Pisa","PI","56022","43.6997","10.7449","16","48.4","5922","5612","11534","647","723","1370","6569","6335","12904","10.6"
"50010","Castellina Marittima","TOSCANA","Pisa","PI","56040","43.3899","10.5409","375","45.7","934","955","1889","58","38","96","992","993","1985","4.8"
"50011","Castelnuovo di Val di Cecina","TOSCANA","Pisa","PI","56041","43.2097","10.9051","576","88.8","1011","905","1916","177","197","374","1188","1102","2290","16.3"
"50012","Chianni","TOSCANA","Pisa","PI","56034","43.4662","10.6422","284","62.1","703","667","1370","53","34","87","756","701","1457","6.0"
"50013","Crespina","TOSCANA","Pisa","PI","56040","43.5689","10.5627","86","27.0","1954","1979","3933","103","88","191","2057","2067","4124","4.6"
"50014","Fauglia","TOSCANA","Pisa","PI","56043","43.5691","10.5172","91","42.4","1741","1679","3420","103","69","172","1844","1748","3592","4.8"
"50015","Guardistallo","TOSCANA","Pisa","PI","56040","43.3113","10.6294","278","23.8","610","550","1160","53","41","94","663","591","1254","7.5"
"50016","Lajatico","TOSCANA","Pisa","PI","56030","43.4577","10.7323","205","72.5","661","646","1307","43","26","69","704","672","1376","5.0"
"50017","Lari","TOSCANA","Pisa","PI","56035","43.5653","10.5916","130","45.1","4190","4063","8253","261","224","485","4451","4287","8738","5.6"
"50018","Lorenzana","TOSCANA","Pisa","PI","56043","43.5429","10.5269","127","19.4","575","580","1155","25","21","46","600","601","1201","3.8"
"50019","Montecatini Val di Cecina","TOSCANA","Pisa","PI","56040","43.3949","10.7485","416","155.4","832","857","1689","79","52","131","911","909","1820","7.2"
"50020","Montescudaio","TOSCANA","Pisa","PI","56040","43.3262","10.6266","242","19.9","904","914","1818","83","57","140","987","971","1958","7.2"
"50021","Monteverdi Marittimo","TOSCANA","Pisa","PI","56040","43.1767","10.7158","364","98.4","324","339","663","52","63","115","376","402","778","14.8"
"50022","Montopoli in Val d'Arno","TOSCANA","Pisa","PI","56020","43.6766","10.7384","98","30.0","5228","5109","10337","415","415","830","5643","5524","11167","7.4"
"50023","Orciano Pisano","TOSCANA","Pisa","PI","56040","43.4944","10.5103","122","11.6","290","310","600","17","18","35","307","328","635","5.5"
"50024","Palaia","TOSCANA","Pisa","PI","56036","43.6056","10.7774","240","73.8","2225","2088","4313","157","102","259","2382","2190","4572","5.7"
"50025","Peccioli","TOSCANA","Pisa","PI","56037","43.5296","10.7774","144","92.6","2365","2272","4637","176","126","302","2541","2398","4939","6.1"
"50026","Pisa","TOSCANA","Pisa","PI","56100","43.7228","10.4017","4","185.1","41263","36612","77875","4415","3568","7983","45678","40180","85858","9.3"
"50027","Pomarance","TOSCANA","Pisa","PI","56045","43.299","10.8722","370","227.5","2772","2671","5443","222","180","402","2994","2851","5845","6.9"
"50028","Ponsacco","TOSCANA","Pisa","PI","56038","43.621","10.6299","24","19.9","7152","6834","13986","647","604","1251","7799","7438","15237","8.2"
"50029","Pontedera","TOSCANA","Pisa","PI","56025","43.664","10.6344","14","46.0","12912","11741","24653","1551","1857","3408","14463","13598","28061","12.1"
"50030","Riparbella","TOSCANA","Pisa","PI","56046","43.3664","10.601","216","58.8","717","734","1451","107","73","180","824","807","1631","11.0"
"50031","San Giuliano Terme","TOSCANA","Pisa","PI","56017","43.7597","10.4419","6","91.8","15306","14378","29684","826","593","1419","16132","14971","31103","4.6"
"50032","San Miniato","TOSCANA","Pisa","PI","56028","43.683","10.8551","140","102.6","13198","12630","25828","929","828","1757","14127","13458","27585","6.4"
"50033","Santa Croce sull'Arno","TOSCANA","Pisa","PI","56029","43.7109","10.7836","18","16.9","5819","5399","11218","1238","1605","2843","7057","7004","14061","20.2"
"50034","Santa Luce","TOSCANA","Pisa","PI","56040","43.4727","10.5649","225","66.7","798","812","1610","56","71","127","854","883","1737","7.3"
"50035","Santa Maria a Monte","TOSCANA","Pisa","PI","56020","43.6988","10.6894","56","38.3","6012","5897","11909","482","456","938","6494","6353","12847","7.3"
"50036","Terricciola","TOSCANA","Pisa","PI","56030","43.5223","10.676","180","43.4","2165","2096","4261","141","109","250","2306","2205","4511","5.5"
"50037","Vecchiano","TOSCANA","Pisa","PI","56019","43.7833","10.3889","5","67.4","6052","5700","11752","342","272","614","6394","5972","12366","5.0"
"50038","Vicopisano","TOSCANA","Pisa","PI","56010","43.6991","10.5831","12","26.9","4124","3910","8034","247","198","445","4371","4108","8479","5.2"
"50039","Volterra","TOSCANA","Pisa","PI","56048","43.3994","10.866","531","252.9","5197","4913","10110","350","229","579","5547","5142","10689","5.4"
"51001","Anghiari","TOSCANA","Arezzo","AR","52031","43.5401","12.0522","429","130.6","2682","2575","5257","228","187","415","2910","2762","5672","7.3"
"51002","Arezzo","TOSCANA","Arezzo","AR","52100","43.467","11.8823","296","386.3","45732","42014","87746","5555","4843","10398","51287","46857","98144","10.6"
"51003","Badia Tedalda","TOSCANA","Arezzo","AR","52032","43.707","12.1845","700","119.1","501","524","1025","27","39","66","528","563","1091","6.0"
"51004","Bibbiena","TOSCANA","Arezzo","AR","52011","43.6941","11.8159","425","86.4","5381","5167","10548","864","872","1736","6245","6039","12284","14.1"
"51005","Bucine","TOSCANA","Arezzo","AR","52021","43.4781","11.6149","249","131.1","4630","4538","9168","472","393","865","5102","4931","10033","8.6"
"51006","Capolona","TOSCANA","Arezzo","AR","52010","43.5653","11.8591","263","47.4","2553","2431","4984","258","186","444","2811","2617","5428","8.2"
"51007","Caprese Michelangelo","TOSCANA","Arezzo","AR","52033","43.6414","11.9872","653","67.4","710","686","1396","67","53","120","777","739","1516","7.9"
"51008","Castel Focognano","TOSCANA","Arezzo","AR","52016","43.6523","11.7871","310","56.6","1470","1449","2919","170","150","320","1640","1599","3239","9.9"
"51009","Castelfranco di Sopra","TOSCANA","Arezzo","AR","52020","43.6212","11.5569","281","37.6","1450","1485","2935","76","55","131","1526","1540","3066","4.3"
"51010","Castel San Niccolò","TOSCANA","Arezzo","AR","52018","43.7523","11.7227","380","83.1","1284","1237","2521","104","114","218","1388","1351","2739","8.0"
"51011","Castiglion Fibocchi","TOSCANA","Arezzo","AR","52029","43.5307","11.7625","300","25.7","995","999","1994","119","105","224","1114","1104","2218","10.1"
"51012","Castiglion Fiorentino","TOSCANA","Arezzo","AR","52043","43.3447","11.9188","345","113.3","5971","5823","11794","742","630","1372","6713","6453","13166","10.4"
"51013","Cavriglia","TOSCANA","Arezzo","AR","52022","43.5214","11.4903","281","60.9","4562","4440","9002","262","194","456","4824","4634","9458","4.8"
"51014","Chitignano","TOSCANA","Arezzo","AR","52010","43.6608","11.8835","582","14.7","424","415","839","55","39","94","479","454","933","10.1"
"51015","Chiusi della Verna","TOSCANA","Arezzo","AR","52010","43.6993","11.9352","954","102.3","962","940","1902","88","68","156","1050","1008","2058","7.6"
"51016","Civitella in Val di Chiana","TOSCANA","Arezzo","AR","52041","43.4164","11.7228","280","100.4","4236","4165","8401","399","311","710","4635","4476","9111","7.8"
"51017","Cortona","TOSCANA","Arezzo","AR","52044","43.2751","11.9851","494","342.3","10474","9781","20255","1230","1010","2240","11704","10791","22495","10.0"
"51018","Foiano della Chiana","TOSCANA","Arezzo","AR","52045","43.254","11.816","318","40.8","4126","3974","8100","689","559","1248","4815","4533","9348","13.4"
"51019","Laterina","TOSCANA","Arezzo","AR","52020","43.508","11.7235","240","24.1","1631","1625","3256","158","127","285","1789","1752","3541","8.0"
"51020","Loro Ciuffenna","TOSCANA","Arezzo","AR","52024","43.6342","11.6385","330","86.7","2768","2754","5522","207","163","370","2975","2917","5892","6.3"
"51021","Lucignano","TOSCANA","Arezzo","AR","52046","43.2743","11.7474","400","44.9","1700","1650","3350","162","103","265","1862","1753","3615","7.3"
"51022","Marciano della Chiana","TOSCANA","Arezzo","AR","52047","43.3052","11.7873","320","23.7","1620","1525","3145","159","118","277","1779","1643","3422","8.1"
"51023","Montemignaio","TOSCANA","Arezzo","AR","52010","43.7437","11.6268","740","26.1","272","265","537","25","14","39","297","279","576","6.8"
"51024","Monterchi","TOSCANA","Arezzo","AR","52035","43.4833","12.0833","356","28.7","862","842","1704","65","53","118","927","895","1822","6.5"
"51025","Monte San Savino","TOSCANA","Arezzo","AR","52048","43.3292","11.7292","330","89.6","4106","3936","8042","396","305","701","4502","4241","8743","8.0"
"51026","Montevarchi","TOSCANA","Arezzo","AR","52025","43.5218","11.5692","144","56.8","10616","10047","20663","1736","1572","3308","12352","11619","23971","13.8"
"51027","Ortignano Raggiolo","TOSCANA","Arezzo","AR","52010","43.6817","11.7526","483","36.4","407","416","823","31","24","55","438","440","878","6.3"
"51028","Pergine Valdarno","TOSCANA","Arezzo","AR","52020","43.4694","11.6853","361","46.7","1573","1466","3039","93","86","179","1666","1552","3218","5.6"
"51029","Pian di Sco","TOSCANA","Arezzo","AR","52026","43.6444","11.5475","349","18.4","3091","3085","6176","153","123","276","3244","3208","6452","4.3"
"51030","Pieve Santo Stefano","TOSCANA","Arezzo","AR","52036","43.6676","12.0432","433","155.8","1454","1431","2885","162","143","305","1616","1574","3190","9.6"
"51031","Poppi","TOSCANA","Arezzo","AR","52014","43.7234","11.77","437","97.0","2765","2742","5507","359","330","689","3124","3072","6196","11.1"
"51032","Pratovecchio","TOSCANA","Arezzo","AR","52015","43.7908","11.7196","420","75.5","1391","1333","2724","207","176","383","1598","1509","3107","12.3"
"51033","San Giovanni Valdarno","TOSCANA","Arezzo","AR","52027","43.5725","11.523","134","21.3","8031","7180","15211","910","769","1679","8941","7949","16890","9.9"
"51034","Sansepolcro","TOSCANA","Arezzo","AR","52037","43.5741","12.1368","330","91.5","7487","6947","14434","886","788","1674","8373","7735","16108","10.4"
"51035","Sestino","TOSCANA","Arezzo","AR","52038","43.7076","12.2952","493","80.5","623","625","1248","83","90","173","706","715","1421","12.2"
"51036","Stia","TOSCANA","Arezzo","AR","52017","43.8041","11.7086","441","62.7","1322","1268","2590","159","155","314","1481","1423","2904","10.8"
"51037","Subbiano","TOSCANA","Arezzo","AR","52010","43.5712","11.8691","266","78.2","2864","2869","5733","289","277","566","3153","3146","6299","9.0"
"51038","Talla","TOSCANA","Arezzo","AR","52010","43.6012","11.7876","348","60.1","491","521","1012","62","56","118","553","577","1130","10.4"
"51039","Terranuova Bracciolini","TOSCANA","Arezzo","AR","52028","43.5519","11.5853","156","85.4","5790","5602","11392","455","455","910","6245","6057","12302","7.4"
"52001","Abbadia San Salvatore","TOSCANA","Siena","SI","53021","42.8818","11.6739","822","58.9","3196","2896","6092","279","186","465","3475","3082","6557","7.1"
"52002","Asciano","TOSCANA","Siena","SI","53041","43.234","11.5606","200","215.5","3291","3177","6468","414","346","760","3705","3523","7228","10.5"
"52003","Buonconvento","TOSCANA","Siena","SI","53022","43.1361","11.4796","147","64.8","1495","1391","2886","145","151","296","1640","1542","3182","9.3"
"52004","Casole d'Elsa","TOSCANA","Siena","SI","53031","43.3426","11.045","417","148.6","1775","1733","3508","204","174","378","1979","1907","3886","9.7"
"52005","Castellina in Chianti","TOSCANA","Siena","SI","53011","43.4812","11.2751","578","99.5","1200","1227","2427","219","217","436","1419","1444","2863","15.2"
"52006","Castelnuovo Berardenga","TOSCANA","Siena","SI","53019","43.3468","11.5039","351","177.0","4064","3876","7940","472","375","847","4536","4251","8787","9.6"
"52007","Castiglione d'Orcia","TOSCANA","Siena","SI","53023","43.0026","11.6144","540","141.8","1164","1077","2241","125","87","212","1289","1164","2453","8.6"
"52008","Cetona","TOSCANA","Siena","SI","53040","42.9632","11.9001","385","53.2","1324","1256","2580","156","109","265","1480","1365","2845","9.3"
"52009","Chianciano Terme","TOSCANA","Siena","SI","53042","43.0443","11.8138","475","36.5","3331","2886","6217","460","381","841","3791","3267","7058","11.9"
"52010","Chiusdino","TOSCANA","Siena","SI","53012","43.1554","11.0885","564","141.8","791","752","1543","173","161","334","964","913","1877","17.8"
"52011","Chiusi","TOSCANA","Siena","SI","53043","43.0155","11.9448","398","58.1","3992","3626","7618","652","566","1218","4644","4192","8836","13.8"
"52012","Colle di Val d'Elsa","TOSCANA","Siena","SI","53034","43.42","11.1272","141","92.2","9751","9211","18962","1199","1095","2294","10950","10306","21256","10.8"
"52013","Gaiole in Chianti","TOSCANA","Siena","SI","53013","43.4295","11.4112","360","129.0","1060","1061","2121","299","338","637","1359","1399","2758","23.1"
"52014","Montalcino","TOSCANA","Siena","SI","53024","43.0551","11.489","567","243.6","2328","2135","4463","355","327","682","2683","2462","5145","13.3"
"52015","Montepulciano","TOSCANA","Siena","SI","53045","43.0935","11.7795","605","165.6","6749","6323","13072","650","515","1165","7399","6838","14237","8.2"
"52016","Monteriggioni","TOSCANA","Siena","SI","53035","43.363","11.2184","274","99.5","4371","4241","8612","380","272","652","4751","4513","9264","7.0"
"52017","Monteroni d'Arbia","TOSCANA","Siena","SI","53014","43.2297","11.4223","161","105.8","3817","3748","7565","625","554","1179","4442","4302","8744","13.5"
"52018","Monticiano","TOSCANA","Siena","SI","53015","43.1145","11.2184","375","109.5","587","565","1152","178","175","353","765","740","1505","23.5"
"52019","Murlo","TOSCANA","Siena","SI","53016","43.1669","11.3658","294","114.8","1038","1071","2109","150","129","279","1188","1200","2388","11.7"
"52020","Piancastagnaio","TOSCANA","Siena","SI","53025","42.85","11.6867","772","69.7","1987","1917","3904","172","100","272","2159","2017","4176","6.5"
"52021","Pienza","TOSCANA","Siena","SI","53026","43.0579","11.6841","491","122.5","1022","976","1998","84","59","143","1106","1035","2141","6.7"
"52022","Poggibonsi","TOSCANA","Siena","SI","53036","43.4726","11.1468","116","70.7","13504","12651","26155","1473","1324","2797","14977","13975","28952","9.7"
"52023","Radda in Chianti","TOSCANA","Siena","SI","53017","43.5018","11.3545","530","80.6","717","691","1408","164","121","285","881","812","1693","16.8"
"52024","Radicofani","TOSCANA","Siena","SI","53040","42.8959","11.7674","814","118.5","558","556","1114","18","19","37","576","575","1151","3.2"
"52025","Radicondoli","TOSCANA","Siena","SI","53030","43.2612","11.0435","509","132.5","402","402","804","71","56","127","473","458","931","13.6"
"52026","Rapolano Terme","TOSCANA","Siena","SI","53040","43.285","11.6047","334","83.1","2339","2219","4558","288","283","571","2627","2502","5129","11.1"
"52027","San Casciano dei Bagni","TOSCANA","Siena","SI","53040","42.8716","11.8753","582","91.9","761","754","1515","76","46","122","837","800","1637","7.5"
"52028","San Gimignano","TOSCANA","Siena","SI","53037","43.4676","11.0435","324","138.8","3570","3496","7066","342","269","611","3912","3765","7677","8.0"
"52029","San Giovanni d'Asso","TOSCANA","Siena","SI","53020","43.1518","11.5891","310","66.4","388","392","780","65","53","118","453","445","898","13.1"
"52030","San Quirico d'Orcia","TOSCANA","Siena","SI","53027","43.0582","11.6061","409","42.2","1173","1158","2331","199","150","349","1372","1308","2680","13.0"
"52031","Sarteano","TOSCANA","Siena","SI","53047","42.9892","11.8701","573","85.3","2284","2004","4288","252","201","453","2536","2205","4741","9.6"
"52032","Siena","TOSCANA","Siena","SI","53100","43.3188","11.3308","322","118.7","26092","22726","48818","2469","1552","4021","28561","24278","52839","7.6"
"52033","Sinalunga","TOSCANA","Siena","SI","53048","43.2123","11.7365","364","78.6","5831","5437","11268","626","582","1208","6457","6019","12476","9.7"
"52034","Sovicille","TOSCANA","Siena","SI","53018","43.281","11.2266","265","143.8","4528","4264","8792","635","508","1143","5163","4772","9935","11.5"
"52035","Torrita di Siena","TOSCANA","Siena","SI","53049","43.1689","11.7749","325","58.4","3454","3301","6755","304","298","602","3758","3599","7357","8.2"
"52036","Trequanda","TOSCANA","Siena","SI","53020","43.1879","11.6678","453","64.1","609","591","1200","72","67","139","681","658","1339","10.4"
"53001","Arcidosso","TOSCANA","Grosseto","GR","58031","42.8711","11.5401","679","93.4","1934","1750","3684","269","360","629","2203","2110","4313","14.6"
"53002","Campagnatico","TOSCANA","Grosseto","GR","58042","42.8837","11.2737","275","162.2","1167","1170","2337","81","80","161","1248","1250","2498","6.4"
"53003","Capalbio","TOSCANA","Grosseto","GR","58011","42.4534","11.4237","217","187.6","1839","1771","3610","234","222","456","2073","1993","4066","11.2"
"53004","Castel del Piano","TOSCANA","Grosseto","GR","58033","42.8886","11.5358","637","67.8","2117","1956","4073","299","299","598","2416","2255","4671","12.8"
"53005","Castell'Azzara","TOSCANA","Grosseto","GR","58034","42.7744","11.697","815","64.7","784","727","1511","54","36","90","838","763","1601","5.6"
"53006","Castiglione della Pescaia","TOSCANA","Grosseto","GR","58043","42.7639","10.875","4","209.0","3450","3313","6763","207","106","313","3657","3419","7076","4.4"
"53007","Cinigiano","TOSCANA","Grosseto","GR","58044","42.8906","11.39","324","161.6","1130","1115","2245","207","210","417","1337","1325","2662","15.7"
"53008","Civitella Paganico","TOSCANA","Grosseto","GR","58045","42.9308","11.2682","329","192.7","1409","1328","2737","188","211","399","1597","1539","3136","12.7"
"53009","Follonica","TOSCANA","Grosseto","GR","58022","42.9227","10.7593","4","55.8","10567","9498","20065","847","567","1414","11414","10065","21479","6.6"
"53010","Gavorrano","TOSCANA","Grosseto","GR","58023","42.9251","10.9078","273","164.0","4045","3854","7899","406","355","761","4451","4209","8660","8.8"
"53011","Grosseto","TOSCANA","Grosseto","GR","58100","42.7635","11.1124","10","474.5","38395","35068","73463","3074","2093","5167","41469","37161","78630","6.6"
"53012","Isola del Giglio","TOSCANA","Grosseto","GR","58012","42.3675","10.893","405","23.8","623","693","1316","61","41","102","684","734","1418","7.2"
"53013","Magliano in Toscana","TOSCANA","Grosseto","GR","58051","42.5999","11.2912","128","250.7","1742","1679","3421","127","85","212","1869","1764","3633","5.8"
"53014","Manciano","TOSCANA","Grosseto","GR","58014","42.5889","11.5174","444","372.0","3376","3122","6498","390","371","761","3766","3493","7259","10.5"
"53015","Massa Marittima","TOSCANA","Grosseto","GR","58024","43.0532","10.888","380","283.7","4141","3662","7803","421","390","811","4562","4052","8614","9.4"
"53016","Monte Argentario","TOSCANA","Grosseto","GR","58019","42.4143","11.1588","5","60.3","6167","5867","12034","325","197","522","6492","6064","12556","4.2"
"53017","Montieri","TOSCANA","Grosseto","GR","58026","43.1307","11.0161","704","108.3","460","422","882","129","136","265","589","558","1147","23.1"
"53018","Orbetello","TOSCANA","Grosseto","GR","58015","42.4396","11.2124","3","227.0","7263","6589","13852","498","355","853","7761","6944","14705","5.8"
"53019","Pitigliano","TOSCANA","Grosseto","GR","58017","42.6353","11.67","313","102.9","1921","1801","3722","93","55","148","2014","1856","3870","3.8"
"53020","Roccalbegna","TOSCANA","Grosseto","GR","58053","42.7735","11.4566","522","125.0","497","500","997","48","54","102","545","554","1099","9.3"
"53021","Roccastrada","TOSCANA","Grosseto","GR","58036","43.0111","11.1672","475","284.4","4284","3964","8248","539","591","1130","4823","4555","9378","12.0"
"53022","Santa Fiora","TOSCANA","Grosseto","GR","58037","42.8324","11.5846","687","62.9","1240","1186","2426","137","139","276","1377","1325","2702","10.2"
"53023","Scansano","TOSCANA","Grosseto","GR","58054","42.6864","11.3339","500","273.6","1959","1931","3890","319","325","644","2278","2256","4534","14.2"
"53024","Scarlino","TOSCANA","Grosseto","GR","58020","42.9072","10.851","229","88.4","1748","1733","3481","115","103","218","1863","1836","3699","5.9"
"53025","Seggiano","TOSCANA","Grosseto","GR","58038","42.9278","11.5576","491","49.5","424","413","837","87","80","167","511","493","1004","16.6"
"53026","Sorano","TOSCANA","Grosseto","GR","58010","42.6826","11.7142","379","174.6","1706","1662","3368","144","84","228","1850","1746","3596","6.3"
"53027","Monterotondo Marittimo","TOSCANA","Grosseto","GR","58025","43.1444","10.8561","539","102.5","544","525","1069","150","195","345","694","720","1414","24.4"
"53028","Semproniano","TOSCANA","Grosseto","GR","58055","42.73","11.5406","601","81.4","542","500","1042","56","46","102","598","546","1144","8.9"
"54001","Assisi","UMBRIA","Perugia","PG","6081","43.0707","12.6196","424","186.8","12697","11975","24672","1519","1186","2705","14216","13161","27377","9.9"
"54002","Bastia Umbra","UMBRIA","Perugia","PG","6083","43.0671","12.5591","202","27.6","9859","9442","19301","1288","1064","2352","11147","10506","21653","10.9"
"54003","Bettona","UMBRIA","Perugia","PG","6084","43.0116","12.4863","353","45.2","1981","1858","3839","256","207","463","2237","2065","4302","10.8"
"54004","Bevagna","UMBRIA","Perugia","PG","6031","42.9373","12.6093","210","56.2","2368","2323","4691","214","169","383","2582","2492","5074","7.5"
"54005","Campello sul Clitunno","UMBRIA","Perugia","PG","6042","42.83","12.7692","290","49.8","1151","1164","2315","109","76","185","1260","1240","2500","7.4"
"54006","Cannara","UMBRIA","Perugia","PG","6033","42.9919","12.5824","191","32.7","2001","1923","3924","212","172","384","2213","2095","4308","8.9"
"54007","Cascia","UMBRIA","Perugia","PG","6043","42.7169","13.0119","653","181.1","1541","1534","3075","116","57","173","1657","1591","3248","5.3"
"54008","Castel Ritaldi","UMBRIA","Perugia","PG","6044","42.8218","12.6745","297","22.5","1506","1446","2952","205","162","367","1711","1608","3319","11.1"
"54009","Castiglione del Lago","UMBRIA","Perugia","PG","6061","43.1264","12.0478","304","205.5","6894","6579","13473","1015","934","1949","7909","7513","15422","12.6"
"54010","Cerreto di Spoleto","UMBRIA","Perugia","PG","6041","42.8216","12.9182","557","74.8","547","517","1064","39","19","58","586","536","1122","5.2"
"54011","Citerna","UMBRIA","Perugia","PG","6010","43.498","12.1178","480","24.2","1604","1604","3208","149","101","250","1753","1705","3458","7.2"
"54012","Città della Pieve","UMBRIA","Perugia","PG","6062","42.9576","12.0069","509","111.4","3604","3328","6932","474","397","871","4078","3725","7803","11.2"
"54013","Città di Castello","UMBRIA","Perugia","PG","6012","43.4621","12.2389","288","387.5","18852","17589","36441","2064","1559","3623","20916","19148","40064","9.0"
"54014","Collazzone","UMBRIA","Perugia","PG","6050","42.9037","12.4348","469","55.8","1545","1499","3044","253","281","534","1798","1780","3578","14.9"
"54015","Corciano","UMBRIA","Perugia","PG","6073","43.1238","12.2893","408","63.7","9397","8981","18378","1080","797","1877","10477","9778","20255","9.3"
"54016","Costacciaro","UMBRIA","Perugia","PG","6021","43.3586","12.7156","567","41.3","614","573","1187","50","46","96","664","619","1283","7.5"
"54017","Deruta","UMBRIA","Perugia","PG","6053","42.9884","12.4266","218","44.4","4336","4175","8511","535","410","945","4871","4585","9456","10.0"
"54018","Foligno","UMBRIA","Perugia","PG","6034","42.9509","12.7015","234","263.8","26080","23664","49744","3428","2873","6301","29508","26537","56045","11.2"
"54019","Fossato di Vico","UMBRIA","Perugia","PG","6022","43.2982","12.7626","581","35.3","1223","1132","2355","236","226","462","1459","1358","2817","16.4"
"54020","Fratta Todina","UMBRIA","Perugia","PG","6054","42.8579","12.3634","215","17.5","866","775","1641","117","82","199","983","857","1840","10.8"
"54021","Giano dell'Umbria","UMBRIA","Perugia","PG","6030","42.8337","12.5766","546","44.4","1555","1525","3080","372","364","736","1927","1889","3816","19.3"
"54022","Gualdo Cattaneo","UMBRIA","Perugia","PG","6035","42.912","12.5562","446","96.8","2772","2698","5470","366","442","808","3138","3140","6278","12.9"
"54023","Gualdo Tadino","UMBRIA","Perugia","PG","6023","43.2341","12.7822","536","124.2","7209","6571","13780","912","761","1673","8121","7332","15453","10.8"
"54024","Gubbio","UMBRIA","Perugia","PG","6024","43.3505","12.5738","522","525.1","15471","14890","30361","1201","870","2071","16672","15760","32432","6.4"
"54025","Lisciano Niccone","UMBRIA","Perugia","PG","6060","43.2472","12.142","314","35.5","258","250","508","58","58","116","316","308","624","18.6"
"54026","Magione","UMBRIA","Perugia","PG","6063","43.1421","12.2039","299","129.8","6714","6489","13203","757","629","1386","7471","7118","14589","9.5"
"54027","Marsciano","UMBRIA","Perugia","PG","6055","42.9097","12.3351","184","161.6","8348","8046","16394","1255","1052","2307","9603","9098","18701","12.3"
"54028","Massa Martana","UMBRIA","Perugia","PG","6056","42.7766","12.5233","351","78.1","1699","1669","3368","225","229","454","1924","1898","3822","11.9"
"54029","Monte Castello di Vibio","UMBRIA","Perugia","PG","6057","42.8379","12.3483","423","31.9","740","707","1447","92","81","173","832","788","1620","10.7"
"54030","Montefalco","UMBRIA","Perugia","PG","6036","42.8893","12.6503","472","69.3","2653","2552","5205","258","228","486","2911","2780","5691","8.5"
"54031","Monteleone di Spoleto","UMBRIA","Perugia","PG","6045","42.6504","12.9516","978","61.6","286","321","607","10","9","19","296","330","626","3.0"
"54032","Monte Santa Maria Tiberina","UMBRIA","Perugia","PG","6010","43.4361","12.1632","688","72.0","545","562","1107","59","50","109","604","612","1216","9.0"
"54033","Montone","UMBRIA","Perugia","PG","6014","43.3623","12.3237","482","50.9","758","738","1496","94","73","167","852","811","1663","10.0"
"54034","Nocera Umbra","UMBRIA","Perugia","PG","6025","43.1135","12.7876","520","157.2","2748","2624","5372","315","266","581","3063","2890","5953","9.8"
"54035","Norcia","UMBRIA","Perugia","PG","6046","42.7917","13.0947","604","274.3","2288","2170","4458","244","213","457","2532","2383","4915","9.3"
"54036","Paciano","UMBRIA","Perugia","PG","6060","43.0242","12.0661","391","16.8","440","433","873","63","46","109","503","479","982","11.1"
"54037","Panicale","UMBRIA","Perugia","PG","6064","43.0482","12.1404","431","78.8","2576","2468","5044","368","322","690","2944","2790","5734","12.0"
"54038","Passignano sul Trasimeno","UMBRIA","Perugia","PG","6065","43.1876","12.1342","289","81.1","2545","2407","4952","307","263","570","2852","2670","5522","10.3"
"54039","Perugia","UMBRIA","Perugia","PG","6100","43.1107","12.3908","493","449.9","75031","68885","143916","10520","8013","18533","85551","76898","162449","11.4"
"54040","Piegaro","UMBRIA","Perugia","PG","6066","42.9627","12.0848","356","98.9","1751","1651","3402","227","170","397","1978","1821","3799","10.5"
"54041","Pietralunga","UMBRIA","Perugia","PG","6026","43.443","12.4486","566","140.2","1015","1024","2039","87","56","143","1102","1080","2182","6.6"
"54042","Poggiodomo","UMBRIA","Perugia","PG","6040","42.7205","12.932","974","40.0","63","68","131","4","0","4","67","68","135","3.0"
"54043","Preci","UMBRIA","Perugia","PG","6047","42.8807","13.0396","596","82.1","344","338","682","32","43","75","376","381","757","9.9"
"54044","San Giustino","UMBRIA","Perugia","PG","6016","43.5518","12.1725","336","80.7","5352","5081","10433","506","398","904","5858","5479","11337","8.0"
"54045","Sant'Anatolia di Narco","UMBRIA","Perugia","PG","6040","42.733","12.836","328","47.3","253","274","527","17","14","31","270","288","558","5.6"
"54046","Scheggia e Pascelupo","UMBRIA","Perugia","PG","6027","43.4031","12.6663","580","64.0","697","663","1360","45","37","82","742","700","1442","5.7"
"54047","Scheggino","UMBRIA","Perugia","PG","6040","42.7121","12.8295","282","35.2","220","220","440","27","14","41","247","234","481","8.5"
"54048","Sellano","UMBRIA","Perugia","PG","6030","42.888","12.9253","640","85.5","548","523","1071","39","30","69","587","553","1140","6.1"
"54049","Sigillo","UMBRIA","Perugia","PG","6028","43.3313","12.7411","490","26.3","1211","1152","2363","64","41","105","1275","1193","2468","4.3"
"54050","Spello","UMBRIA","Perugia","PG","6038","42.9877","12.6712","280","61.3","4151","3930","8081","326","224","550","4477","4154","8631","6.4"
"54051","Spoleto","UMBRIA","Perugia","PG","6049","42.7305","12.7345","396","349.6","17864","16952","34816","2022","1591","3613","19886","18543","38429","9.4"
"54052","Todi","UMBRIA","Perugia","PG","6059","42.7819","12.4066","400","223.0","7889","7472","15361","847","692","1539","8736","8164","16900","9.1"
"54053","Torgiano","UMBRIA","Perugia","PG","6089","43.0273","12.4324","219","37.9","3096","2978","6074","251","195","446","3347","3173","6520","6.8"
"54054","Trevi","UMBRIA","Perugia","PG","6039","42.8658","12.7507","412","71.2","3776","3611","7387","489","459","948","4265","4070","8335","11.4"
"54055","Tuoro sul Trasimeno","UMBRIA","Perugia","PG","6069","43.2079","12.0706","309","55.6","1774","1651","3425","224","201","425","1998","1852","3850","11.0"
"54056","Umbertide","UMBRIA","Perugia","PG","6019","43.3056","12.3279","247","200.2","7218","6771","13989","1284","1208","2492","8502","7979","16481","15.1"
"54057","Valfabbrica","UMBRIA","Perugia","PG","6029","43.1757","12.6331","289","92.1","1631","1572","3203","171","128","299","1802","1700","3502","8.5"
"54058","Vallo di Nera","UMBRIA","Perugia","PG","6040","42.8016","12.8636","333","36.0","186","172","358","23","20","43","209","192","401","10.7"
"54059","Valtopina","UMBRIA","Perugia","PG","6030","43.0588","12.7544","360","40.5","653","635","1288","113","85","198","766","720","1486","13.3"
"55001","Acquasparta","UMBRIA","Terni","TR","5021","42.6908","12.5419","320","79.6","2253","2013","4266","313","350","663","2566","2363","4929","13.5"
"55002","Allerona","UMBRIA","Terni","TR","5011","42.8126","11.9739","472","82.2","900","855","1755","64","40","104","964","895","1859","5.6"
"55003","Alviano","UMBRIA","Terni","TR","5020","42.5911","12.2978","251","23.8","762","705","1467","33","14","47","795","719","1514","3.1"
"55004","Amelia","UMBRIA","Terni","TR","5022","42.5568","12.4146","370","132.6","5664","5402","11066","405","310","715","6069","5712","11781","6.1"
"55005","Arrone","UMBRIA","Terni","TR","5031","42.584","12.7682","243","41.0","1306","1244","2550","163","126","289","1469","1370","2839","10.2"
"55006","Attigliano","UMBRIA","Terni","TR","5012","42.5168","12.2922","95","10.5","822","827","1649","160","108","268","982","935","1917","14.0"
"55007","Baschi","UMBRIA","Terni","TR","5023","42.6694","12.2163","165","68.3","1311","1291","2602","122","79","201","1433","1370","2803","7.2"
"55008","Calvi dell'Umbria","UMBRIA","Terni","TR","5032","42.4039","12.5694","401","45.8","919","831","1750","84","49","133","1003","880","1883","7.1"
"55009","Castel Giorgio","UMBRIA","Terni","TR","5013","42.7078","11.9794","559","42.4","1075","972","2047","74","57","131","1149","1029","2178","6.0"
"55010","Castel Viscardo","UMBRIA","Terni","TR","5014","42.7557","12.0027","507","26.3","1458","1356","2814","116","98","214","1574","1454","3028","7.1"
"55011","Fabro","UMBRIA","Terni","TR","5015","42.8725","12.0165","364","34.3","1296","1278","2574","186","146","332","1482","1424","2906","11.4"
"55012","Ferentillo","UMBRIA","Terni","TR","5034","42.6204","12.7844","260","69.6","905","899","1804","99","60","159","1004","959","1963","8.1"
"55013","Ficulle","UMBRIA","Terni","TR","5016","42.837","12.0656","437","64.8","753","763","1516","99","80","179","852","843","1695","10.6"
"55014","Giove","UMBRIA","Terni","TR","5024","42.5107","12.3343","292","15.2","928","866","1794","58","48","106","986","914","1900","5.6"
"55015","Guardea","UMBRIA","Terni","TR","5025","42.6276","12.2963","387","39.3","906","842","1748","66","49","115","972","891","1863","6.2"
"55016","Lugnano in Teverina","UMBRIA","Terni","TR","5020","42.5752","12.3321","419","29.7","717","748","1465","39","35","74","756","783","1539","4.8"
"55017","Montecastrilli","UMBRIA","Terni","TR","5026","42.646","12.4824","391","62.4","2409","2358","4767","241","182","423","2650","2540","5190","8.2"
"55018","Montecchio","UMBRIA","Terni","TR","5020","42.6625","12.2871","377","49.0","811","765","1576","61","86","147","872","851","1723","8.5"
"55019","Montefranco","UMBRIA","Terni","TR","5030","42.5979","12.7652","375","10.1","603","587","1190","58","41","99","661","628","1289","7.7"
"55020","Montegabbione","UMBRIA","Terni","TR","5010","42.9224","12.0912","594","51.2","512","510","1022","103","110","213","615","620","1235","17.2"
"55021","Monteleone d'Orvieto","UMBRIA","Terni","TR","5017","42.9214","12.0539","500","23.9","742","652","1394","82","83","165","824","735","1559","10.6"
"55022","Narni","UMBRIA","Terni","TR","5035","42.5176","12.5156","240","197.9","9627","8976","18603","860","591","1451","10487","9567","20054","7.2"
"55023","Orvieto","UMBRIA","Terni","TR","5018","42.7185","12.1107","325","281.2","10054","9202","19256","1024","784","1808","11078","9986","21064","8.6"
"55024","Otricoli","UMBRIA","Terni","TR","5030","42.422","12.4777","209","27.3","881","864","1745","92","78","170","973","942","1915","8.9"
"55025","Parrano","UMBRIA","Terni","TR","5010","42.8637","12.1061","441","39.9","275","251","526","33","31","64","308","282","590","10.8"
"55026","Penna in Teverina","UMBRIA","Terni","TR","5028","42.4933","12.3548","302","10.0","509","474","983","43","30","73","552","504","1056","6.9"
"55027","Polino","UMBRIA","Terni","TR","5030","42.5834","12.8444","836","19.5","109","125","234","6","6","12","115","131","246","4.9"
"55028","Porano","UMBRIA","Terni","TR","5010","42.6869","12.1028","444","13.5","976","896","1872","73","44","117","1049","940","1989","5.9"
"55029","San Gemini","UMBRIA","Terni","TR","5029","42.6117","12.5479","337","27.6","2429","2325","4754","100","67","167","2529","2392","4921","3.4"
"55030","San Venanzo","UMBRIA","Terni","TR","5010","42.8686","12.2692","465","168.9","1034","1042","2076","116","119","235","1150","1161","2311","10.2"
"55031","Stroncone","UMBRIA","Terni","TR","5039","42.4997","12.6637","450","71.4","2301","2278","4579","193","152","345","2494","2430","4924","7.0"
"55032","Terni","UMBRIA","Terni","TR","5100","42.5636","12.6427","130","211.9","51934","46968","98902","5967","4324","10291","57901","51292","109193","9.4"
"55033","Avigliano Umbro","UMBRIA","Terni","TR","5020","42.6516","12.4296","441","51.3","1175","1214","2389","95","84","179","1270","1298","2568","7.0"
"56001","Acquapendente","LAZIO","Viterbo","VT","1021","42.7477","11.863","420","130.3","2757","2601","5358","166","131","297","2923","2732","5655","5.3"
"56002","Arlena di Castro","LAZIO","Viterbo","VT","1010","42.4613","11.8151","260","22.3","421","386","807","36","43","79","457","429","886","8.9"
"56003","Bagnoregio","LAZIO","Viterbo","VT","1022","42.6269","12.0912","484","72.6","1741","1678","3419","148","107","255","1889","1785","3674","6.9"
"56004","Barbarano Romano","LAZIO","Viterbo","VT","1010","42.2494","12.0672","340","37.3","492","512","1004","44","37","81","536","549","1085","7.5"
"56005","Bassano Romano","LAZIO","Viterbo","VT","1030","42.2206","12.1881","360","37.4","2216","2217","4433","221","180","401","2437","2397","4834","8.3"
"56006","Bassano in Teverina","LAZIO","Viterbo","VT","1030","42.466","12.3112","304","12.1","558","565","1123","79","75","154","637","640","1277","12.1"
"56007","Blera","LAZIO","Viterbo","VT","1010","42.2759","12.0255","270","92.8","1540","1525","3065","167","124","291","1707","1649","3356","8.7"
"56008","Bolsena","LAZIO","Viterbo","VT","1023","42.6442","11.9864","350","63.9","1989","1843","3832","178","127","305","2167","1970","4137","7.4"
"56009","Bomarzo","LAZIO","Viterbo","VT","1020","42.4867","12.2503","263","39.9","825","818","1643","85","86","171","910","904","1814","9.4"
"56010","Calcata","LAZIO","Viterbo","VT","1030","42.2166","12.4212","220","7.7","425","416","841","34","30","64","459","446","905","7.1"
"56011","Canepina","LAZIO","Viterbo","VT","1030","42.3795","12.2354","501","21.0","1479","1429","2908","124","117","241","1603","1546","3149","7.7"
"56012","Canino","LAZIO","Viterbo","VT","1011","42.4664","11.7507","229","123.5","2450","2355","4805","201","264","465","2651","2619","5270","8.8"
"56013","Capodimonte","LAZIO","Viterbo","VT","1010","42.5497","11.9122","334","61.3","830","815","1645","63","33","96","893","848","1741","5.5"
"56014","Capranica","LAZIO","Viterbo","VT","1012","42.2595","12.1746","370","40.7","3006","2941","5947","396","301","697","3402","3242","6644","10.5"
"56015","Caprarola","LAZIO","Viterbo","VT","1032","42.3384","12.1976","520","57.5","2516","2376","4892","235","218","453","2751","2594","5345","8.5"
"56016","Carbognano","LAZIO","Viterbo","VT","1030","42.3283","12.2624","394","17.3","961","915","1876","98","68","166","1059","983","2042","8.1"
"56017","Castel Sant'Elia","LAZIO","Viterbo","VT","1030","42.2485","12.3657","210","24.0","1168","1115","2283","135","140","275","1303","1255","2558","10.8"
"56018","Castiglione in Teverina","LAZIO","Viterbo","VT","1024","42.6475","12.2032","228","20.0","1063","1019","2082","158","145","303","1221","1164","2385","12.7"
"56019","Celleno","LAZIO","Viterbo","VT","1020","42.5612","12.1396","407","24.6","654","617","1271","32","40","72","686","657","1343","5.4"
"56020","Cellere","LAZIO","Viterbo","VT","1010","42.5115","11.7747","344","37.2","599","572","1171","36","23","59","635","595","1230","4.8"
"56021","Civita Castellana","LAZIO","Viterbo","VT","1033","42.2891","12.4143","145","83.3","7255","6716","13971","842","783","1625","8097","7499","15596","10.4"
"56022","Civitella d'Agliano","LAZIO","Viterbo","VT","1020","42.6043","12.1859","262","32.9","816","749","1565","47","46","93","863","795","1658","5.6"
"56023","Corchiano","LAZIO","Viterbo","VT","1030","42.3446","12.3606","196","32.9","1623","1632","3255","245","240","485","1868","1872","3740","13.0"
"56024","Fabrica di Roma","LAZIO","Viterbo","VT","1034","42.3348","12.2949","296","34.7","3685","3703","7388","412","336","748","4097","4039","8136","9.2"
"56025","Faleria","LAZIO","Viterbo","VT","1030","42.2262","12.4431","202","25.7","914","921","1835","143","137","280","1057","1058","2115","13.2"
"56026","Farnese","LAZIO","Viterbo","VT","1010","42.5474","11.7233","341","53.0","818","722","1540","46","45","91","864","767","1631","5.6"
"56027","Gallese","LAZIO","Viterbo","VT","1035","42.3717","12.4026","135","37.3","1373","1287","2660","177","157","334","1550","1444","2994","11.2"
"56028","Gradoli","LAZIO","Viterbo","VT","1010","42.6452","11.8573","470","37.5","690","667","1357","71","46","117","761","713","1474","7.9"
"56029","Graffignano","LAZIO","Viterbo","VT","1020","42.5763","12.1983","187","29.1","1153","1100","2253","41","25","66","1194","1125","2319","2.8"
"56030","Grotte di Castro","LAZIO","Viterbo","VT","1025","42.6719","11.8672","467","39.3","1335","1308","2643","85","67","152","1420","1375","2795","5.4"
"56031","Ischia di Castro","LAZIO","Viterbo","VT","1010","42.5441","11.7609","384","104.7","1197","1092","2289","41","47","88","1238","1139","2377","3.7"
"56032","Latera","LAZIO","Viterbo","VT","1010","42.63","11.8281","508","22.7","434","448","882","19","32","51","453","480","933","5.5"
"56033","Lubriano","LAZIO","Viterbo","VT","1020","42.6366","12.11","441","16.6","416","412","828","47","44","91","463","456","919","9.9"
"56034","Marta","LAZIO","Viterbo","VT","1010","42.5339","11.9247","315","33.3","1697","1633","3330","115","75","190","1812","1708","3520","5.4"
"56035","Montalto di Castro","LAZIO","Viterbo","VT","1014","42.3516","11.607","42","189.5","4006","3873","7879","429","462","891","4435","4335","8770","10.2"
"56036","Montefiascone","LAZIO","Viterbo","VT","1027","42.5402","12.0338","590","104.8","6542","6097","12639","437","312","749","6979","6409","13388","5.6"
"56037","Monte Romano","LAZIO","Viterbo","VT","1010","42.2681","11.8984","230","86.0","958","952","1910","60","37","97","1018","989","2007","4.8"
"56038","Monterosi","LAZIO","Viterbo","VT","1030","42.1981","12.3064","276","10.8","1675","1643","3318","298","252","550","1973","1895","3868","14.2"
"56039","Nepi","LAZIO","Viterbo","VT","1036","42.2264","12.3349","227","84.0","4230","4260","8490","478","385","863","4708","4645","9353","9.2"
"56040","Onano","LAZIO","Viterbo","VT","1010","42.6906","11.8167","510","24.6","505","485","990","13","14","27","518","499","1017","2.7"
"56041","Oriolo Romano","LAZIO","Viterbo","VT","1010","42.1574","12.1387","420","19.2","1696","1726","3422","137","89","226","1833","1815","3648","6.2"
"56042","Orte","LAZIO","Viterbo","VT","1028","42.4574","12.387","132","70.2","3813","3681","7494","678","493","1171","4491","4174","8665","13.5"
"56043","Piansano","LAZIO","Viterbo","VT","1010","42.5201","11.8289","409","26.5","993","1029","2022","55","70","125","1048","1099","2147","5.8"
"56044","Proceno","LAZIO","Viterbo","VT","1020","42.7587","11.8267","418","41.9","288","288","576","16","13","29","304","301","605","4.8"
"56045","Ronciglione","LAZIO","Viterbo","VT","1037","42.2936","12.2207","441","52.3","3913","3714","7627","365","316","681","4278","4030","8308","8.2"
"56046","Villa San Giovanni in Tuscia","LAZIO","Viterbo","VT","1010","42.2802","12.0515","329","5.3","560","559","1119","99","95","194","659","654","1313","14.8"
"56047","San Lorenzo Nuovo","LAZIO","Viterbo","VT","1020","42.6862","11.9059","503","28.0","1014","978","1992","102","72","174","1116","1050","2166","8.0"
"56048","Soriano nel Cimino","LAZIO","Viterbo","VT","1038","42.4206","12.2367","480","78.6","4108","3956","8064","261","219","480","4369","4175","8544","5.6"
"56049","Sutri","LAZIO","Viterbo","VT","1015","42.2439","12.2185","291","60.9","3013","2979","5992","329","231","560","3342","3210","6552","8.5"
"56050","Tarquinia","LAZIO","Viterbo","VT","1016","42.2542","11.7576","133","279.0","7854","7490","15344","391","281","672","8245","7771","16016","4.2"
"56051","Tessennano","LAZIO","Viterbo","VT","1010","42.479","11.7912","302","14.7","162","170","332","7","11","18","169","181","350","5.1"
"56052","Tuscania","LAZIO","Viterbo","VT","1017","42.4186","11.8703","165","208.0","3908","3681","7589","326","230","556","4234","3911","8145","6.8"
"56053","Valentano","LAZIO","Viterbo","VT","1018","42.5665","11.8184","538","43.3","1450","1324","2774","61","60","121","1511","1384","2895","4.2"
"56054","Vallerano","LAZIO","Viterbo","VT","1030","42.3835","12.2639","390","15.5","1244","1175","2419","106","88","194","1350","1263","2613","7.4"
"56055","Vasanello","LAZIO","Viterbo","VT","1030","42.4173","12.3461","265","28.6","1914","1867","3781","195","185","380","2109","2052","4161","9.1"
"56056","Vejano","LAZIO","Viterbo","VT","1010","42.2166","12.0956","390","44.3","1103","1079","2182","72","44","116","1175","1123","2298","5.0"
"56057","Vetralla","LAZIO","Viterbo","VT","1019","42.3189","12.0588","300","113.1","6420","6097","12517","563","427","990","6983","6524","13507","7.3"
"56058","Vignanello","LAZIO","Viterbo","VT","1039","42.3837","12.2782","369","20.5","2209","2227","4436","230","160","390","2439","2387","4826","8.1"
"56059","Viterbo","LAZIO","Viterbo","VT","1100","42.4207","12.1077","326","406.3","30907","28410","59317","2226","1666","3892","33133","30076","63209","6.2"
"56060","Vitorchiano","LAZIO","Viterbo","VT","1030","42.4692","12.1721","285","29.8","2369","2355","4724","133","99","232","2502","2454","4956","4.7"
"57001","Accumoli","LAZIO","Rieti","RI","2011","42.7023","13.2548","855","86.9","298","308","606","25","22","47","323","330","653","7.2"
"57002","Amatrice","LAZIO","Rieti","RI","2012","42.628","13.2925","955","174.4","1229","1294","2523","66","57","123","1295","1351","2646","4.6"
"57003","Antrodoco","LAZIO","Rieti","RI","2013","42.4211","13.0805","525","64.0","1261","1251","2512","98","94","192","1359","1345","2704","7.1"
"57004","Ascrea","LAZIO","Rieti","RI","2020","42.1973","12.9953","757","14.4","115","131","246","8","12","20","123","143","266","7.5"
"57005","Belmonte in Sabina","LAZIO","Rieti","RI","2020","42.3143","12.8916","756","23.6","305","321","626","12","11","23","317","332","649","3.5"
"57006","Borbona","LAZIO","Rieti","RI","2010","42.5138","13.1335","760","46.3","300","318","618","24","8","32","324","326","650","4.9"
"57007","Borgorose","LAZIO","Rieti","RI","2021","42.1928","13.2359","732","148.9","2097","2255","4352","151","112","263","2248","2367","4615","5.7"
"57008","Borgo Velino","LAZIO","Rieti","RI","2010","42.4057","13.0595","460","17.3","490","459","949","21","20","41","511","479","990","4.1"
"57009","Cantalice","LAZIO","Rieti","RI","2014","42.4671","12.9045","660","37.7","1311","1273","2584","79","63","142","1390","1336","2726","5.2"
"57010","Cantalupo in Sabina","LAZIO","Rieti","RI","2040","42.3059","12.6449","297","10.5","799","790","1589","83","64","147","882","854","1736","8.5"
"57011","Casaprota","LAZIO","Rieti","RI","2030","42.2523","12.8047","523","14.6","330","321","651","39","33","72","369","354","723","10.0"
"57012","Casperia","LAZIO","Rieti","RI","2041","42.337","12.6701","397","25.4","579","548","1127","64","40","104","643","588","1231","8.4"
"57013","Castel di Tora","LAZIO","Rieti","RI","2020","42.2164","12.966","607","15.7","124","156","280","9","10","19","133","166","299","6.4"
"57014","Castelnuovo di Farfa","LAZIO","Rieti","RI","2031","42.2321","12.7419","358","9.0","486","473","959","52","36","88","538","509","1047","8.4"
"57015","Castel Sant'Angelo","LAZIO","Rieti","RI","2010","42.3961","13.0223","581","31.3","633","609","1242","27","20","47","660","629","1289","3.6"
"57016","Cittaducale","LAZIO","Rieti","RI","2015","42.3885","12.9516","481","71.0","3398","3268","6666","152","82","234","3550","3350","6900","3.4"
"57017","Cittareale","LAZIO","Rieti","RI","2010","42.618","13.1588","962","59.0","222","228","450","14","6","20","236","234","470","4.3"
"57018","Collalto Sabino","LAZIO","Rieti","RI","2022","42.1367","13.047","980","22.2","213","205","418","12","10","22","225","215","440","5.0"
"57019","Colle di Tora","LAZIO","Rieti","RI","2020","42.2087","12.9472","542","14.2","186","178","364","12","8","20","198","186","384","5.2"
"57020","Collegiove","LAZIO","Rieti","RI","2020","42.1753","13.0376","1.001","10.8","73","91","164","3","2","5","76","93","169","3.0"
"57021","Collevecchio","LAZIO","Rieti","RI","2042","42.335","12.5522","245","27.2","773","756","1529","42","24","66","815","780","1595","4.1"
"57022","Colli sul Velino","LAZIO","Rieti","RI","2010","42.499","12.7792","465","13.1","252","238","490","18","16","34","270","254","524","6.5"
"57023","Concerviano","LAZIO","Rieti","RI","2020","42.2959","12.9723","560","21.5","157","147","304","5","2","7","162","149","311","2.3"
"57024","Configni","LAZIO","Rieti","RI","2040","42.4269","12.6457","549","22.7","319","316","635","18","19","37","337","335","672","5.5"
"57025","Contigliano","LAZIO","Rieti","RI","2043","42.4107","12.7666","488","53.5","1696","1666","3362","134","105","239","1830","1771","3601","6.6"
"57026","Cottanello","LAZIO","Rieti","RI","2040","42.4088","12.6872","551","36.5","252","270","522","22","18","40","274","288","562","7.1"
"57027","Fara in Sabina","LAZIO","Rieti","RI","2032","42.2093","12.7293","482","54.9","5664","5499","11163","666","497","1163","6330","5996","12326","9.4"
"57028","Fiamignano","LAZIO","Rieti","RI","2023","42.2646","13.1211","988","100.7","691","701","1392","37","26","63","728","727","1455","4.3"
"57029","Forano","LAZIO","Rieti","RI","2044","42.2953","12.5951","218","17.6","1285","1276","2561","204","168","372","1489","1444","2933","12.7"
"57030","Frasso Sabino","LAZIO","Rieti","RI","2030","42.2294","12.8073","412","4.4","299","298","597","51","40","91","350","338","688","13.2"
"57031","Greccio","LAZIO","Rieti","RI","2045","42.4452","12.7503","388","17.9","716","718","1434","57","29","86","773","747","1520","5.7"
"57032","Labro","LAZIO","Rieti","RI","2010","42.5254","12.8016","628","11.4","153","157","310","21","13","34","174","170","344","9.9"
"57033","Leonessa","LAZIO","Rieti","RI","2016","42.5661","12.9624","969","204.9","1181","1185","2366","63","51","114","1244","1236","2480","4.6"
"57034","Longone Sabino","LAZIO","Rieti","RI","2020","42.273","12.9691","804","34.1","275","274","549","17","17","34","292","291","583","5.8"
"57035","Magliano Sabina","LAZIO","Rieti","RI","2046","42.3641","12.4788","222","43.7","1804","1700","3504","165","130","295","1969","1830","3799","7.8"
"57036","Marcetelli","LAZIO","Rieti","RI","2020","42.2264","13.0448","930","11.0","42","54","96","1","0","1","43","54","97","1.0"
"57037","Micigliano","LAZIO","Rieti","RI","2010","42.4515","13.053","925","37.4","61","70","131","0","0","0","61","70","131","0.0"
"57038","Mompeo","LAZIO","Rieti","RI","2040","42.2466","12.7525","457","10.9","263","246","509","13","12","25","276","258","534","4.7"
"57039","Montasola","LAZIO","Rieti","RI","2040","42.3842","12.6819","604","12.6","184","213","397","3","3","6","187","216","403","1.5"
"57040","Montebuono","LAZIO","Rieti","RI","2040","42.3674","12.5974","325","19.6","404","427","831","43","43","86","447","470","917","9.4"
"57041","Monteleone Sabino","LAZIO","Rieti","RI","2033","42.233","12.8593","496","18.9","607","579","1186","31","15","46","638","594","1232","3.7"
"57042","Montenero Sabino","LAZIO","Rieti","RI","2040","42.2814","12.8132","450","22.6","131","143","274","12","9","21","143","152","295","7.1"
"57043","Monte San Giovanni in Sabina","LAZIO","Rieti","RI","2040","42.3291","12.7792","728","30.7","350","346","696","24","32","56","374","378","752","7.4"
"57044","Montopoli di Sabina","LAZIO","Rieti","RI","2034","42.2418","12.6886","331","37.6","1926","1944","3870","187","165","352","2113","2109","4222","8.3"
"57045","Morro Reatino","LAZIO","Rieti","RI","2010","42.5266","12.8327","745","15.8","184","168","352","4","0","4","188","168","356","1.1"
"57046","Nespolo","LAZIO","Rieti","RI","2020","42.1558","13.0694","886","8.7","115","142","257","8","9","17","123","151","274","6.2"
"57047","Orvinio","LAZIO","Rieti","RI","2035","42.134","12.9376","840","24.6","185","216","401","26","21","47","211","237","448","10.5"
"57048","Paganico Sabino","LAZIO","Rieti","RI","2020","42.1899","12.9969","720","9.2","80","78","158","7","7","14","87","85","172","8.1"
"57049","Pescorocchiano","LAZIO","Rieti","RI","2024","42.2083","13.1479","806","94.6","1055","1076","2131","53","27","80","1108","1103","2211","3.6"
"57050","Petrella Salto","LAZIO","Rieti","RI","2025","42.2944","13.0688","786","102.2","571","585","1156","32","24","56","603","609","1212","4.6"
"57051","Poggio Bustone","LAZIO","Rieti","RI","2018","42.5012","12.8878","756","22.3","1036","1001","2037","66","27","93","1102","1028","2130","4.4"
"57052","Poggio Catino","LAZIO","Rieti","RI","2040","42.2957","12.691","387","15.0","636","610","1246","49","40","89","685","650","1335","6.7"
"57053","Poggio Mirteto","LAZIO","Rieti","RI","2047","42.2683","12.6876","246","26.5","2826","2665","5491","255","249","504","3081","2914","5995","8.4"
"57054","Poggio Moiano","LAZIO","Rieti","RI","2037","42.203","12.8752","520","26.8","1300","1256","2556","128","114","242","1428","1370","2798","8.6"
"57055","Poggio Nativo","LAZIO","Rieti","RI","2030","42.2153","12.7949","415","16.4","1077","1126","2203","135","118","253","1212","1244","2456","10.3"
"57056","Poggio San Lorenzo","LAZIO","Rieti","RI","2030","42.2531","12.8455","494","8.7","267","275","542","21","17","38","288","292","580","6.6"
"57057","Posta","LAZIO","Rieti","RI","2019","42.5261","13.0988","721","66.2","312","339","651","18","17","35","330","356","686","5.1"
"57058","Pozzaglia Sabina","LAZIO","Rieti","RI","2030","42.1587","12.9645","878","25.2","174","170","344","12","5","17","186","175","361","4.7"
"57059","Rieti","LAZIO","Rieti","RI","2100","42.4045","12.8567","405","206.5","23281","21177","44458","1063","666","1729","24344","21843","46187","3.7"
"57060","Rivodutri","LAZIO","Rieti","RI","2010","42.5178","12.8555","560","26.9","585","615","1200","51","46","97","636","661","1297","7.5"
"57061","Roccantica","LAZIO","Rieti","RI","2040","42.3202","12.6929","457","16.7","289","284","573","21","11","32","310","295","605","5.3"
"57062","Rocca Sinibalda","LAZIO","Rieti","RI","2026","42.2749","12.9257","552","49.4","397","426","823","18","12","30","415","438","853","3.5"
"57063","Salisano","LAZIO","Rieti","RI","2040","42.2612","12.7485","460","17.5","279","258","537","12","9","21","291","267","558","3.8"
"57064","Scandriglia","LAZIO","Rieti","RI","2038","42.1643","12.8416","535","63.1","1281","1321","2602","172","160","332","1453","1481","2934","11.3"
"57065","Selci","LAZIO","Rieti","RI","2040","42.3193","12.6221","204","7.8","522","508","1030","39","37","76","561","545","1106","6.9"
"57066","Stimigliano","LAZIO","Rieti","RI","2048","42.301","12.5629","207","11.4","899","908","1807","236","198","434","1135","1106","2241","19.4"
"57067","Tarano","LAZIO","Rieti","RI","2040","42.3578","12.5968","234","20.1","649","640","1289","84","58","142","733","698","1431","9.9"
"57068","Toffia","LAZIO","Rieti","RI","2039","42.2125","12.7536","262","11.2","457","456","913","48","41","89","505","497","1002","8.9"
"57069","Torricella in Sabina","LAZIO","Rieti","RI","2030","42.2621","12.8699","604","25.8","629","645","1274","78","53","131","707","698","1405","9.3"
"57070","Torri in Sabina","LAZIO","Rieti","RI","2049","42.3539","12.6391","275","26.2","582","578","1160","49","40","89","631","618","1249","7.1"
"57071","Turania","LAZIO","Rieti","RI","2020","42.1381","13.0092","703","8.6","100","133","233","6","6","12","106","139","245","4.9"
"57072","Vacone","LAZIO","Rieti","RI","2040","42.3918","12.6388","517","9.1","123","130","253","4","7","11","127","137","264","4.2"
"57073","Varco Sabino","LAZIO","Rieti","RI","2020","42.2414","13.0217","742","24.6","87","107","194","10","6","16","97","113","210","7.6"
"58001","Affile","LAZIO","Roma","RM","21","41.886","13.101","684","15.0","781","729","1510","24","18","42","805","747","1552","2.7"
"58002","Agosta","LAZIO","Roma","RM","20","41.9805","13.036","382","9.5","840","785","1625","75","60","135","915","845","1760","7.7"
"58003","Albano Laziale","LAZIO","Roma","RM","41","41.7285","12.6589","400","23.9","18702","17355","36057","1319","1057","2376","20021","18412","38433","6.2"
"58004","Allumiere","LAZIO","Roma","RM","51","42.1558","11.9005","522","97.9","1983","1946","3929","111","93","204","2094","2039","4133","4.9"
"58005","Anguillara Sabazia","LAZIO","Roma","RM","61","42.0915","12.2715","195","65.0","8572","8494","17066","857","652","1509","9429","9146","18575","8.1"
"58006","Anticoli Corrado","LAZIO","Roma","RM","22","42.0103","12.9902","508","16.0","435","440","875","37","30","67","472","470","942","7.1"
"58007","Anzio","LAZIO","Roma","RM","42","41.4496","12.6197","3","43.5","23206","22283","45489","2151","2091","4242","25357","24374","49731","8.5"
"58008","Arcinazzo Romano","LAZIO","Roma","RM","20","41.8787","13.1164","831","28.3","678","677","1355","20","19","39","698","696","1394","2.8"
"58009","Ariccia","LAZIO","Roma","RM","40","41.7211","12.6726","412","18.2","8820","8350","17170","652","489","1141","9472","8839","18311","6.2"
"58010","Arsoli","LAZIO","Roma","RM","23","42.0417","13.0152","470","11.9","775","705","1480","96","71","167","871","776","1647","10.1"
"58011","Artena","LAZIO","Roma","RM","31","41.7419","12.9118","420","54.2","6461","6401","12862","423","380","803","6884","6781","13665","5.9"
"58012","Bellegra","LAZIO","Roma","RM","30","41.8797","13.0291","815","18.7","1440","1385","2825","70","53","123","1510","1438","2948","4.2"
"58013","Bracciano","LAZIO","Roma","RM","62","42.1018","12.1761","280","142.4","8464","8091","16555","1139","855","1994","9603","8946","18549","10.7"
"58014","Camerata Nuova","LAZIO","Roma","RM","20","42.0188","13.1079","810","40.2","215","233","448","7","5","12","222","238","460","2.6"
"58015","Campagnano di Roma","LAZIO","Roma","RM","63","42.1386","12.3809","270","46.1","4894","4526","9420","923","764","1687","5817","5290","11107","15.2"
"58016","Canale Monterano","LAZIO","Roma","RM","60","42.14","12.1047","378","36.8","1954","1871","3825","148","98","246","2102","1969","4071","6.0"
"58017","Canterano","LAZIO","Roma","RM","20","41.9396","13.0377","602","7.3","171","169","340","12","7","19","183","176","359","5.3"
"58018","Capena","LAZIO","Roma","RM","60","42.1409","12.5394","160","29.5","4161","4191","8352","603","533","1136","4764","4724","9488","12.0"
"58019","Capranica Prenestina","LAZIO","Roma","RM","30","41.8617","12.9511","915","20.2","150","160","310","11","9","20","161","169","330","6.1"
"58020","Carpineto Romano","LAZIO","Roma","RM","32","41.6087","13.0822","550","86.4","2283","2184","4467","89","93","182","2372","2277","4649","3.9"
"58021","Casape","LAZIO","Roma","RM","10","41.9073","12.8852","475","5.2","331","328","659","41","37","78","372","365","737","10.6"
"58022","Castel Gandolfo","LAZIO","Roma","RM","40","41.7475","12.6503","426","14.6","4219","3916","8135","383","264","647","4602","4180","8782","7.4"
"58023","Castel Madama","LAZIO","Roma","RM","24","41.9755","12.8697","428","28.4","3473","3356","6829","260","239","499","3733","3595","7328","6.8"
"58024","Castelnuovo di Porto","LAZIO","Roma","RM","60","42.127","12.5007","250","30.8","3709","3592","7301","414","344","758","4123","3936","8059","9.4"
"58025","Castel San Pietro Romano","LAZIO","Roma","RM","30","41.8456","12.8959","752","15.0","408","378","786","32","37","69","440","415","855","8.1"
"58026","Cave","LAZIO","Roma","RM","33","41.8182","12.9291","399","17.7","4844","4688","9532","482","407","889","5326","5095","10421","8.5"
"58027","Cerreto Laziale","LAZIO","Roma","RM","20","41.9449","12.9826","520","11.7","529","534","1063","69","60","129","598","594","1192","10.8"
"58028","Cervara di Roma","LAZIO","Roma","RM","20","41.9883","13.0683","1.053","31.7","208","238","446","12","14","26","220","252","472","5.5"
"58029","Cerveteri","LAZIO","Roma","RM","52","41.9967","12.0974","81","125.4","16417","16130","32547","1523","1137","2660","17940","17267","35207","7.6"
"58030","Ciciliano","LAZIO","Roma","RM","20","41.96","12.9408","619","18.9","597","615","1212","67","74","141","664","689","1353","10.4"
"58031","Cineto Romano","LAZIO","Roma","RM","20","42.0495","12.9617","519","10.5","284","280","564","41","36","77","325","316","641","12.0"
"58032","Civitavecchia","LAZIO","Roma","RM","53","42.0925","11.7957","10","72.3","25727","23621","49348","1059","822","1881","26786","24443","51229","3.7"
"58033","Civitella San Paolo","LAZIO","Roma","RM","60","42.1958","12.581","195","20.5","699","741","1440","163","151","314","862","892","1754","17.9"
"58034","Colleferro","LAZIO","Roma","RM","34","41.7273","13.0038","218","27.6","10446","9625","20071","827","676","1503","11273","10301","21574","7.0"
"58035","Colonna","LAZIO","Roma","RM","30","41.8328","12.7534","343","3.5","1851","1763","3614","198","190","388","2049","1953","4002","9.7"
"58036","Fiano Romano","LAZIO","Roma","RM","65","42.1703","12.5923","97","41.8","5928","5912","11840","700","519","1219","6628","6431","13059","9.3"
"58037","Filacciano","LAZIO","Roma","RM","60","42.2558","12.6004","197","5.7","230","217","447","22","21","43","252","238","490","8.8"
"58038","Formello","LAZIO","Roma","RM","60","42.082","12.4037","225","31.4","5451","5254","10705","659","545","1204","6110","5799","11909","10.1"
"58039","Frascati","LAZIO","Roma","RM","44","41.8085","12.6761","320","22.7","10239","9376","19615","672","468","1140","10911","9844","20755","5.5"
"58040","Gallicano nel Lazio","LAZIO","Roma","RM","10","41.8708","12.8262","214","26.0","2566","2632","5198","286","265","551","2852","2897","5749","9.6"
"58041","Gavignano","LAZIO","Roma","RM","30","41.7007","13.0487","404","14.9","933","938","1871","42","43","85","975","981","1956","4.3"
"58042","Genazzano","LAZIO","Roma","RM","30","41.8361","12.9733","375","32.1","2778","2749","5527","227","205","432","3005","2954","5959","7.2"
"58043","Genzano di Roma","LAZIO","Roma","RM","45","41.7089","12.6866","435","18.3","11370","10877","22247","882","651","1533","12252","11528","23780","6.4"
"58044","Gerano","LAZIO","Roma","RM","25","41.9337","12.9934","502","10.0","593","608","1201","30","17","47","623","625","1248","3.8"
"58045","Gorga","LAZIO","Roma","RM","30","41.6571","13.1004","766","26.4","367","347","714","27","26","53","394","373","767","6.9"
"58046","Grottaferrata","LAZIO","Roma","RM","46","41.7866","12.6736","320","18.2","9376","8441","17817","855","484","1339","10231","8925","19156","7.0"
"58047","Guidonia Montecelio","LAZIO","Roma","RM","12","42.0233","12.7445","105","78.8","37610","36542","74152","3863","3432","7295","41473","39974","81447","9.0"
"58048","Jenne","LAZIO","Roma","RM","20","41.8907","13.1664","834","32.1","204","187","391","5","2","7","209","189","398","1.8"
"58049","Labico","LAZIO","Roma","RM","30","41.7864","12.8857","319","11.8","2763","2689","5452","267","260","527","3030","2949","5979","8.8"
"58050","Lanuvio","LAZIO","Roma","RM","40","41.6797","12.7126","324","44.0","5906","5911","11817","617","572","1189","6523","6483","13006","9.1"
"58051","Licenza","LAZIO","Roma","RM","26","42.0728","12.9004","475","17.5","448","450","898","44","70","114","492","520","1012","11.3"
"58052","Magliano Romano","LAZIO","Roma","RM","60","42.1599","12.4364","270","21.1","629","655","1284","102","84","186","731","739","1470","12.7"
"58053","Mandela","LAZIO","Roma","RM","20","42.0301","12.9231","487","13.2","410","422","832","34","31","65","444","453","897","7.2"
"58054","Manziana","LAZIO","Roma","RM","66","42.1318","12.1265","369","23.8","3402","3169","6571","318","193","511","3720","3362","7082","7.2"
"58055","Marano Equo","LAZIO","Roma","RM","20","41.9927","13.0147","450","7.6","367","387","754","21","11","32","388","398","786","4.1"
"58056","Marcellina","LAZIO","Roma","RM","10","42.0233","12.8067","285","15.3","2904","2842","5746","563","592","1155","3467","3434","6901","16.7"
"58057","Marino","LAZIO","Roma","RM","47","41.7701","12.6585","360","25.1","18356","17377","35733","1432","1080","2512","19788","18457","38245","6.6"
"58058","Mazzano Romano","LAZIO","Roma","RM","60","42.2061","12.4003","200","28.9","1339","1356","2695","190","171","361","1529","1527","3056","11.8"
"58059","Mentana","LAZIO","Roma","RM","13","42.0324","12.6424","150","24.1","9346","9066","18412","1240","1120","2360","10586","10186","20772","11.4"
"58060","Monte Compatri","LAZIO","Roma","RM","40","41.8077","12.7367","576","24.3","5072","5037","10109","601","524","1125","5673","5561","11234","10.0"
"58061","Monteflavio","LAZIO","Roma","RM","10","42.1069","12.8279","800","17.2","659","599","1258","77","64","141","736","663","1399","10.1"
"58062","Montelanico","LAZIO","Roma","RM","30","41.6489","13.0389","297","35.0","1010","971","1981","100","71","171","1110","1042","2152","7.9"
"58063","Montelibretti","LAZIO","Roma","RM","10","42.1355","12.738","232","44.1","2520","2322","4842","196","175","371","2716","2497","5213","7.1"
"58064","Monte Porzio Catone","LAZIO","Roma","RM","40","41.8182","12.7153","451","9.4","4278","3985","8263","224","130","354","4502","4115","8617","4.1"
"58065","Monterotondo","LAZIO","Roma","RM","15","42.0518","12.6203","165","40.5","18246","17410","35656","2126","1720","3846","20372","19130","39502","9.7"
"58066","Montorio Romano","LAZIO","Roma","RM","10","42.1366","12.794","575","23.8","933","941","1874","91","70","161","1024","1011","2035","7.9"
"58067","Moricone","LAZIO","Roma","RM","10","42.1196","12.7712","296","20.1","1217","1207","2424","130","129","259","1347","1336","2683","9.7"
"58068","Morlupo","LAZIO","Roma","RM","67","42.1489","12.5031","207","24.0","3724","3482","7206","482","434","916","4206","3916","8122","11.3"
"58069","Nazzano","LAZIO","Roma","RM","60","42.2299","12.5961","202","12.2","633","634","1267","48","46","94","681","680","1361","6.9"
"58070","Nemi","LAZIO","Roma","RM","40","41.7197","12.7167","521","7.2","898","864","1762","82","81","163","980","945","1925","8.5"
"58071","Nerola","LAZIO","Roma","RM","17","42.1609","12.7869","453","18.6","823","834","1657","89","75","164","912","909","1821","9.0"
"58072","Nettuno","LAZIO","Roma","RM","48","41.4577","12.6655","11","71.8","22129","20803","42932","1365","1163","2528","23494","21966","45460","5.6"
"58073","Olevano Romano","LAZIO","Roma","RM","35","41.8606","13.0312","571","26.1","3169","3081","6250","259","233","492","3428","3314","6742","7.3"
"58074","Palestrina","LAZIO","Roma","RM","36","41.8383","12.8887","450","47.1","9620","9272","18892","827","779","1606","10447","10051","20498","7.8"
"58075","Palombara Sabina","LAZIO","Roma","RM","18","42.063","12.7708","372","75.5","5596","5578","11174","544","449","993","6140","6027","12167","8.2"
"58076","Percile","LAZIO","Roma","RM","20","42.0943","12.9106","575","17.6","123","125","248","16","13","29","139","138","277","10.5"
"58077","Pisoniano","LAZIO","Roma","RM","20","41.9057","12.9595","532","13.2","334","341","675","67","61","128","401","402","803","15.9"
"58078","Poli","LAZIO","Roma","RM","10","41.8885","12.8954","435","21.4","1068","1042","2110","170","153","323","1238","1195","2433","13.3"
"58079","Pomezia","LAZIO","Roma","RM","40","41.67","12.4997","108","110.9","25961","25527","51488","2634","2250","4884","28595","27777","56372","8.7"
"58080","Ponzano Romano","LAZIO","Roma","RM","60","42.256","12.5692","205","19.2","540","548","1088","28","42","70","568","590","1158","6.0"
"58081","Riano","LAZIO","Roma","RM","60","42.0943","12.5161","125","24.9","4136","4134","8270","682","584","1266","4818","4718","9536","13.3"
"58082","Rignano Flaminio","LAZIO","Roma","RM","68","42.2074","12.484","250","38.9","4116","4015","8131","778","664","1442","4894","4679","9573","15.1"
"58083","Riofreddo","LAZIO","Roma","RM","20","42.0596","12.9978","705","12.2","355","340","695","34","33","67","389","373","762","8.8"
"58084","Rocca Canterano","LAZIO","Roma","RM","20","41.9614","13.0069","745","15.8","89","104","193","6","8","14","95","112","207","6.8"
"58085","Rocca di Cave","LAZIO","Roma","RM","30","41.8468","12.9443","933","11.1","184","195","379","12","5","17","196","200","396","4.3"
"58086","Rocca di Papa","LAZIO","Roma","RM","40","41.7673","12.7112","680","40.0","7089","7119","14208","755","613","1368","7844","7732","15576","8.8"
"58087","Roccagiovine","LAZIO","Roma","RM","20","42.0525","12.8918","520","8.6","133","115","248","15","17","32","148","132","280","11.4"
"58088","Rocca Priora","LAZIO","Roma","RM","40","41.7884","12.7662","768","28.0","5119","5081","10200","322","297","619","5441","5378","10819","5.7"
"58089","Rocca Santo Stefano","LAZIO","Roma","RM","30","41.9107","13.0249","664","9.7","454","491","945","43","40","83","497","531","1028","8.1"
"58090","Roiate","LAZIO","Roma","RM","30","41.8669","13.0645","697","10.3","373","364","737","8","4","12","381","368","749","1.6"
"58091","Roma","LAZIO","Roma","RM","00100","41.9015","12.4608","20","1307.7","1266025","1126657","2392682","121805","102688","224493","1387830","1229345","2617175","8.6"
"58092","Roviano","LAZIO","Roma","RM","27","42.0262","12.9937","523","8.3","682","609","1291","58","43","101","740","652","1392","7.3"
"58093","Sacrofano","LAZIO","Roma","RM","60","42.1082","12.4512","260","28.5","2939","2815","5754","492","422","914","3431","3237","6668","13.7"
"58094","Sambuci","LAZIO","Roma","RM","20","41.9877","12.9386","434","8.2","442","416","858","42","36","78","484","452","936","8.3"
"58095","San Gregorio da Sassola","LAZIO","Roma","RM","10","41.9204","12.8747","420","35.2","722","726","1448","47","58","105","769","784","1553","6.8"
"58096","San Polo dei Cavalieri","LAZIO","Roma","RM","10","42.0126","12.8379","651","42.6","1285","1280","2565","208","211","419","1493","1491","2984","14.0"
"58097","Santa Marinella","LAZIO","Roma","RM","58","42.0335","11.8536","7","49.3","8184","7780","15964","840","599","1439","9024","8379","17403","8.3"
"58098","Sant'Angelo Romano","LAZIO","Roma","RM","10","42.0346","12.7141","400","21.5","1903","1933","3836","339","313","652","2242","2246","4488","14.5"
"58099","Sant'Oreste","LAZIO","Roma","RM","60","42.2359","12.5177","420","43.5","1701","1647","3348","183","171","354","1884","1818","3702","9.6"
"58100","San Vito Romano","LAZIO","Roma","RM","30","41.8842","12.9747","655","12.7","1614","1508","3122","112","132","244","1726","1640","3366","7.2"
"58101","Saracinesco","LAZIO","Roma","RM","20","42.007","12.9493","908","11.0","71","95","166","11","7","18","82","102","184","9.8"
"58102","Segni","LAZIO","Roma","RM","37","41.6912","13.022","668","61.3","4442","4190","8632","251","218","469","4693","4408","9101","5.2"
"58103","Subiaco","LAZIO","Roma","RM","28","41.9247","13.0937","408","63.4","4367","4173","8540","292","234","526","4659","4407","9066","5.8"
"58104","Tivoli","LAZIO","Roma","RM","19","41.9598","12.8022","235","68.4","24953","23202","48155","2480","2275","4755","27433","25477","52910","9.0"
"58105","Tolfa","LAZIO","Roma","RM","59","42.1354","12.0033","484","168.0","2351","2396","4747","213","187","400","2564","2583","5147","7.8"
"58106","Torrita Tiberina","LAZIO","Roma","RM","60","42.237","12.6151","179","10.8","501","482","983","48","40","88","549","522","1071","8.2"
"58107","Trevignano Romano","LAZIO","Roma","RM","69","42.1576","12.2431","220","39.4","2389","2260","4649","354","271","625","2743","2531","5274","11.9"
"58108","Vallepietra","LAZIO","Roma","RM","20","41.9304","13.2317","825","51.5","147","150","297","5","4","9","152","154","306","2.9"
"58109","Vallinfreda","LAZIO","Roma","RM","20","42.0865","12.996","874","16.8","142","136","278","23","16","39","165","152","317","12.3"
"58110","Valmontone","LAZIO","Roma","RM","38","41.7745","12.919","303","40.7","6893","6578","13471","735","769","1504","7628","7347","14975","10.0"
"58111","Velletri","LAZIO","Roma","RM","49","41.6868","12.7785","332","129.6","24761","23443","48204","2002","2089","4091","26763","25532","52295","7.8"
"58112","Vicovaro","LAZIO","Roma","RM","29","42.018","12.9053","300","36.1","1818","1756","3574","195","168","363","2013","1924","3937","9.2"
"58113","Vivaro Romano","LAZIO","Roma","RM","20","42.0989","13.0076","757","12.2","88","82","170","5","2","7","93","84","177","4.0"
"58114","Zagarolo","LAZIO","Roma","RM","39","41.8372","12.8333","303","29.0","7501","7542","15043","971","908","1879","8472","8450","16922","11.1"
"58115","Lariano","LAZIO","Roma","RM","40","41.7244","12.8305","350","27.0","6214","6027","12241","330","322","652","6544","6349","12893","5.1"
"58116","Ladispoli","LAZIO","Roma","RM","55","41.9499","12.0761","2","26.0","16274","15448","31722","2922","2649","5571","19196","18097","37293","14.9"
"58117","Ardea","LAZIO","Roma","RM","40","41.608","12.5433","37","50.9","19658","19868","39526","2399","2277","4676","22057","22145","44202","10.6"
"58118","Ciampino","LAZIO","Roma","RM","43","41.7993","12.5918","124","11.0","18324","17015","35339","1106","790","1896","19430","17805","37235","5.1"
"58119","San Cesareo","LAZIO","Roma","RM","30","41.8186","12.7979","312","22.7","6261","6114","12375","739","692","1431","7000","6806","13806","10.4"
"58120","Fiumicino","LAZIO","Roma","RM","54","41.7991","12.2576","1","213.4","31084","30660","61744","3143","2739","5882","34227","33399","67626","8.7"
"58122","Fonte Nuova","LAZIO","Roma","RM","13","42.0008","12.6319","130","20.2","13044","12547","25591","2520","2461","4981","15564","15008","30572","16.3"
"59001","Aprilia","LAZIO","Latina","LT","4011","41.5944","12.656","80","177.7","31031","30142","61173","2953","2853","5806","33984","32995","66979","8.7"
"59002","Bassiano","LAZIO","Latina","LT","4010","41.5522","13.027","562","31.6","759","747","1506","33","41","74","792","788","1580","4.7"
"59003","Campodimele","LAZIO","Latina","LT","4020","41.3854","13.5321","647","38.2","306","327","633","4","1","5","310","328","638","0.8"
"59004","Castelforte","LAZIO","Latina","LT","4021","41.2988","13.8225","134","29.9","2197","2142","4339","45","17","62","2242","2159","4401","1.4"
"59005","Cisterna di Latina","LAZIO","Latina","LT","4012","41.5889","12.8296","77","142.8","16995","16383","33378","1081","1092","2173","18076","17475","35551","6.1"
"59006","Cori","LAZIO","Latina","LT","4010","41.6445","12.913","384","86.0","5144","4906","10050","481","494","975","5625","5400","11025","8.8"
"59007","Fondi","LAZIO","Latina","LT","4022","41.3591","13.4266","8","142.3","17784","17179","34963","965","1252","2217","18749","18431","37180","6.0"
"59008","Formia","LAZIO","Latina","LT","4023","41.256","13.6069","19","73.5","18485","17187","35672","462","197","659","18947","17384","36331","1.8"
"59009","Gaeta","LAZIO","Latina","LT","4024","41.2107","13.5714","2","28.5","10340","9711","20051","425","286","711","10765","9997","20762","3.4"
"59010","Itri","LAZIO","Latina","LT","4020","41.2904","13.5322","170","101.2","4931","4987","9918","295","247","542","5226","5234","10460","5.2"
"59011","Latina","LAZIO","Latina","LT","4100","41.4676","12.9036","21","277.8","57939","54116","112055","3223","2614","5837","61162","56730","117892","5.0"
"59012","Lenola","LAZIO","Latina","LT","4025","41.4134","13.4627","425","45.7","2125","1985","4110","28","17","45","2153","2002","4155","1.1"
"59013","Maenza","LAZIO","Latina","LT","4010","41.5231","13.1821","358","42.6","1461","1455","2916","86","76","162","1547","1531","3078","5.3"
"59014","Minturno","LAZIO","Latina","LT","4026","41.2657","13.7444","141","42.1","9794","9270","19064","261","147","408","10055","9417","19472","2.1"
"59015","Monte San Biagio","LAZIO","Latina","LT","4020","41.3477","13.3538","133","66.4","3046","2930","5976","84","84","168","3130","3014","6144","2.7"
"59016","Norma","LAZIO","Latina","LT","4010","41.5846","12.9752","410","30.8","1955","1837","3792","129","114","243","2084","1951","4035","6.0"
"59017","Pontinia","LAZIO","Latina","LT","4014","41.4044","13.0437","4","112.2","6599","6349","12948","392","472","864","6991","6821","13812","6.3"
"59018","Ponza","LAZIO","Latina","LT","4027","40.8956","12.959","10","9.9","1486","1588","3074","92","89","181","1578","1677","3255","5.6"
"59019","Priverno","LAZIO","Latina","LT","4015","41.4699","13.1833","151","56.8","6801","6347","13148","381","362","743","7182","6709","13891","5.3"
"59020","Prossedi","LAZIO","Latina","LT","4010","41.5177","13.2609","206","36.1","595","605","1200","17","16","33","612","621","1233","2.7"
"59021","Roccagorga","LAZIO","Latina","LT","4010","41.5271","13.1555","287","24.0","2107","2026","4133","203","216","419","2310","2242","4552","9.2"
"59022","Rocca Massima","LAZIO","Latina","LT","4010","41.6778","12.9208","735","18.1","529","524","1053","24","17","41","553","541","1094","3.7"
"59023","Roccasecca dei Volsci","LAZIO","Latina","LT","4010","41.4801","13.2148","376","23.6","550","544","1094","19","13","32","569","557","1126","2.8"
"59024","Sabaudia","LAZIO","Latina","LT","4016","41.3016","13.0276","17","144.3","8759","8569","17328","608","876","1484","9367","9445","18812","7.9"
"59025","San Felice Circeo","LAZIO","Latina","LT","4017","41.2325","13.0884","98","32.1","4078","3926","8004","306","399","705","4384","4325","8709","8.1"
"59026","Santi Cosma e Damiano","LAZIO","Latina","LT","4020","41.2989","13.8126","181","31.6","3449","3266","6715","95","72","167","3544","3338","6882","2.4"
"59027","Sermoneta","LAZIO","Latina","LT","4013","41.55","12.9837","257","44.9","4382","4321","8703","226","200","426","4608","4521","9129","4.7"
"59028","Sezze","LAZIO","Latina","LT","4018","41.4994","13.0618","319","101.4","10934","10628","21562","1203","1349","2552","12137","11977","24114","10.6"
"59029","Sonnino","LAZIO","Latina","LT","4010","41.416","13.2416","430","63.8","3512","3543","7055","130","94","224","3642","3637","7279","3.1"
"59030","Sperlonga","LAZIO","Latina","LT","4029","41.2637","13.4271","55","18.0","1659","1603","3262","49","23","72","1708","1626","3334","2.2"
"59031","Spigno Saturnia","LAZIO","Latina","LT","4020","41.3058","13.7362","46","38.7","1460","1411","2871","27","5","32","1487","1416","2903","1.1"
"59032","Terracina","LAZIO","Latina","LT","4019","41.2964","13.2333","22","136.4","21383","20105","41488","1110","1635","2745","22493","21740","44233","6.2"
"59033","Ventotene","LAZIO","Latina","LT","4020","40.7983","13.4321","18","1.5","296","343","639","29","23","52","325","366","691","7.5"
"60001","Acquafondata","LAZIO","Frosinone","FR","3040","41.5523","13.9782","926","25.6","131","148","279","3","0","3","134","148","282","1.1"
"60002","Acuto","LAZIO","Frosinone","FR","3010","41.7926","13.1732","724","13.4","952","900","1852","37","21","58","989","921","1910","3.0"
"60003","Alatri","LAZIO","Frosinone","FR","3011","41.7253","13.3412","502","97.2","13635","13095","26730","917","962","1879","14552","14057","28609","6.6"
"60004","Alvito","LAZIO","Frosinone","FR","3041","41.6901","13.7482","475","52.0","1404","1305","2709","73","70","143","1477","1375","2852","5.0"
"60005","Amaseno","LAZIO","Frosinone","FR","3021","41.4696","13.333","112","77.2","2022","2055","4077","129","108","237","2151","2163","4314","5.5"
"60006","Anagni","LAZIO","Frosinone","FR","3012","41.7453","13.1514","424","113.8","10364","10078","20442","525","474","999","10889","10552","21441","4.7"
"60007","Aquino","LAZIO","Frosinone","FR","3031","41.4994","13.704","109","19.2","2608","2528","5136","98","75","173","2706","2603","5309","3.3"
"60008","Arce","LAZIO","Frosinone","FR","3032","41.5856","13.5731","247","39.5","2832","2705","5537","146","100","246","2978","2805","5783","4.3"
"60009","Arnara","LAZIO","Frosinone","FR","3020","41.5843","13.39","250","12.3","1226","1115","2341","24","14","38","1250","1129","2379","1.6"
"60010","Arpino","LAZIO","Frosinone","FR","3033","41.6451","13.6126","447","56.0","3737","3502","7239","103","44","147","3840","3546","7386","2.0"
"60011","Atina","LAZIO","Frosinone","FR","3042","41.6193","13.8016","481","29.8","2230","2025","4255","106","100","206","2336","2125","4461","4.6"
"60012","Ausonia","LAZIO","Frosinone","FR","3040","41.357","13.7507","178","20.1","1300","1282","2582","39","29","68","1339","1311","2650","2.6"
"60013","Belmonte Castello","LAZIO","Frosinone","FR","3040","41.5793","13.8105","369","14.2","357","395","752","15","11","26","372","406","778","3.3"
"60014","Boville Ernica","LAZIO","Frosinone","FR","3022","41.6409","13.4724","450","28.2","4246","4174","8420","201","190","391","4447","4364","8811","4.4"
"60015","Broccostella","LAZIO","Frosinone","FR","3030","41.7042","13.6346","307","12.0","1403","1383","2786","14","7","21","1417","1390","2807","0.7"
"60016","Campoli Appennino","LAZIO","Frosinone","FR","3030","41.7355","13.6826","650","33.4","854","861","1715","16","18","34","870","879","1749","1.9"
"60017","Casalattico","LAZIO","Frosinone","FR","3030","41.5989","13.7173","420","28.3","300","288","588","31","22","53","331","310","641","8.3"
"60018","Casalvieri","LAZIO","Frosinone","FR","3034","41.633","13.7136","380","27.2","1384","1324","2708","78","81","159","1462","1405","2867","5.5"
"60019","Cassino","LAZIO","Frosinone","FR","3043","41.4909","13.8333","40","82.8","16818","16073","32891","493","274","767","17311","16347","33658","2.3"
"60020","Castelliri","LAZIO","Frosinone","FR","3030","41.6773","13.5498","261","15.5","1731","1672","3403","62","68","130","1793","1740","3533","3.7"
"60021","Castelnuovo Parano","LAZIO","Frosinone","FR","3040","41.3843","13.7463","310","10.0","460","434","894","6","2","8","466","436","902","0.9"
"60022","Castrocielo","LAZIO","Frosinone","FR","3030","41.531","13.696","250","27.9","1993","1858","3851","76","42","118","2069","1900","3969","3.0"
"60023","Castro dei Volsci","LAZIO","Frosinone","FR","3020","41.5077","13.4055","385","58.3","2505","2301","4806","57","40","97","2562","2341","4903","2.0"
"60024","Ceccano","LAZIO","Frosinone","FR","3023","41.5699","13.3364","200","60.5","11555","11046","22601","307","190","497","11862","11236","23098","2.2"
"60025","Ceprano","LAZIO","Frosinone","FR","3024","41.5444","13.5122","105","38.0","4311","4056","8367","203","170","373","4514","4226","8740","4.3"
"60026","Cervaro","LAZIO","Frosinone","FR","3044","41.4811","13.9051","250","39.2","3793","3633","7426","175","143","318","3968","3776","7744","4.1"
"60027","Colfelice","LAZIO","Frosinone","FR","3030","41.5546","13.6044","158","14.2","885","915","1800","26","27","53","911","942","1853","2.9"
"60028","Collepardo","LAZIO","Frosinone","FR","3010","41.7643","13.3709","586","25.0","452","479","931","27","17","44","479","496","975","4.5"
"60029","Colle San Magno","LAZIO","Frosinone","FR","3030","41.5495","13.693","540","44.6","361","357","718","15","11","26","376","368","744","3.5"
"60030","Coreno Ausonio","LAZIO","Frosinone","FR","3040","41.3351","13.7869","318","26.0","829","791","1620","28","23","51","857","814","1671","3.1"
"60031","Esperia","LAZIO","Frosinone","FR","3045","41.3837","13.6836","370","108.8","1927","1916","3843","38","22","60","1965","1938","3903","1.5"
"60032","Falvaterra","LAZIO","Frosinone","FR","3020","41.509","13.5263","282","12.8","276","276","552","12","3","15","288","279","567","2.6"
"60033","Ferentino","LAZIO","Frosinone","FR","3013","41.6957","13.2577","395","80.6","10133","9772","19905","553","508","1061","10686","10280","20966","5.1"
"60034","Filettino","LAZIO","Frosinone","FR","3010","41.8915","13.3187","1.063","77.7","261","286","547","3","1","4","264","287","551","0.7"
"60035","Fiuggi","LAZIO","Frosinone","FR","3014","41.8002","13.2243","747","33.1","4738","4437","9175","278","192","470","5016","4629","9645","4.9"
"60036","Fontana Liri","LAZIO","Frosinone","FR","3035","41.6207","13.5474","150","16.0","1452","1379","2831","98","64","162","1550","1443","2993","5.4"
"60037","Fontechiari","LAZIO","Frosinone","FR","3030","41.6688","13.6755","375","16.2","651","615","1266","25","27","52","676","642","1318","3.9"
"60038","Frosinone","LAZIO","Frosinone","FR","3100","41.6396","13.3426","291","47.0","22934","21066","44000","1479","1170","2649","24413","22236","46649","5.7"
"60039","Fumone","LAZIO","Frosinone","FR","3010","41.7271","13.2897","783","14.8","1066","1024","2090","46","44","90","1112","1068","2180","4.1"
"60040","Gallinaro","LAZIO","Frosinone","FR","3040","41.656","13.7985","558","17.6","623","556","1179","39","28","67","662","584","1246","5.4"
"60041","Giuliano di Roma","LAZIO","Frosinone","FR","3020","41.5412","13.2806","363","34.0","1149","1146","2295","29","19","48","1178","1165","2343","2.0"
"60042","Guarcino","LAZIO","Frosinone","FR","3016","41.8008","13.311","625","42.3","810","766","1576","40","42","82","850","808","1658","4.9"
"60043","Isola del Liri","LAZIO","Frosinone","FR","3036","41.6773","13.5749","217","16.2","6092","5553","11645","187","131","318","6279","5684","11963","2.7"
"60044","Monte San Giovanni Campano","LAZIO","Frosinone","FR","3025","41.6409","13.5118","438","48.6","6209","6217","12426","227","229","456","6436","6446","12882","3.5"
"60045","Morolo","LAZIO","Frosinone","FR","3017","41.6392","13.1985","397","26.5","1541","1557","3098","86","83","169","1627","1640","3267","5.2"
"60046","Paliano","LAZIO","Frosinone","FR","3018","41.8062","13.0529","471","70.1","3941","3825","7766","193","187","380","4134","4012","8146","4.7"
"60047","Pastena","LAZIO","Frosinone","FR","3020","41.4698","13.4917","318","42.0","748","744","1492","18","18","36","766","762","1528","2.4"
"60048","Patrica","LAZIO","Frosinone","FR","3010","41.5895","13.2606","450","27.0","1466","1486","2952","64","68","132","1530","1554","3084","4.3"
"60049","Pescosolido","LAZIO","Frosinone","FR","3030","41.7494","13.656","630","44.6","782","749","1531","13","8","21","795","757","1552","1.4"
"60050","Picinisco","LAZIO","Frosinone","FR","3040","41.6483","13.8668","725","62.0","622","592","1214","20","21","41","642","613","1255","3.3"
"60051","Pico","LAZIO","Frosinone","FR","3020","41.4514","13.558","190","32.7","1517","1469","2986","12","6","18","1529","1475","3004","0.6"
"60052","Piedimonte San Germano","LAZIO","Frosinone","FR","3030","41.4955","13.7509","115","17.4","2930","2872","5802","131","103","234","3061","2975","6036","3.9"
"60053","Piglio","LAZIO","Frosinone","FR","3010","41.8298","13.1407","620","35.2","2289","2259","4548","66","43","109","2355","2302","4657","2.3"
"60054","Pignataro Interamna","LAZIO","Frosinone","FR","3040","41.4334","13.7869","69","24.6","1243","1210","2453","57","48","105","1300","1258","2558","4.1"
"60055","Pofi","LAZIO","Frosinone","FR","3026","41.5665","13.4134","283","30.7","2123","2078","4201","51","51","102","2174","2129","4303","2.4"
"60056","Pontecorvo","LAZIO","Frosinone","FR","3037","41.4546","13.6638","97","88.2","6677","6286","12963","157","103","260","6834","6389","13223","2.0"
"60057","Posta Fibreno","LAZIO","Frosinone","FR","3030","41.6945","13.6966","430","9.1","606","569","1175","18","24","42","624","593","1217","3.5"
"60058","Ripi","LAZIO","Frosinone","FR","3027","41.611","13.4263","300","31.4","2636","2479","5115","102","129","231","2738","2608","5346","4.3"
"60059","Rocca d'Arce","LAZIO","Frosinone","FR","3030","41.5859","13.5858","507","11.5","483","467","950","16","5","21","499","472","971","2.2"
"60060","Roccasecca","LAZIO","Frosinone","FR","3038","41.5527","13.6704","205","43.3","3710","3643","7353","112","71","183","3822","3714","7536","2.4"
"60061","San Biagio Saracinisco","LAZIO","Frosinone","FR","3040","41.6097","13.9492","836","31.1","181","176","357","3","1","4","184","177","361","1.1"
"60062","San Donato Val di Comino","LAZIO","Frosinone","FR","3046","41.7089","13.8126","721","35.7","1082","955","2037","51","34","85","1133","989","2122","4.0"
"60063","San Giorgio a Liri","LAZIO","Frosinone","FR","3047","41.4011","13.7695","38","15.5","1539","1472","3011","83","72","155","1622","1544","3166","4.9"
"60064","San Giovanni Incarico","LAZIO","Frosinone","FR","3028","41.5002","13.5579","200","24.9","1735","1593","3328","42","40","82","1777","1633","3410","2.4"
"60065","Sant'Ambrogio sul Garigliano","LAZIO","Frosinone","FR","3040","41.3878","13.8697","137","9.0","487","491","978","11","5","16","498","496","994","1.6"
"60066","Sant'Andrea del Garigliano","LAZIO","Frosinone","FR","3040","41.3703","13.8417","176","16.9","743","742","1485","42","39","81","785","781","1566","5.2"
"60067","Sant'Apollinare","LAZIO","Frosinone","FR","3048","41.4057","13.828","57","17.0","953","930","1883","30","18","48","983","948","1931","2.5"
"60068","Sant'Elia Fiumerapido","LAZIO","Frosinone","FR","3049","41.5361","13.8735","120","41.0","3056","3051","6107","77","43","120","3133","3094","6227","1.9"
"60069","Santopadre","LAZIO","Frosinone","FR","3030","41.6032","13.6349","730","21.5","682","703","1385","19","6","25","701","709","1410","1.8"
"60070","San Vittore del Lazio","LAZIO","Frosinone","FR","3040","41.462","13.9351","210","27.1","1266","1250","2516","83","80","163","1349","1330","2679","6.1"
"60071","Serrone","LAZIO","Frosinone","FR","3010","41.8416","13.0945","738","15.4","1455","1494","2949","68","52","120","1523","1546","3069","3.9"
"60072","Settefrati","LAZIO","Frosinone","FR","3040","41.6682","13.8509","784","50.6","378","373","751","18","23","41","396","396","792","5.2"
"60073","Sgurgola","LAZIO","Frosinone","FR","3010","41.6713","13.1481","386","19.3","1153","1131","2284","196","143","339","1349","1274","2623","12.9"
"60074","Sora","LAZIO","Frosinone","FR","3039","41.7189","13.613","300","71.8","13228","12471","25699","326","222","548","13554","12693","26247","2.1"
"60075","Strangolagalli","LAZIO","Frosinone","FR","3020","41.6003","13.4951","232","10.5","1224","1162","2386","52","63","115","1276","1225","2501","4.6"
"60076","Supino","LAZIO","Frosinone","FR","3019","41.6099","13.2261","321","35.3","2332","2258","4590","159","144","303","2491","2402","4893","6.2"
"60077","Terelle","LAZIO","Frosinone","FR","3040","41.5531","13.7795","905","31.7","229","223","452","5","3","8","234","226","460","1.7"
"60078","Torre Cajetani","LAZIO","Frosinone","FR","3010","41.7868","13.2675","819","11.6","663","667","1330","30","28","58","693","695","1388","4.2"
"60079","Torrice","LAZIO","Frosinone","FR","3020","41.6315","13.3971","321","18.2","2268","2191","4459","84","65","149","2352","2256","4608","3.2"
"60080","Trevi nel Lazio","LAZIO","Frosinone","FR","3010","41.861","13.2476","821","54.5","907","892","1799","24","30","54","931","922","1853","2.9"
"60081","Trivigliano","LAZIO","Frosinone","FR","3010","41.7645","13.2721","780","12.7","805","791","1596","50","47","97","855","838","1693","5.7"
"60082","Vallecorsa","LAZIO","Frosinone","FR","3020","41.4452","13.4029","350","39.7","1396","1377","2773","20","7","27","1416","1384","2800","1.0"
"60083","Vallemaio","LAZIO","Frosinone","FR","3040","41.3674","13.8042","337","19.5","494","496","990","8","4","12","502","500","1002","1.2"
"60084","Vallerotonda","LAZIO","Frosinone","FR","3040","41.552","13.911","620","59.7","854","783","1637","22","12","34","876","795","1671","2.0"
"60085","Veroli","LAZIO","Frosinone","FR","3029","41.696","13.4129","594","120.3","10127","9862","19989","392","382","774","10519","10244","20763","3.7"
"60086","Vicalvi","LAZIO","Frosinone","FR","3030","41.6766","13.7058","590","8.2","418","371","789","10","7","17","428","378","806","2.1"
"60087","Vico nel Lazio","LAZIO","Frosinone","FR","3010","41.7786","13.3412","721","45.8","1073","1024","2097","74","85","159","1147","1109","2256","7.0"
"60088","Villa Latina","LAZIO","Frosinone","FR","3040","41.6071","13.8506","415","17.0","620","596","1216","33","37","70","653","633","1286","5.4"
"60089","Villa Santa Lucia","LAZIO","Frosinone","FR","3030","41.5132","13.7738","393","18.2","1297","1286","2583","35","21","56","1332","1307","2639","2.1"
"60090","Villa Santo Stefano","LAZIO","Frosinone","FR","3020","41.5159","13.3124","205","20.3","850","813","1663","25","19","44","875","832","1707","2.6"
"60091","Viticuso","LAZIO","Frosinone","FR","3040","41.5228","13.9782","825","21.1","191","177","368","2","2","4","193","179","372","1.1"
"61001","Ailano","CAMPANIA","Caserta","CE","81010","41.3914","14.2074","260","15.5","717","636","1353","16","11","27","733","647","1380","2.0"
"61002","Alife","CAMPANIA","Caserta","CE","81011","41.3274","14.3336","110","63.9","3785","3753","7538","57","65","122","3842","3818","7660","1.6"
"61003","Alvignano","CAMPANIA","Caserta","CE","81012","41.2432","14.3676","132","37.7","2444","2286","4730","82","102","184","2526","2388","4914","3.7"
"61004","Arienzo","CAMPANIA","Caserta","CE","81021","41.0218","14.5","103","14.2","2609","2583","5192","96","45","141","2705","2628","5333","2.6"
"61005","Aversa","CAMPANIA","Caserta","CE","81031","40.9732","14.2077","39","8.7","26240","24363","50603","1283","944","2227","27523","25307","52830","4.2"
"61006","Baia e Latina","CAMPANIA","Caserta","CE","81010","41.2896","14.2729","123","24.5","1113","1091","2204","19","28","47","1132","1119","2251","2.1"
"61007","Bellona","CAMPANIA","Caserta","CE","81041","41.1625","14.2342","74","11.7","2791","2724","5515","100","90","190","2891","2814","5705","3.3"
"61008","Caianello","CAMPANIA","Caserta","CE","81059","41.2979","14.0885","236","15.6","878","854","1732","30","20","50","908","874","1782","2.8"
"61009","Caiazzo","CAMPANIA","Caserta","CE","81013","41.1794","14.3726","200","36.9","2774","2712","5486","89","82","171","2863","2794","5657","3.0"
"61010","Calvi Risorta","CAMPANIA","Caserta","CE","81042","41.2217","14.1428","113","15.9","2909","2785","5694","55","36","91","2964","2821","5785","1.6"
"61011","Camigliano","CAMPANIA","Caserta","CE","81050","41.1807","14.2119","80","6.1","932","908","1840","41","21","62","973","929","1902","3.3"
"61012","Cancello ed Arnone","CAMPANIA","Caserta","CE","81030","41.0746","14.0316","8","49.2","2613","2430","5043","127","258","385","2740","2688","5428","7.1"
"61013","Capodrise","CAMPANIA","Caserta","CE","81020","41.0438","14.3038","34","3.5","4816","4754","9570","119","84","203","4935","4838","9773","2.1"
"61014","Capriati a Volturno","CAMPANIA","Caserta","CE","81014","41.4684","14.1478","290","18.5","828","736","1564","14","16","30","842","752","1594","1.9"
"61015","Capua","CAMPANIA","Caserta","CE","81043","41.1061","14.213","25","48.6","9520","8807","18327","410","299","709","9930","9106","19036","3.7"
"61016","Carinaro","CAMPANIA","Caserta","CE","81032","40.9972","14.2251","29","6.3","3405","3256","6661","127","98","225","3532","3354","6886","3.3"
"61017","Carinola","CAMPANIA","Caserta","CE","81030","41.1888","13.9767","74","63.7","3986","3900","7886","90","80","170","4076","3980","8056","2.1"
"61018","Casagiove","CAMPANIA","Caserta","CE","81022","41.0852","14.3108","55","6.3","6927","6396","13323","238","144","382","7165","6540","13705","2.8"
"61019","Casal di Principe","CAMPANIA","Caserta","CE","81033","41.0107","14.1319","16","23.4","10240","9948","20188","288","352","640","10528","10300","20828","3.1"
"61020","Casaluce","CAMPANIA","Caserta","CE","81030","41.0014","14.1993","25","9.4","4882","4705","9587","176","238","414","5058","4943","10001","4.1"
"61021","Casapulla","CAMPANIA","Caserta","CE","81020","41.074","14.2909","46","2.9","4026","3920","7946","125","109","234","4151","4029","8180","2.9"
"61022","Caserta","CAMPANIA","Caserta","CE","81100","41.0723","14.3311","68","53.9","38443","34652","73095","1734","811","2545","40177","35463","75640","3.4"
"61023","Castel Campagnano","CAMPANIA","Caserta","CE","81010","41.1825","14.4508","58","17.5","822","747","1569","21","18","39","843","765","1608","2.4"
"61024","Castel di Sasso","CAMPANIA","Caserta","CE","81040","41.2042","14.2961","200","20.3","589","582","1171","9","13","22","598","595","1193","1.8"
"61025","Castello del Matese","CAMPANIA","Caserta","CE","81016","41.3683","14.3769","476","21.5","772","712","1484","20","5","25","792","717","1509","1.7"
"61026","Castel Morrone","CAMPANIA","Caserta","CE","81020","41.12","14.3584","251","25.4","2008","1870","3878","34","22","56","2042","1892","3934","1.4"
"61027","Castel Volturno","CAMPANIA","Caserta","CE","81030","41.0348","13.9423","3","72.2","9908","9998","19906","1533","1443","2976","11441","11441","22882","13.0"
"61028","Cervino","CAMPANIA","Caserta","CE","81023","41.0423","14.4222","152","8.0","2501","2309","4810","114","100","214","2615","2409","5024","4.3"
"61029","Cesa","CAMPANIA","Caserta","CE","81030","40.9641","14.2307","40","2.8","4192","4080","8272","97","127","224","4289","4207","8496","2.6"
"61030","Ciorlano","CAMPANIA","Caserta","CE","81010","41.45","14.1596","330","27.9","212","205","417","5","18","23","217","223","440","5.2"
"61031","Conca della Campania","CAMPANIA","Caserta","CE","81044","41.3337","13.9906","420","26.6","628","604","1232","13","11","24","641","615","1256","1.9"
"61032","Curti","CAMPANIA","Caserta","CE","81040","41.0752","14.274","40","1.7","3584","3313","6897","148","65","213","3732","3378","7110","3.0"
"61033","Dragoni","CAMPANIA","Caserta","CE","81010","41.2756","14.3023","130","25.9","1102","1009","2111","28","28","56","1130","1037","2167","2.6"
"61034","Fontegreca","CAMPANIA","Caserta","CE","81014","41.4582","14.1886","320","9.6","407","433","840","4","5","9","411","438","849","1.1"
"61035","Formicola","CAMPANIA","Caserta","CE","81040","41.2104","14.2327","196","17.4","788","673","1461","24","19","43","812","692","1504","2.9"
"61036","Francolise","CAMPANIA","Caserta","CE","81050","41.1851","14.0544","103","40.8","2409","2314","4723","95","103","198","2504","2417","4921","4.0"
"61037","Frignano","CAMPANIA","Caserta","CE","81030","41.0157","14.1757","30","9.9","4295","4263","8558","104","71","175","4399","4334","8733","2.0"
"61038","Gallo Matese","CAMPANIA","Caserta","CE","81010","41.4646","14.2259","875","31.0","316","328","644","3","1","4","319","329","648","0.6"
"61039","Galluccio","CAMPANIA","Caserta","CE","81044","41.3535","13.9551","368","32.0","1106","1082","2188","31","20","51","1137","1102","2239","2.3"
"61040","Giano Vetusto","CAMPANIA","Caserta","CE","81042","41.2026","14.1949","225","11.5","353","298","651","9","3","12","362","301","663","1.8"
"61041","Gioia Sannitica","CAMPANIA","Caserta","CE","81010","41.2997","14.4446","275","54.1","1801","1771","3572","29","39","68","1830","1810","3640","1.9"
"61042","Grazzanise","CAMPANIA","Caserta","CE","81046","41.0907","14.1028","12","47.0","3494","3317","6811","77","197","274","3571","3514","7085","3.9"
"61043","Gricignano di Aversa","CAMPANIA","Caserta","CE","81030","40.9812","14.2328","28","9.8","5130","5064","10194","189","176","365","5319","5240","10559","3.5"
"61044","Letino","CAMPANIA","Caserta","CE","81010","41.453","14.2537","961","31.7","371","338","709","4","2","6","375","340","715","0.8"
"61045","Liberi","CAMPANIA","Caserta","CE","81040","41.2278","14.2915","470","17.4","611","534","1145","7","5","12","618","539","1157","1.0"
"61046","Lusciano","CAMPANIA","Caserta","CE","81030","40.9676","14.191","44","4.5","7131","6961","14092","260","187","447","7391","7148","14539","3.1"
"61047","Macerata Campania","CAMPANIA","Caserta","CE","81047","41.0627","14.2743","34","7.6","5299","5076","10375","105","78","183","5404","5154","10558","1.7"
"61048","Maddaloni","CAMPANIA","Caserta","CE","81024","41.0367","14.3812","73","36.5","19800","18844","38644","383","382","765","20183","19226","39409","1.9"
"61049","Marcianise","CAMPANIA","Caserta","CE","81025","41.0311","14.2995","33","30.8","20113","19327","39440","438","419","857","20551","19746","40297","2.1"
"61050","Marzano Appio","CAMPANIA","Caserta","CE","81035","41.3189","14.0506","318","28.2","1175","1085","2260","42","43","85","1217","1128","2345","3.6"
"61051","Mignano Monte Lungo","CAMPANIA","Caserta","CE","81049","41.4046","13.9832","137","52.9","1620","1563","3183","38","37","75","1658","1600","3258","2.3"
"61052","Mondragone","CAMPANIA","Caserta","CE","81034","41.1148","13.8935","10","54.4","12974","12420","25394","824","852","1676","13798","13272","27070","6.2"
"61053","Orta di Atella","CAMPANIA","Caserta","CE","81030","40.9644","14.2692","36","10.7","12152","12243","24395","199","202","401","12351","12445","24796","1.6"
"61054","Parete","CAMPANIA","Caserta","CE","81030","40.9575","14.1661","62","5.7","5273","5185","10458","273","281","554","5546","5466","11012","5.0"
"61055","Pastorano","CAMPANIA","Caserta","CE","81050","41.1826","14.2002","67","13.9","1431","1357","2788","60","72","132","1491","1429","2920","4.5"
"61056","Piana di Monte Verna","CAMPANIA","Caserta","CE","81013","41.1654","14.3374","84","23.4","1222","1140","2362","14","6","20","1236","1146","2382","0.8"
"61057","Piedimonte Matese","CAMPANIA","Caserta","CE","81016","41.3552","14.3707","170","41.3","5598","5297","10895","346","263","609","5944","5560","11504","5.3"
"61058","Pietramelara","CAMPANIA","Caserta","CE","81051","41.2726","14.1873","132","23.9","2320","2199","4519","83","55","138","2403","2254","4657","3.0"
"61059","Pietravairano","CAMPANIA","Caserta","CE","81040","41.3265","14.1683","250","33.2","1485","1397","2882","71","65","136","1556","1462","3018","4.5"
"61060","Pignataro Maggiore","CAMPANIA","Caserta","CE","81052","41.1909","14.1736","93","31.7","3117","2905","6022","95","113","208","3212","3018","6230","3.3"
"61061","Pontelatone","CAMPANIA","Caserta","CE","81040","41.1943","14.2497","120","30.5","870","828","1698","23","37","60","893","865","1758","3.4"
"61062","Portico di Caserta","CAMPANIA","Caserta","CE","81050","41.0524","14.2826","31","1.8","3821","3744","7565","78","76","154","3899","3820","7719","2.0"
"61063","Prata Sannita","CAMPANIA","Caserta","CE","81010","41.433","14.2034","333","21.1","807","747","1554","13","4","17","820","751","1571","1.1"
"61064","Pratella","CAMPANIA","Caserta","CE","81010","41.4048","14.1785","152","34.4","838","762","1600","10","5","15","848","767","1615","0.9"
"61065","Presenzano","CAMPANIA","Caserta","CE","81050","41.376","14.078","272","31.7","818","844","1662","47","38","85","865","882","1747","4.9"
"61066","Raviscanina","CAMPANIA","Caserta","CE","81017","41.3708","14.2421","358","24.5","674","657","1331","26","19","45","700","676","1376","3.3"
"61067","Recale","CAMPANIA","Caserta","CE","81020","41.0501","14.2994","43","3.2","3675","3630","7305","182","124","306","3857","3754","7611","4.0"
"61068","Riardo","CAMPANIA","Caserta","CE","81053","41.2633","14.1512","150","16.6","1195","1123","2318","39","55","94","1234","1178","2412","3.9"
"61069","Rocca d'Evandro","CAMPANIA","Caserta","CE","81040","41.3889","13.9073","83","49.5","1696","1614","3310","33","23","56","1729","1637","3366","1.7"
"61070","Roccamonfina","CAMPANIA","Caserta","CE","81035","41.2898","13.9956","612","30.9","1826","1743","3569","37","20","57","1863","1763","3626","1.6"
"61071","Roccaromana","CAMPANIA","Caserta","CE","81051","41.2752","14.2223","180","27.1","457","393","850","13","15","28","470","408","878","3.2"
"61072","Rocchetta e Croce","CAMPANIA","Caserta","CE","81042","41.2372","14.1652","459","12.9","230","218","448","10","5","15","240","223","463","3.2"
"61073","Ruviano","CAMPANIA","Caserta","CE","81010","41.2134","14.4083","80","24.4","904","834","1738","49","35","84","953","869","1822","4.6"
"61074","San Cipriano d'Aversa","CAMPANIA","Caserta","CE","81036","40.9989","14.1321","20","6.2","6547","6435","12982","206","228","434","6753","6663","13416","3.2"
"61075","San Felice a Cancello","CAMPANIA","Caserta","CE","81027","41.0178","14.4889","89","26.8","8562","8227","16789","173","148","321","8735","8375","17110","1.9"
"61076","San Gregorio Matese","CAMPANIA","Caserta","CE","81010","41.3854","14.3736","765","56.4","533","477","1010","10","2","12","543","479","1022","1.2"
"61077","San Marcellino","CAMPANIA","Caserta","CE","81030","40.9855","14.1755","36","4.6","6134","6030","12164","223","256","479","6357","6286","12643","3.8"
"61078","San Nicola la Strada","CAMPANIA","Caserta","CE","81020","41.0526","14.3353","58","4.7","10414","9964","20378","339","440","779","10753","10404","21157","3.7"
"61079","San Pietro Infine","CAMPANIA","Caserta","CE","81049","41.45","13.9724","140","14.1","472","466","938","9","2","11","481","468","949","1.2"
"61080","San Potito Sannitico","CAMPANIA","Caserta","CE","81016","41.3368","14.393","230","22.8","1007","966","1973","18","9","27","1025","975","2000","1.4"
"61081","San Prisco","CAMPANIA","Caserta","CE","81054","41.0834","14.2724","48","7.7","6060","5635","11695","121","87","208","6181","5722","11903","1.7"
"61082","Santa Maria a Vico","CAMPANIA","Caserta","CE","81028","41.0271","14.4694","83","10.8","6825","6709","13534","355","245","600","7180","6954","14134","4.2"
"61083","Santa Maria Capua Vetere","CAMPANIA","Caserta","CE","81055","41.0821","14.2542","36","15.8","16386","15069","31455","680","368","1048","17066","15437","32503","3.2"
"61084","Santa Maria la Fossa","CAMPANIA","Caserta","CE","81050","41.0924","14.1292","16","29.5","1354","1244","2598","33","51","84","1387","1295","2682","3.1"
"61085","San Tammaro","CAMPANIA","Caserta","CE","81050","41.0734","14.2253","22","36.8","2469","2538","5007","33","24","57","2502","2562","5064","1.1"
"61086","Sant'Angelo d'Alife","CAMPANIA","Caserta","CE","81017","41.3627","14.2598","385","33.9","1149","1071","2220","27","29","56","1176","1100","2276","2.5"
"61087","Sant'Arpino","CAMPANIA","Caserta","CE","81030","40.9579","14.253","43","3.2","6983","6885","13868","108","100","208","7091","6985","14076","1.5"
"61088","Sessa Aurunca","CAMPANIA","Caserta","CE","81037","41.2383","13.9326","203","163.1","11067","10665","21732","272","212","484","11339","10877","22216","2.2"
"61089","Sparanise","CAMPANIA","Caserta","CE","81056","41.1934","14.0993","65","18.7","3725","3457","7182","167","160","327","3892","3617","7509","4.4"
"61090","Succivo","CAMPANIA","Caserta","CE","81030","40.9659","14.2538","35","7.0","4010","3931","7941","103","104","207","4113","4035","8148","2.5"
"61091","Teano","CAMPANIA","Caserta","CE","81057","41.2493","14.0682","168","88.7","6354","6038","12392","113","82","195","6467","6120","12587","1.5"
"61092","Teverola","CAMPANIA","Caserta","CE","81030","40.9922","14.2075","25","6.7","6688","6560","13248","205","157","362","6893","6717","13610","2.7"
"61093","Tora e Piccilli","CAMPANIA","Caserta","CE","81044","41.3403","14.0246","343","12.5","489","437","926","14","7","21","503","444","947","2.2"
"61094","Trentola-Ducenta","CAMPANIA","Caserta","CE","81038","40.9769","14.1757","42","6.6","8765","8597","17362","215","220","435","8980","8817","17797","2.4"
"61095","Vairano Patenora","CAMPANIA","Caserta","CE","81058","41.338","14.1295","168","43.7","3313","3104","6417","126","115","241","3439","3219","6658","3.6"
"61096","Valle Agricola","CAMPANIA","Caserta","CE","81010","41.4254","14.2562","691","24.4","491","471","962","10","3","13","501","474","975","1.3"
"61097","Valle di Maddaloni","CAMPANIA","Caserta","CE","81020","41.0793","14.414","156","10.8","1403","1350","2753","37","17","54","1440","1367","2807","1.9"
"61098","Villa di Briano","CAMPANIA","Caserta","CE","81030","41.0016","14.1518","28","8.5","2939","2932","5871","95","100","195","3034","3032","6066","3.2"
"61099","Villa Literno","CAMPANIA","Caserta","CE","81039","41.0129","14.0765","10","61.7","5299","5141","10440","111","164","275","5410","5305","10715","2.6"
"61100","Vitulazio","CAMPANIA","Caserta","CE","81041","41.164","14.2161","57","22.7","3447","3331","6778","119","123","242","3566","3454","7020","3.4"
"61101","Falciano del Massico","CAMPANIA","Caserta","CE","81030","41.1612","13.9466","70","42.0","1890","1739","3629","22","22","44","1912","1761","3673","1.2"
"61102","Cellole","CAMPANIA","Caserta","CE","81030","41.1914","13.8332","19","35.0","3862","3607","7469","117","98","215","3979","3705","7684","2.8"
"61103","Casapesenna","CAMPANIA","Caserta","CE","81030","40.9916","14.1427","25","3.0","3357","3124","6481","80","90","170","3437","3214","6651","2.6"
"61104","San Marco Evangelista","CAMPANIA","Caserta","CE","81020","41.0374","14.341","45","5.5","3105","2999","6104","108","94","202","3213","3093","6306","3.2"
"62001","Airola","CAMPANIA","Benevento","BN","82011","41.0655","14.5577","270","14.5","3976","3874","7850","106","106","212","4082","3980","8062","2.6"
"62002","Amorosi","CAMPANIA","Benevento","BN","82031","41.2023","14.4621","60","11.0","1423","1356","2779","43","14","57","1466","1370","2836","2.0"
"62003","Apice","CAMPANIA","Benevento","BN","82021","41.1194","14.9311","225","48.8","2886","2761","5647","76","79","155","2962","2840","5802","2.7"
"62004","Apollosa","CAMPANIA","Benevento","BN","82030","41.0929","14.6986","430","21.0","1360","1308","2668","22","7","29","1382","1315","2697","1.1"
"62005","Arpaia","CAMPANIA","Benevento","BN","82011","41.0384","14.5532","283","5.2","979","986","1965","24","27","51","1003","1013","2016","2.5"
"62006","Arpaise","CAMPANIA","Benevento","BN","82010","41.0299","14.7453","410","6.6","396","406","802","22","6","28","418","412","830","3.4"
"62007","Baselice","CAMPANIA","Benevento","BN","82020","41.3921","14.9732","620","47.8","1303","1224","2527","15","13","28","1318","1237","2555","1.1"
"62008","Benevento","CAMPANIA","Benevento","BN","82100","41.1298","14.7826","135","130.0","31453","28788","60241","901","347","1248","32354","29135","61489","2.0"
"62009","Bonea","CAMPANIA","Benevento","BN","82013","41.0752","14.6192","350","11.5","722","731","1453","22","8","30","744","739","1483","2.0"
"62010","Bucciano","CAMPANIA","Benevento","BN","82010","41.0755","14.5739","276","7.9","1026","1013","2039","16","22","38","1042","1035","2077","1.8"
"62011","Buonalbergo","CAMPANIA","Benevento","BN","82020","41.2222","14.9793","555","25.1","895","900","1795","19","10","29","914","910","1824","1.6"
"62012","Calvi","CAMPANIA","Benevento","BN","82018","41.0738","14.8673","376","22.2","1281","1292","2573","24","19","43","1305","1311","2616","1.6"
"62013","Campolattaro","CAMPANIA","Benevento","BN","82020","41.2877","14.7355","430","17.5","545","505","1050","19","15","34","564","520","1084","3.1"
"62014","Campoli del Monte Taburno","CAMPANIA","Benevento","BN","82030","41.1309","14.6472","439","9.8","754","781","1535","7","4","11","761","785","1546","0.7"
"62015","Casalduni","CAMPANIA","Benevento","BN","82027","41.2603","14.6938","300","23.2","718","705","1423","24","27","51","742","732","1474","3.5"
"62016","Castelfranco in Miscano","CAMPANIA","Benevento","BN","82022","41.2994","15.0852","760","43.1","467","448","915","6","14","20","473","462","935","2.1"
"62017","Castelpagano","CAMPANIA","Benevento","BN","82024","41.4003","14.8076","630","38.2","761","759","1520","17","10","27","778","769","1547","1.7"
"62018","Castelpoto","CAMPANIA","Benevento","BN","82030","41.1451","14.7039","293","11.8","682","633","1315","8","3","11","690","636","1326","0.8"
"62019","Castelvenere","CAMPANIA","Benevento","BN","82037","41.2345","14.5451","119","15.2","1321","1231","2552","37","31","68","1358","1262","2620","2.6"
"62020","Castelvetere in Val Fortore","CAMPANIA","Benevento","BN","82023","41.4428","14.936","706","34.5","741","644","1385","4","0","4","745","644","1389","0.3"
"62021","Cautano","CAMPANIA","Benevento","BN","82030","41.1503","14.6334","385","19.7","1026","1038","2064","15","12","27","1041","1050","2091","1.3"
"62022","Ceppaloni","CAMPANIA","Benevento","BN","82010","41.0572","14.7404","368","23.7","1698","1598","3296","47","32","79","1745","1630","3375","2.3"
"62023","Cerreto Sannita","CAMPANIA","Benevento","BN","82032","41.2848","14.5606","277","33.3","2035","1976","4011","45","27","72","2080","2003","4083","1.8"
"62024","Circello","CAMPANIA","Benevento","BN","82020","41.3544","14.8112","650","45.4","1256","1200","2456","11","9","20","1267","1209","2476","0.8"
"62025","Colle Sannita","CAMPANIA","Benevento","BN","82024","41.3647","14.8331","769","37.0","1305","1177","2482","18","13","31","1323","1190","2513","1.2"
"62026","Cusano Mutri","CAMPANIA","Benevento","BN","82033","41.3389","14.5072","475","58.9","2072","2091","4163","19","4","23","2091","2095","4186","0.5"
"62027","Dugenta","CAMPANIA","Benevento","BN","82030","41.1314","14.4528","55","16.0","1416","1301","2717","22","13","35","1438","1314","2752","1.3"
"62028","Durazzano","CAMPANIA","Benevento","BN","82015","41.0617","14.4483","286","13.2","1102","1107","2209","28","10","38","1130","1117","2247","1.7"
"62029","Faicchio","CAMPANIA","Benevento","BN","82030","41.2787","14.4806","175","43.9","1853","1786","3639","43","16","59","1896","1802","3698","1.6"
"62030","Foglianise","CAMPANIA","Benevento","BN","82030","41.1669","14.6651","350","11.7","1769","1700","3469","30","10","40","1799","1710","3509","1.1"
"62031","Foiano di Val Fortore","CAMPANIA","Benevento","BN","82020","41.3532","14.981","520","40.8","754","707","1461","12","4","16","766","711","1477","1.1"
"62032","Forchia","CAMPANIA","Benevento","BN","82011","41.0304","14.5365","282","5.4","609","614","1223","8","7","15","617","621","1238","1.2"
"62033","Fragneto l'Abate","CAMPANIA","Benevento","BN","82020","41.2597","14.7852","501","20.5","568","525","1093","11","12","23","579","537","1116","2.1"
"62034","Fragneto Monforte","CAMPANIA","Benevento","BN","82020","41.2449","14.7616","380","24.4","934","908","1842","26","21","47","960","929","1889","2.5"
"62035","Frasso Telesino","CAMPANIA","Benevento","BN","82030","41.1571","14.528","374","22.3","1233","1152","2385","17","2","19","1250","1154","2404","0.8"
"62036","Ginestra degli Schiavoni","CAMPANIA","Benevento","BN","82020","41.2794","15.0423","540","14.8","265","261","526","3","3","6","268","264","532","1.1"
"62037","Guardia Sanframondi","CAMPANIA","Benevento","BN","82034","41.2564","14.5994","428","21.0","2614","2570","5184","38","24","62","2652","2594","5246","1.2"
"62038","Limatola","CAMPANIA","Benevento","BN","82030","41.1384","14.3921","48","18.2","1973","1984","3957","62","58","120","2035","2042","4077","2.9"
"62039","Melizzano","CAMPANIA","Benevento","BN","82030","41.1692","14.484","190","17.5","948","877","1825","35","32","67","983","909","1892","3.5"
"62040","Moiano","CAMPANIA","Benevento","BN","82010","41.0814","14.5429","271","20.3","2097","1987","4084","22","15","37","2119","2002","4121","0.9"
"62041","Molinara","CAMPANIA","Benevento","BN","82020","41.2909","14.9103","580","24.0","839","777","1616","29","17","46","868","794","1662","2.8"
"62042","Montefalcone di Val Fortore","CAMPANIA","Benevento","BN","82025","41.3241","15.0089","830","41.7","867","761","1628","19","3","22","886","764","1650","1.3"
"62043","Montesarchio","CAMPANIA","Benevento","BN","82016","41.0632","14.638","300","26.3","6612","6262","12874","191","133","324","6803","6395","13198","2.5"
"62044","Morcone","CAMPANIA","Benevento","BN","82026","41.3398","14.6655","600","101.0","2554","2391","4945","62","35","97","2616","2426","5042","1.9"
"62045","Paduli","CAMPANIA","Benevento","BN","82020","41.1634","14.8782","349","44.7","2050","1962","4012","43","30","73","2093","1992","4085","1.8"
"62046","Pago Veiano","CAMPANIA","Benevento","BN","82020","41.2443","14.8664","485","23.7","1274","1245","2519","20","6","26","1294","1251","2545","1.0"
"62047","Pannarano","CAMPANIA","Benevento","BN","82017","41.0114","14.7032","360","11.7","1000","1051","2051","17","14","31","1017","1065","2082","1.5"
"62048","Paolisi","CAMPANIA","Benevento","BN","82011","41.0371","14.579","270","6.1","937","931","1868","64","51","115","1001","982","1983","5.8"
"62049","Paupisi","CAMPANIA","Benevento","BN","82030","41.2045","14.65","320","9.0","772","759","1531","14","15","29","786","774","1560","1.9"
"62050","Pesco Sannita","CAMPANIA","Benevento","BN","82020","41.2348","14.8104","393","24.1","1084","961","2045","25","11","36","1109","972","2081","1.7"
"62051","Pietraroja","CAMPANIA","Benevento","BN","82030","41.354","14.5772","818","35.6","307","279","586","1","0","1","308","279","587","0.2"
"62052","Pietrelcina","CAMPANIA","Benevento","BN","82020","41.1976","14.8482","345","28.8","1494","1521","3015","50","16","66","1544","1537","3081","2.1"
"62053","Ponte","CAMPANIA","Benevento","BN","82030","41.2149","14.6949","147","17.8","1331","1233","2564","58","39","97","1389","1272","2661","3.6"
"62054","Pontelandolfo","CAMPANIA","Benevento","BN","82027","41.2996","14.6938","510","28.9","1164","1098","2262","13","13","26","1177","1111","2288","1.1"
"62055","Puglianello","CAMPANIA","Benevento","BN","82030","41.2271","14.4549","61","8.3","683","668","1351","13","16","29","696","684","1380","2.1"
"62056","Reino","CAMPANIA","Benevento","BN","82020","41.293","14.8242","390","23.6","638","613","1251","6","5","11","644","618","1262","0.9"
"62057","San Bartolomeo in Galdo","CAMPANIA","Benevento","BN","82028","41.4116","15.0143","585","82.3","2557","2461","5018","42","30","72","2599","2491","5090","1.4"
"62058","San Giorgio del Sannio","CAMPANIA","Benevento","BN","82018","41.0612","14.8511","380","22.3","4989","4648","9637","126","46","172","5115","4694","9809","1.8"
"62059","San Giorgio La Molara","CAMPANIA","Benevento","BN","82020","41.271","14.9202","667","65.3","1496","1532","3028","14","8","22","1510","1540","3050","0.7"
"62060","San Leucio del Sannio","CAMPANIA","Benevento","BN","82010","41.0763","14.758","369","10.0","1617","1562","3179","38","21","59","1655","1583","3238","1.8"
"62061","San Lorenzello","CAMPANIA","Benevento","BN","82030","41.2774","14.5418","250","13.9","1150","1120","2270","30","20","50","1180","1140","2320","2.2"
"62062","San Lorenzo Maggiore","CAMPANIA","Benevento","BN","82034","41.2521","14.6285","330","16.2","1060","1063","2123","26","16","42","1086","1079","2165","1.9"
"62063","San Lupo","CAMPANIA","Benevento","BN","82034","41.26","14.6352","500","15.2","419","417","836","14","13","27","433","430","863","3.1"
"62064","San Marco dei Cavoti","CAMPANIA","Benevento","BN","82029","41.3092","14.8791","695","48.8","1779","1681","3460","48","36","84","1827","1717","3544","2.4"
"62065","San Martino Sannita","CAMPANIA","Benevento","BN","82010","41.0667","14.8369","450","6.3","622","620","1242","23","12","35","645","632","1277","2.7"
"62066","San Nazzaro","CAMPANIA","Benevento","BN","82018","41.0532","14.8571","495","2.0","436","466","902","10","2","12","446","468","914","1.3"
"62067","San Nicola Manfredi","CAMPANIA","Benevento","BN","82010","41.072","14.8232","409","18.9","1819","1760","3579","28","17","45","1847","1777","3624","1.2"
"62068","San Salvatore Telesino","CAMPANIA","Benevento","BN","82030","41.2349","14.4962","95","18.2","1981","1936","3917","74","47","121","2055","1983","4038","3.0"
"62069","Santa Croce del Sannio","CAMPANIA","Benevento","BN","82020","41.3868","14.733","689","16.3","484","477","961","16","8","24","500","485","985","2.4"
"62070","Sant'Agata de' Goti","CAMPANIA","Benevento","BN","82019","41.0895","14.5","159","62.9","5632","5467","11099","126","85","211","5758","5552","11310","1.9"
"62071","Sant'Angelo a Cupolo","CAMPANIA","Benevento","BN","82010","41.0706","14.8045","459","10.9","2105","2071","4176","57","31","88","2162","2102","4264","2.1"
"62072","Sassinoro","CAMPANIA","Benevento","BN","82026","41.3786","14.653","545","13.2","326","308","634","14","11","25","340","319","659","3.8"
"62073","Solopaca","CAMPANIA","Benevento","BN","82036","41.1927","14.5484","180","31.0","2051","1739","3790","95","71","166","2146","1810","3956","4.2"
"62074","Telese Terme","CAMPANIA","Benevento","BN","82037","41.222","14.5344","55","9.8","3486","3248","6734","153","77","230","3639","3325","6964","3.3"
"62075","Tocco Caudio","CAMPANIA","Benevento","BN","82030","41.1148","14.6005","500","27.2","773","757","1530","9","4","13","782","761","1543","0.8"
"62076","Torrecuso","CAMPANIA","Benevento","BN","82030","41.1887","14.6781","420","26.5","1718","1687","3405","19","15","34","1737","1702","3439","1.0"
"62077","Vitulano","CAMPANIA","Benevento","BN","82038","41.1766","14.6484","430","35.9","1409","1482","2891","23","16","39","1432","1498","2930","1.3"
"62078","Sant'Arcangelo Trimonte","CAMPANIA","Benevento","BN","82021","41.1664","14.9386","363","9.9","316","285","601","11","29","40","327","314","641","6.2"
"63001","Acerra","CAMPANIA","Napoli","NA","80011","40.9441","14.3714","28","54.1","28085","27301","55386","565","514","1079","28650","27815","56465","1.9"
"63002","Afragola","CAMPANIA","Napoli","NA","80021","40.923","14.3093","43","18.0","31964","30779","62743","507","570","1077","32471","31349","63820","1.7"
"63003","Agerola","CAMPANIA","Napoli","NA","80051","40.635","14.5472","630","19.6","3706","3553","7259","75","39","114","3781","3592","7373","1.5"
"63004","Anacapri","CAMPANIA","Napoli","NA","80071","40.5528","14.2138","275","6.4","3168","3039","6207","194","145","339","3362","3184","6546","5.2"
"63005","Arzano","CAMPANIA","Napoli","NA","80022","40.9096","14.265","74","4.7","17718","17012","34730","121","82","203","17839","17094","34933","0.6"
"63006","Bacoli","CAMPANIA","Napoli","NA","80070","40.7962","14.0732","30","13.3","13391","12931","26322","234","92","326","13625","13023","26648","1.2"
"63007","Barano d'Ischia","CAMPANIA","Napoli","NA","80070","40.7091","13.914","210","11.1","4544","4617","9161","450","271","721","4994","4888","9882","7.3"
"63008","Boscoreale","CAMPANIA","Napoli","NA","80041","40.7728","14.4814","65","11.2","13730","13154","26884","320","253","573","14050","13407","27457","2.1"
"63009","Boscotrecase","CAMPANIA","Napoli","NA","80042","40.7745","14.4612","86","7.5","5244","4960","10204","146","66","212","5390","5026","10416","2.0"
"63010","Brusciano","CAMPANIA","Napoli","NA","80031","40.9208","14.4237","27","5.6","8030","7771","15801","128","81","209","8158","7852","16010","1.3"
"63011","Caivano","CAMPANIA","Napoli","NA","80023","40.9568","14.3046","27","27.1","18859","18218","37077","295","282","577","19154","18500","37654","1.5"
"63012","Calvizzano","CAMPANIA","Napoli","NA","80012","40.9068","14.1883","135","3.9","6358","5926","12284","151","102","253","6509","6028","12537","2.0"
"63013","Camposano","CAMPANIA","Napoli","NA","80030","40.9538","14.5277","43","3.3","2705","2555","5260","61","44","105","2766","2599","5365","2.0"
"63014","Capri","CAMPANIA","Napoli","NA","80073","40.5532","14.2222","142","4.0","3230","3085","6315","324","192","516","3554","3277","6831","7.6"
"63015","Carbonara di Nola","CAMPANIA","Napoli","NA","80030","40.8728","14.5787","174","3.5","1141","1100","2241","28","34","62","1169","1134","2303","2.7"
"63016","Cardito","CAMPANIA","Napoli","NA","80024","40.9464","14.2994","33","3.2","11118","10953","22071","130","121","251","11248","11074","22322","1.1"
"63017","Casalnuovo di Napoli","CAMPANIA","Napoli","NA","80013","40.9092","14.34","26","7.8","24477","23617","48094","342","185","527","24819","23802","48621","1.1"
"63018","Casamarciano","CAMPANIA","Napoli","NA","80032","40.9301","14.5521","70","6.3","1652","1565","3217","38","17","55","1690","1582","3272","1.7"
"63019","Casamicciola Terme","CAMPANIA","Napoli","NA","80074","40.7481","13.9045","43","5.6","3932","3750","7682","254","144","398","4186","3894","8080","4.9"
"63020","Casandrino","CAMPANIA","Napoli","NA","80025","40.9352","14.2459","59","3.3","6394","6354","12748","217","330","547","6611","6684","13295","4.1"
"63021","Casavatore","CAMPANIA","Napoli","NA","80020","40.9003","14.2773","80","1.6","9486","9079","18565","65","33","98","9551","9112","18663","0.5"
"63022","Casola di Napoli","CAMPANIA","Napoli","NA","80050","40.695","14.5301","170","2.6","1917","1902","3819","17","16","33","1934","1918","3852","0.9"
"63023","Casoria","CAMPANIA","Napoli","NA","80026","40.9076","14.2928","70","12.0","39433","37674","77107","1029","511","1540","40462","38185","78647","2.0"
"63024","Castellammare di Stabia","CAMPANIA","Napoli","NA","80053","40.6958","14.4828","6","17.7","33873","31436","65309","481","154","635","34354","31590","65944","1.0"
"63025","Castello di Cisterna","CAMPANIA","Napoli","NA","80030","40.9162","14.4106","34","4.0","3699","3623","7322","79","51","130","3778","3674","7452","1.7"
"63026","Cercola","CAMPANIA","Napoli","NA","80040","40.8576","14.3538","75","3.7","9224","8739","17963","111","54","165","9335","8793","18128","0.9"
"63027","Cicciano","CAMPANIA","Napoli","NA","80033","40.9624","14.5379","50","7.1","6390","6099","12489","130","79","209","6520","6178","12698","1.6"
"63028","Cimitile","CAMPANIA","Napoli","NA","80030","40.9398","14.5292","40","2.7","3559","3409","6968","83","42","125","3642","3451","7093","1.8"
"63029","Comiziano","CAMPANIA","Napoli","NA","80030","40.9522","14.5537","73","2.4","936","869","1805","24","13","37","960","882","1842","2.0"
"63030","Crispano","CAMPANIA","Napoli","NA","80020","40.9545","14.289","37","2.3","6156","6188","12344","49","18","67","6205","6206","12411","0.5"
"63031","Forio","CAMPANIA","Napoli","NA","80075","40.7383","13.8606","18","12.9","7519","7604","15123","799","675","1474","8318","8279","16597","8.9"
"63032","Frattamaggiore","CAMPANIA","Napoli","NA","80027","40.9416","14.276","44","5.3","15457","14266","29723","341","177","518","15798","14443","30241","1.7"
"63033","Frattaminore","CAMPANIA","Napoli","NA","80020","40.9538","14.2718","36","2.0","7873","7708","15581","80","47","127","7953","7755","15708","0.8"
"63034","Giugliano in Campania","CAMPANIA","Napoli","NA","80014","40.9286","14.2032","97","94.2","53924","52247","106171","1476","1146","2622","55400","53393","108793","2.4"
"63035","Gragnano","CAMPANIA","Napoli","NA","80054","40.6859","14.5194","141","14.6","14833","14446","29279","157","73","230","14990","14519","29509","0.8"
"63036","Grumo Nevano","CAMPANIA","Napoli","NA","80028","40.9375","14.2601","53","2.9","8990","8481","17471","230","316","546","9220","8797","18017","3.0"
"63037","Ischia","CAMPANIA","Napoli","NA","80077","40.7379","13.9486","2","8.1","8996","8959","17955","451","282","733","9447","9241","18688","3.9"
"63038","Lacco Ameno","CAMPANIA","Napoli","NA","80076","40.7503","13.8904","2","2.1","2286","2199","4485","114","76","190","2400","2275","4675","4.1"
"63039","Lettere","CAMPANIA","Napoli","NA","80050","40.7058","14.5447","356","12.0","3046","3031","6077","49","27","76","3095","3058","6153","1.2"
"63040","Liveri","CAMPANIA","Napoli","NA","80030","40.9056","14.5662","90","2.6","849","770","1619","32","28","60","881","798","1679","3.6"
"63041","Marano di Napoli","CAMPANIA","Napoli","NA","80016","40.8898","14.1924","151","15.5","29032","27394","56426","473","305","778","29505","27699","57204","1.4"
"63042","Mariglianella","CAMPANIA","Napoli","NA","80030","40.9311","14.4345","28","3.2","3726","3672","7398","93","81","174","3819","3753","7572","2.3"
"63043","Marigliano","CAMPANIA","Napoli","NA","80034","40.9249","14.4562","30","22.6","15202","14308","29510","439","298","737","15641","14606","30247","2.4"
"63044","Massa Lubrense","CAMPANIA","Napoli","NA","80061","40.6089","14.3414","121","19.7","6929","6753","13682","220","118","338","7149","6871","14020","2.4"
"63045","Melito di Napoli","CAMPANIA","Napoli","NA","80017","40.9187","14.2331","89","3.7","18538","18081","36619","190","124","314","18728","18205","36933","0.9"
"63046","Meta","CAMPANIA","Napoli","NA","80062","40.6429","14.4173","111","2.2","4048","3730","7778","149","42","191","4197","3772","7969","2.4"
"63047","Monte di Procida","CAMPANIA","Napoli","NA","80070","40.7961","14.0512","63","3.7","6550","6221","12771","140","64","204","6690","6285","12975","1.6"
"63048","Mugnano di Napoli","CAMPANIA","Napoli","NA","80018","40.9093","14.2066","125","5.3","17460","16706","34166","245","93","338","17705","16799","34504","1.0"
"63049","Napoli","CAMPANIA","Napoli","NA","80100","40.8518","14.2681","17","117.3","487081","443426","930507","18825","12671","31496","505906","456097","962003","3.3"
"63050","Nola","CAMPANIA","Napoli","NA","80035","40.9271","14.5289","34","39.0","17109","16004","33113","538","328","866","17647","16332","33979","2.5"
"63051","Ottaviano","CAMPANIA","Napoli","NA","80044","40.8517","14.4779","220","19.9","11709","11265","22974","350","219","569","12059","11484","23543","2.4"
"63052","Palma Campania","CAMPANIA","Napoli","NA","80036","40.8707","14.5578","63","20.8","7176","6751","13927","407","571","978","7583","7322","14905","6.6"
"63053","Piano di Sorrento","CAMPANIA","Napoli","NA","80063","40.635","14.4166","96","7.3","6519","6274","12793","154","44","198","6673","6318","12991","1.5"
"63054","Pimonte","CAMPANIA","Napoli","NA","80050","40.6734","14.5119","406","12.5","2974","2985","5959","21","20","41","2995","3005","6000","0.7"
"63055","Poggiomarino","CAMPANIA","Napoli","NA","80040","40.8008","14.5353","26","13.3","10092","9799","19891","616","699","1315","10708","10498","21206","6.2"
"63056","Pollena Trocchia","CAMPANIA","Napoli","NA","80040","40.8593","14.3891","149","8.1","6896","6487","13383","82","49","131","6978","6536","13514","1.0"
"63057","Pomigliano d'Arco","CAMPANIA","Napoli","NA","80038","40.9121","14.391","33","11.4","20417","19030","39447","404","232","636","20821","19262","40083","1.6"
"63058","Pompei","CAMPANIA","Napoli","NA","80045","40.7462","14.4989","14","12.4","12888","11941","24829","435","176","611","13323","12117","25440","2.4"
"63059","Portici","CAMPANIA","Napoli","NA","80055","40.8141","14.3391","29","4.5","29317","25999","55316","355","94","449","29672","26093","55765","0.8"
"63060","Pozzuoli","CAMPANIA","Napoli","NA","80078","40.8272","14.1196","28","43.2","40437","38594","79031","928","398","1326","41365","38992","80357","1.7"
"63061","Procida","CAMPANIA","Napoli","NA","80079","40.7623","14.031","27","4.1","5070","4979","10049","140","39","179","5210","5018","10228","1.8"
"63062","Qualiano","CAMPANIA","Napoli","NA","80019","40.919","14.1535","101","7.3","12339","11881","24220","307","217","524","12646","12098","24744","2.1"
"63063","Quarto","CAMPANIA","Napoli","NA","80010","40.8784","14.1452","55","14.2","19832","18992","38824","250","147","397","20082","19139","39221","1.0"
"63064","Ercolano","CAMPANIA","Napoli","NA","80056","40.8079","14.3482","44","19.6","27493","25922","53415","188","74","262","27681","25996","53677","0.5"
"63065","Roccarainola","CAMPANIA","Napoli","NA","80030","40.9706","14.5607","102","28.1","3591","3434","7025","85","54","139","3676","3488","7164","1.9"
"63066","San Gennaro Vesuviano","CAMPANIA","Napoli","NA","80040","40.8606","14.5281","56","7.0","5415","5170","10585","217","271","488","5632","5441","11073","4.4"
"63067","San Giorgio a Cremano","CAMPANIA","Napoli","NA","80046","40.8254","14.3281","56","4.1","23680","21588","45268","204","51","255","23884","21639","45523","0.6"
"63068","San Giuseppe Vesuviano","CAMPANIA","Napoli","NA","80047","40.8346","14.5048","101","14.1","13041","12648","25689","946","832","1778","13987","13480","27467","6.5"
"63069","San Paolo Bel Sito","CAMPANIA","Napoli","NA","80030","40.9154","14.5455","50","3.0","1718","1635","3353","41","28","69","1759","1663","3422","2.0"
"63070","San Sebastiano al Vesuvio","CAMPANIA","Napoli","NA","80040","40.8396","14.3648","175","2.6","4699","4370","9069","70","28","98","4769","4398","9167","1.1"
"63071","Sant'Agnello","CAMPANIA","Napoli","NA","80065","40.6222","14.4054","67","4.1","4528","4306","8834","154","41","195","4682","4347","9029","2.2"
"63072","Sant'Anastasia","CAMPANIA","Napoli","NA","80048","40.869","14.4024","150","18.8","13793","13152","26945","214","137","351","14007","13289","27296","1.3"
"63073","Sant'Antimo","CAMPANIA","Napoli","NA","80029","40.9431","14.2368","58","5.8","16922","16340","33262","404","441","845","17326","16781","34107","2.5"
"63074","Sant'Antonio Abate","CAMPANIA","Napoli","NA","80057","40.7219","14.5432","20","7.9","9773","9464","19237","153","156","309","9926","9620","19546","1.6"
"63075","San Vitaliano","CAMPANIA","Napoli","NA","80030","40.9251","14.4821","30","5.3","3151","2965","6116","72","32","104","3223","2997","6220","1.7"
"63076","Saviano","CAMPANIA","Napoli","NA","80039","40.9061","14.5111","35","13.8","7742","7310","15052","269","167","436","8011","7477","15488","2.8"
"63077","Scisciano","CAMPANIA","Napoli","NA","80030","40.9054","14.4811","31","5.5","2887","2790","5677","62","36","98","2949","2826","5775","1.7"
"63078","Serrara Fontana","CAMPANIA","Napoli","NA","80070","40.7097","13.8923","366","6.7","1479","1513","2992","97","75","172","1576","1588","3164","5.4"
"63079","Somma Vesuviana","CAMPANIA","Napoli","NA","80049","40.873","14.4385","165","30.7","17221","16699","33920","426","246","672","17647","16945","34592","1.9"
"63080","Sorrento","CAMPANIA","Napoli","NA","80067","40.6263","14.3758","50","9.9","8341","7791","16132","351","80","431","8692","7871","16563","2.6"
"63081","Striano","CAMPANIA","Napoli","NA","80040","40.817","14.5714","22","7.6","3907","3841","7748","228","228","456","4135","4069","8204","5.6"
"63082","Terzigno","CAMPANIA","Napoli","NA","80040","40.804","14.5022","105","23.5","8189","7966","16155","635","577","1212","8824","8543","17367","7.0"
"63083","Torre Annunziata","CAMPANIA","Napoli","NA","80058","40.7541","14.4509","9","7.3","22215","20821","43036","363","122","485","22578","20943","43521","1.1"
"63084","Torre del Greco","CAMPANIA","Napoli","NA","80059","40.7894","14.3675","43","30.7","43846","41494","85340","451","131","582","44297","41625","85922","0.7"
"63085","Tufino","CAMPANIA","Napoli","NA","80030","40.9555","14.5643","91","5.3","1873","1864","3737","32","16","48","1905","1880","3785","1.3"
"63086","Vico Equense","CAMPANIA","Napoli","NA","80069","40.6615","14.4275","90","29.3","10495","10087","20582","180","77","257","10675","10164","20839","1.2"
"63087","Villaricca","CAMPANIA","Napoli","NA","80010","40.9203","14.1936","105","6.9","14989","14571","29560","308","184","492","15297","14755","30052","1.6"
"63088","Visciano","CAMPANIA","Napoli","NA","80030","40.926","14.5822","340","10.9","2260","2181","4441","84","25","109","2344","2206","4550","2.4"
"63089","Volla","CAMPANIA","Napoli","NA","80040","40.8849","14.3501","25","6.2","11496","11332","22828","106","55","161","11602","11387","22989","0.7"
"63090","Santa Maria la Carità","CAMPANIA","Napoli","NA","80050","40.7182","14.5102","16","3.9","5844","5771","11615","57","54","111","5901","5825","11726","0.9"
"63091","Trecase","CAMPANIA","Napoli","NA","80040","40.7719","14.4337","99","6.1","4559","4486","9045","58","15","73","4617","4501","9118","0.8"
"63092","Massa di Somma","CAMPANIA","Napoli","NA","80040","40.8475","14.3733","166","3.5","2812","2737","5549","27","11","38","2839","2748","5587","0.7"
"64001","Aiello del Sabato","CAMPANIA","Avellino","AV","83020","40.8874","14.8177","425","10.8","2007","1952","3959","8","4","12","2015","1956","3971","0.3"
"64002","Altavilla Irpina","CAMPANIA","Avellino","AV","83011","41.005","14.7791","334","14.1","2161","2048","4209","46","25","71","2207","2073","4280","1.7"
"64003","Andretta","CAMPANIA","Avellino","AV","83040","40.933","15.3249","850","43.6","1054","967","2021","24","11","35","1078","978","2056","1.7"
"64004","Aquilonia","CAMPANIA","Avellino","AV","83041","40.9865","15.482","750","55.6","895","908","1803","9","3","12","904","911","1815","0.7"
"64005","Ariano Irpino","CAMPANIA","Avellino","AV","83031","41.1526","15.0873","788","185.5","11357","10914","22271","164","82","246","11521","10996","22517","1.1"
"64006","Atripalda","CAMPANIA","Avellino","AV","83042","40.9169","14.8308","294","8.5","5472","5277","10749","126","51","177","5598","5328","10926","1.6"
"64007","Avella","CAMPANIA","Avellino","AV","83021","40.958","14.5994","207","30.4","3869","3776","7645","96","47","143","3965","3823","7788","1.8"
"64008","Avellino","CAMPANIA","Avellino","AV","83100","40.9144","14.7903","348","30.4","27970","25187","53157","834","231","1065","28804","25418","54222","2.0"
"64009","Bagnoli Irpino","CAMPANIA","Avellino","AV","83043","40.832","15.0697","654","66.9","1617","1618","3235","28","11","39","1645","1629","3274","1.2"
"64010","Baiano","CAMPANIA","Avellino","AV","83022","40.9517","14.6191","196","12.3","2341","2266","4607","71","52","123","2412","2318","4730","2.6"
"64011","Bisaccia","CAMPANIA","Avellino","AV","83044","40.9814","15.3834","860","101.4","1991","1880","3871","31","17","48","2022","1897","3919","1.2"
"64012","Bonito","CAMPANIA","Avellino","AV","83032","41.0985","15.0011","490","18.6","1251","1231","2482","32","12","44","1283","1243","2526","1.7"
"64013","Cairano","CAMPANIA","Avellino","AV","83040","40.8958","15.3681","770","13.8","168","166","334","6","8","14","174","174","348","4.0"
"64014","Calabritto","CAMPANIA","Avellino","AV","83040","40.7821","15.2155","480","51.8","1267","1208","2475","16","9","25","1283","1217","2500","1.0"
"64015","Calitri","CAMPANIA","Avellino","AV","83045","40.9009","15.438","530","100.9","2518","2287","4805","69","47","116","2587","2334","4921","2.4"
"64016","Candida","CAMPANIA","Avellino","AV","83040","40.94","14.8711","579","5.4","543","594","1137","13","2","15","556","596","1152","1.3"
"64017","Caposele","CAMPANIA","Avellino","AV","83040","40.8171","15.2217","405","41.5","1751","1732","3483","33","21","54","1784","1753","3537","1.5"
"64018","Capriglia Irpina","CAMPANIA","Avellino","AV","83010","40.9614","14.7732","575","7.4","1220","1171","2391","21","5","26","1241","1176","2417","1.1"
"64019","Carife","CAMPANIA","Avellino","AV","83040","41.0283","15.2091","740","16.6","757","716","1473","18","7","25","775","723","1498","1.7"
"64020","Casalbore","CAMPANIA","Avellino","AV","83034","41.233","15.0061","601","28.0","961","928","1889","20","13","33","981","941","1922","1.7"
"64021","Cassano Irpino","CAMPANIA","Avellino","AV","83040","40.872","15.0271","510","12.3","458","469","927","20","20","40","478","489","967","4.1"
"64022","Castel Baronia","CAMPANIA","Avellino","AV","83040","41.0473","15.188","639","15.3","570","566","1136","11","3","14","581","569","1150","1.2"
"64023","Castelfranci","CAMPANIA","Avellino","AV","83040","40.9289","15.043","450","11.8","1051","1007","2058","28","18","46","1079","1025","2104","2.2"
"64024","Castelvetere sul Calore","CAMPANIA","Avellino","AV","83040","40.9274","14.9883","750","17.1","841","815","1656","9","7","16","850","822","1672","1.0"
"64025","Cervinara","CAMPANIA","Avellino","AV","83012","41.0218","14.6166","284","29.2","5005","4747","9752","110","107","217","5115","4854","9969","2.2"
"64026","Cesinali","CAMPANIA","Avellino","AV","83020","40.8963","14.827","380","3.7","1221","1206","2427","30","15","45","1251","1221","2472","1.8"
"64027","Chianche","CAMPANIA","Avellino","AV","83010","41.0443","14.7904","356","6.8","276","259","535","9","7","16","285","266","551","2.9"
"64028","Chiusano di San Domenico","CAMPANIA","Avellino","AV","83040","40.9312","14.917","700","24.6","1202","1132","2334","14","3","17","1216","1135","2351","0.7"
"64029","Contrada","CAMPANIA","Avellino","AV","83020","40.8659","14.7726","420","10.3","1421","1488","2909","58","38","96","1479","1526","3005","3.2"
"64030","Conza della Campania","CAMPANIA","Avellino","AV","83040","40.8694","15.3309","440","52.1","721","684","1405","21","6","27","742","690","1432","1.9"
"64031","Domicella","CAMPANIA","Avellino","AV","83020","40.882","14.5894","200","6.5","884","906","1790","46","37","83","930","943","1873","4.4"
"64032","Flumeri","CAMPANIA","Avellino","AV","83040","41.076","15.152","625","34.2","1529","1472","3001","29","15","44","1558","1487","3045","1.4"
"64033","Fontanarosa","CAMPANIA","Avellino","AV","83040","41.0165","15.0202","480","16.8","1649","1571","3220","67","14","81","1716","1585","3301","2.5"
"64034","Forino","CAMPANIA","Avellino","AV","83020","40.8601","14.7408","420","20.5","2669","2621","5290","69","38","107","2738","2659","5397","2.0"
"64035","Frigento","CAMPANIA","Avellino","AV","83040","41.0118","15.1008","911","37.8","1970","1897","3867","44","54","98","2014","1951","3965","2.5"
"64036","Gesualdo","CAMPANIA","Avellino","AV","83040","41.0067","15.07","676","27.1","1800","1756","3556","30","17","47","1830","1773","3603","1.3"
"64037","Greci","CAMPANIA","Avellino","AV","83030","41.253","15.1694","821","30.6","384","341","725","9","2","11","393","343","736","1.5"
"64038","Grottaminarda","CAMPANIA","Avellino","AV","83035","41.0727","15.0623","405","28.9","4138","4002","8140","97","60","157","4235","4062","8297","1.9"
"64039","Grottolella","CAMPANIA","Avellino","AV","83010","40.9715","14.7878","565","7.1","959","939","1898","38","19","57","997","958","1955","2.9"
"64040","Guardia Lombardi","CAMPANIA","Avellino","AV","83040","40.9505","15.2081","998","55.6","906","854","1760","30","13","43","936","867","1803","2.4"
"64041","Lacedonia","CAMPANIA","Avellino","AV","83046","41.0538","15.4302","732","81.6","1230","1140","2370","56","39","95","1286","1179","2465","3.9"
"64042","Lapio","CAMPANIA","Avellino","AV","83030","40.9803","14.9485","500","15.0","822","799","1621","20","7","27","842","806","1648","1.6"
"64043","Lauro","CAMPANIA","Avellino","AV","83023","40.8806","14.6316","192","11.1","1812","1713","3525","49","34","83","1861","1747","3608","2.3"
"64044","Lioni","CAMPANIA","Avellino","AV","83047","40.8748","15.1888","550","46.2","3150","3054","6204","86","45","131","3236","3099","6335","2.1"
"64045","Luogosano","CAMPANIA","Avellino","AV","83040","40.9828","14.996","390","6.0","577","637","1214","12","12","24","589","649","1238","1.9"
"64046","Manocalzati","CAMPANIA","Avellino","AV","83030","40.9406","14.8396","450","8.6","1577","1585","3162","43","29","72","1620","1614","3234","2.2"
"64047","Marzano di Nola","CAMPANIA","Avellino","AV","83020","40.9028","14.5836","120","4.6","826","827","1653","15","12","27","841","839","1680","1.6"
"64048","Melito Irpino","CAMPANIA","Avellino","AV","83030","41.1049","15.0505","242","20.7","953","955","1908","14","14","28","967","969","1936","1.4"
"64049","Mercogliano","CAMPANIA","Avellino","AV","83013","40.9206","14.7394","550","19.8","6005","5942","11947","278","178","456","6283","6120","12403","3.7"
"64050","Mirabella Eclano","CAMPANIA","Avellino","AV","83036","41.0432","14.9967","372","33.9","3884","3767","7651","151","102","253","4035","3869","7904","3.2"
"64051","Montaguto","CAMPANIA","Avellino","AV","83030","41.2496","15.2481","730","18.2","224","215","439","7","5","12","231","220","451","2.7"
"64052","Montecalvo Irpino","CAMPANIA","Avellino","AV","83037","41.1936","15.0307","623","53.5","2003","1839","3842","44","21","65","2047","1860","3907","1.7"
"64053","Montefalcione","CAMPANIA","Avellino","AV","83030","40.9641","14.8863","523","15.2","1746","1662","3408","22","12","34","1768","1674","3442","1.0"
"64054","Monteforte Irpino","CAMPANIA","Avellino","AV","83024","40.8872","14.7142","502","26.7","5205","5356","10561","192","125","317","5397","5481","10878","2.9"
"64055","Montefredane","CAMPANIA","Avellino","AV","83030","40.9627","14.8115","593","9.4","1141","1109","2250","39","19","58","1180","1128","2308","2.5"
"64056","Montefusco","CAMPANIA","Avellino","AV","83030","41.0378","14.8513","705","8.2","686","678","1364","19","10","29","705","688","1393","2.1"
"64057","Montella","CAMPANIA","Avellino","AV","83048","40.8402","15.0263","560","83.3","3934","3733","7667","128","82","210","4062","3815","7877","2.7"
"64058","Montemarano","CAMPANIA","Avellino","AV","83040","40.9145","14.9989","820","33.8","1517","1440","2957","30","18","48","1547","1458","3005","1.6"
"64059","Montemiletto","CAMPANIA","Avellino","AV","83038","41.0106","14.909","600","21.5","2648","2608","5256","64","41","105","2712","2649","5361","2.0"
"64060","Monteverde","CAMPANIA","Avellino","AV","83049","41","15.5348","740","39.2","416","393","809","12","10","22","428","403","831","2.6"
"64061","Montoro Inferiore","CAMPANIA","Avellino","AV","83025","40.829","14.7637","190","19.5","5063","5142","10205","194","180","374","5257","5322","10579","3.5"
"64062","Montoro Superiore","CAMPANIA","Avellino","AV","83026","40.8202","14.8058","240","20.4","4340","4265","8605","139","133","272","4479","4398","8877","3.1"
"64063","Morra De Sanctis","CAMPANIA","Avellino","AV","83040","40.9327","15.2425","863","30.2","666","629","1295","12","2","14","678","631","1309","1.1"
"64064","Moschiano","CAMPANIA","Avellino","AV","83020","40.8739","14.6586","276","13.6","812","803","1615","22","30","52","834","833","1667","3.1"
"64065","Mugnano del Cardinale","CAMPANIA","Avellino","AV","83027","40.944","14.6339","250","12.1","2591","2605","5196","68","48","116","2659","2653","5312","2.2"
"64066","Nusco","CAMPANIA","Avellino","AV","83051","40.8883","15.0898","914","53.5","2165","2034","4199","38","21","59","2203","2055","4258","1.4"
"64067","Ospedaletto d'Alpinolo","CAMPANIA","Avellino","AV","83014","40.9403","14.7428","725","5.6","974","935","1909","36","25","61","1010","960","1970","3.1"
"64068","Pago del Vallo di Lauro","CAMPANIA","Avellino","AV","83020","40.8983","14.6071","130","4.8","947","871","1818","19","14","33","966","885","1851","1.8"
"64069","Parolise","CAMPANIA","Avellino","AV","83050","40.9316","14.8892","546","3.2","340","331","671","12","3","15","352","334","686","2.2"
"64070","Paternopoli","CAMPANIA","Avellino","AV","83052","40.9724","15.0292","490","18.3","1256","1179","2435","36","18","54","1292","1197","2489","2.2"
"64071","Petruro Irpino","CAMPANIA","Avellino","AV","83010","41.0312","14.7964","500","3.1","163","167","330","9","2","11","172","169","341","3.2"
"64072","Pietradefusi","CAMPANIA","Avellino","AV","83030","41.0391","14.8873","400","9.3","1169","1090","2259","86","30","116","1255","1120","2375","4.9"
"64073","Pietrastornina","CAMPANIA","Avellino","AV","83015","40.9925","14.7247","513","15.8","783","774","1557","8","3","11","791","777","1568","0.7"
"64074","Prata di Principato Ultra","CAMPANIA","Avellino","AV","83030","40.9861","14.8404","310","10.8","1467","1439","2906","54","18","72","1521","1457","2978","2.4"
"64075","Pratola Serra","CAMPANIA","Avellino","AV","83039","40.9874","14.8518","280","8.9","1820","1827","3647","38","23","61","1858","1850","3708","1.6"
"64076","Quadrelle","CAMPANIA","Avellino","AV","83020","40.9493","14.6372","300","6.9","938","927","1865","19","9","28","957","936","1893","1.5"
"64077","Quindici","CAMPANIA","Avellino","AV","83020","40.8637","14.6468","247","23.7","889","880","1769","9","7","16","898","887","1785","0.9"
"64078","Roccabascerana","CAMPANIA","Avellino","AV","83016","41.0172","14.7184","417","12.4","1148","1151","2299","41","26","67","1189","1177","2366","2.8"
"64079","Rocca San Felice","CAMPANIA","Avellino","AV","83050","40.9493","15.1655","750","14.3","428","427","855","12","2","14","440","429","869","1.6"
"64080","Rotondi","CAMPANIA","Avellino","AV","83017","41.0307","14.5965","272","7.8","1735","1689","3424","83","73","156","1818","1762","3580","4.4"
"64081","Salza Irpina","CAMPANIA","Avellino","AV","83050","40.9207","14.8881","540","4.9","367","377","744","19","4","23","386","381","767","3.0"
"64082","San Mango sul Calore","CAMPANIA","Avellino","AV","83050","40.9652","14.9745","470","14.5","586","586","1172","13","7","20","599","593","1192","1.7"
"64083","San Martino Valle Caudina","CAMPANIA","Avellino","AV","83018","41.0262","14.6629","315","22.8","2404","2269","4673","44","28","72","2448","2297","4745","1.5"
"64084","San Michele di Serino","CAMPANIA","Avellino","AV","83020","40.8741","14.8535","364","4.5","1199","1184","2383","117","91","208","1316","1275","2591","8.0"
"64085","San Nicola Baronia","CAMPANIA","Avellino","AV","83050","41.0576","15.2026","610","6.9","377","376","753","20","11","31","397","387","784","4.0"
"64086","San Potito Ultra","CAMPANIA","Avellino","AV","83050","40.9285","14.8714","517","4.5","798","768","1566","23","9","32","821","777","1598","2.0"
"64087","San Sossio Baronia","CAMPANIA","Avellino","AV","83050","41.0699","15.2006","650","19.1","851","818","1669","16","12","28","867","830","1697","1.6"
"64088","Santa Lucia di Serino","CAMPANIA","Avellino","AV","83020","40.8694","14.8771","400","3.9","702","693","1395","29","22","51","731","715","1446","3.5"
"64089","Sant'Andrea di Conza","CAMPANIA","Avellino","AV","83053","40.8443","15.3696","665","6.4","844","785","1629","18","15","33","862","800","1662","2.0"
"64090","Sant'Angelo all'Esca","CAMPANIA","Avellino","AV","83050","41.0098","14.9923","460","5.4","399","394","793","26","17","43","425","411","836","5.1"
"64091","Sant'Angelo a Scala","CAMPANIA","Avellino","AV","83010","40.9717","14.7415","582","10.5","349","395","744","9","2","11","358","397","755","1.5"
"64092","Sant'Angelo dei Lombardi","CAMPANIA","Avellino","AV","83054","40.9236","15.1864","870","54.8","2081","2164","4245","42","17","59","2123","2181","4304","1.4"
"64093","Santa Paolina","CAMPANIA","Avellino","AV","83030","41.0262","14.8471","550","8.4","683","668","1351","7","8","15","690","676","1366","1.1"
"64095","Santo Stefano del Sole","CAMPANIA","Avellino","AV","83050","40.8926","14.87","547","10.8","1077","1025","2102","59","28","87","1136","1053","2189","4.0"
"64096","Savignano Irpino","CAMPANIA","Avellino","AV","83030","41.2284","15.1814","698","38.2","583","552","1135","12","16","28","595","568","1163","2.4"
"64097","Scampitella","CAMPANIA","Avellino","AV","83050","41.0911","15.2999","775","15.2","662","649","1311","23","10","33","685","659","1344","2.5"
"64098","Senerchia","CAMPANIA","Avellino","AV","83050","40.7383","15.2078","600","36.0","471","526","997","12","5","17","483","531","1014","1.7"
"64099","Serino","CAMPANIA","Avellino","AV","83028","40.8587","14.8624","416","52.2","3492","3398","6890","139","100","239","3631","3498","7129","3.4"
"64100","Sirignano","CAMPANIA","Avellino","AV","83020","40.9497","14.6273","270","6.3","1403","1431","2834","31","13","44","1434","1444","2878","1.5"
"64101","Solofra","CAMPANIA","Avellino","AV","83029","40.8325","14.8456","400","21.9","6052","6017","12069","194","156","350","6246","6173","12419","2.8"
"64102","Sorbo Serpico","CAMPANIA","Avellino","AV","83050","40.9155","14.888","480","8.0","298","282","580","12","2","14","310","284","594","2.4"
"64103","Sperone","CAMPANIA","Avellino","AV","83020","40.9546","14.6026","175","3.5","1846","1740","3586","41","28","69","1887","1768","3655","1.9"
"64104","Sturno","CAMPANIA","Avellino","AV","83055","41.0218","15.1095","652","16.7","1593","1514","3107","22","10","32","1615","1524","3139","1.0"
"64105","Summonte","CAMPANIA","Avellino","AV","83010","40.9497","14.7448","738","12.4","781","775","1556","31","26","57","812","801","1613","3.5"
"64106","Taurano","CAMPANIA","Avellino","AV","83020","40.8972","14.6413","300","9.9","802","770","1572","17","11","28","819","781","1600","1.8"
"64107","Taurasi","CAMPANIA","Avellino","AV","83030","41.0078","14.959","398","14.4","1208","1189","2397","28","19","47","1236","1208","2444","1.9"
"64108","Teora","CAMPANIA","Avellino","AV","83056","40.8527","15.2576","660","23.1","744","751","1495","36","12","48","780","763","1543","3.1"
"64109","Torella dei Lombardi","CAMPANIA","Avellino","AV","83057","40.9397","15.1161","666","26.3","1100","1078","2178","23","24","47","1123","1102","2225","2.1"
"64110","Torre Le Nocelle","CAMPANIA","Avellino","AV","83030","41.0227","14.9095","420","10.1","689","654","1343","11","6","17","700","660","1360","1.3"
"64111","Torrioni","CAMPANIA","Avellino","AV","83010","41.0297","14.8192","645","4.2","281","291","572","4","2","6","285","293","578","1.0"
"64112","Trevico","CAMPANIA","Avellino","AV","83058","41.0451","15.2327","1.090","10.5","515","537","1052","18","2","20","533","539","1072","1.9"
"64113","Tufo","CAMPANIA","Avellino","AV","83010","41.0104","14.8198","250","6.0","468","430","898","16","10","26","484","440","924","2.8"
"64114","Vallata","CAMPANIA","Avellino","AV","83059","41.0369","15.2512","870","47.7","1439","1359","2798","34","24","58","1473","1383","2856","2.0"
"64115","Vallesaccarda","CAMPANIA","Avellino","AV","83050","41.065","15.2549","650","14.2","709","697","1406","9","3","12","718","700","1418","0.8"
"64116","Venticano","CAMPANIA","Avellino","AV","83030","41.0459","14.9104","370","14.0","1266","1173","2439","54","39","93","1320","1212","2532","3.7"
"64117","Villamaina","CAMPANIA","Avellino","AV","83050","40.9743","15.0929","560","9.1","505","486","991","19","8","27","524","494","1018","2.7"
"64118","Villanova del Battista","CAMPANIA","Avellino","AV","83030","41.1132","15.1603","742","20.0","903","863","1766","8","3","11","911","866","1777","0.6"
"64119","Volturara Irpina","CAMPANIA","Avellino","AV","83050","40.8802","14.9181","697","32.8","1734","1636","3370","22","9","31","1756","1645","3401","0.9"
"64120","Zungoli","CAMPANIA","Avellino","AV","83030","41.1246","15.2014","657","19.1","605","568","1173","18","6","24","623","574","1197","2.0"
"65001","Acerno","CAMPANIA","Salerno","SA","84042","40.7372","15.0605","727","72.4","1409","1409","2818","37","17","54","1446","1426","2872","1.9"
"65002","Agropoli","CAMPANIA","Salerno","SA","84043","40.3487","14.9912","24","32.5","10011","9667","19678","559","373","932","10570","10040","20610","4.5"
"65003","Albanella","CAMPANIA","Salerno","SA","84044","40.4782","15.1143","205","39.8","3140","2958","6098","204","201","405","3344","3159","6503","6.2"
"65004","Alfano","CAMPANIA","Salerno","SA","84040","40.1756","15.4199","260","4.7","547","537","1084","10","3","13","557","540","1097","1.2"
"65005","Altavilla Silentina","CAMPANIA","Salerno","SA","84045","40.532","15.1291","319","52.2","3417","3269","6686","168","143","311","3585","3412","6997","4.4"
"65006","Amalfi","CAMPANIA","Salerno","SA","84011","40.634","14.6027","6","6.1","2613","2455","5068","70","25","95","2683","2480","5163","1.8"
"65007","Angri","CAMPANIA","Salerno","SA","84012","40.7381","14.5712","32","13.7","16303","15578","31881","374","321","695","16677","15899","32576","2.1"
"65008","Aquara","CAMPANIA","Salerno","SA","84020","40.4448","15.2512","500","32.4","788","736","1524","11","15","26","799","751","1550","1.7"
"65009","Ascea","CAMPANIA","Salerno","SA","84046","40.164","15.1844","235","37.6","2675","2679","5354","128","98","226","2803","2777","5580","4.1"
"65010","Atena Lucana","CAMPANIA","Salerno","SA","84030","40.4545","15.5522","625","25.7","1100","1074","2174","71","43","114","1171","1117","2288","5.0"
"65011","Atrani","CAMPANIA","Salerno","SA","84010","40.6368","14.607","21","0.2","419","430","849","29","9","38","448","439","887","4.3"
"65012","Auletta","CAMPANIA","Salerno","SA","84031","40.5576","15.4269","281","35.6","1157","1126","2283","61","62","123","1218","1188","2406","5.1"
"65013","Baronissi","CAMPANIA","Salerno","SA","84081","40.7462","14.7704","226","17.9","8307","8089","16396","241","153","394","8548","8242","16790","2.3"
"65014","Battipaglia","CAMPANIA","Salerno","SA","84091","40.6094","14.9808","72","56.5","24720","23566","48286","1213","965","2178","25933","24531","50464","4.3"
"65015","Bellosguardo","CAMPANIA","Salerno","SA","84020","40.4245","15.3145","559","16.8","418","389","807","22","24","46","440","413","853","5.4"
"65016","Bracigliano","CAMPANIA","Salerno","SA","84082","40.8232","14.7085","327","14.0","2623","2595","5218","107","114","221","2730","2709","5439","4.1"
"65017","Buccino","CAMPANIA","Salerno","SA","84021","40.6329","15.3813","649","65.5","2647","2519","5166","56","26","82","2703","2545","5248","1.6"
"65018","Buonabitacolo","CAMPANIA","Salerno","SA","84032","40.2703","15.619","501","15.4","1307","1203","2510","28","33","61","1335","1236","2571","2.4"
"65019","Caggiano","CAMPANIA","Salerno","SA","84030","40.5655","15.4963","828","35.3","1413","1362","2775","18","10","28","1431","1372","2803","1.0"
"65020","Calvanico","CAMPANIA","Salerno","SA","84080","40.7743","14.8259","500","14.9","727","730","1457","63","50","113","790","780","1570","7.2"
"65021","Camerota","CAMPANIA","Salerno","SA","84040","40.0319","15.3751","322","70.8","3330","3275","6605","108","38","146","3438","3313","6751","2.2"
"65022","Campagna","CAMPANIA","Salerno","SA","84022","40.6671","15.1068","410","135.4","7723","7578","15301","327","325","652","8050","7903","15953","4.1"
"65023","Campora","CAMPANIA","Salerno","SA","84040","40.3068","15.2923","520","29.0","236","222","458","1","2","3","237","224","461","0.7"
"65024","Cannalonga","CAMPANIA","Salerno","SA","84040","40.2442","15.2971","530","17.8","525","551","1076","5","0","5","530","551","1081","0.5"
"65025","Capaccio","CAMPANIA","Salerno","SA","84047","40.4248","15.077","419","112.0","10232","9918","20150","944","922","1866","11176","10840","22016","8.5"
"65026","Casalbuono","CAMPANIA","Salerno","SA","84030","40.2149","15.6858","661","34.4","593","562","1155","26","30","56","619","592","1211","4.6"
"65027","Casaletto Spartano","CAMPANIA","Salerno","SA","84030","40.1533","15.6211","400","70.1","740","711","1451","10","2","12","750","713","1463","0.8"
"65028","Casal Velino","CAMPANIA","Salerno","SA","84040","40.1908","15.111","170","31.5","2414","2330","4744","107","87","194","2521","2417","4938","3.9"
"65029","Caselle in Pittari","CAMPANIA","Salerno","SA","84030","40.1704","15.5428","444","44.6","982","968","1950","14","8","22","996","976","1972","1.1"
"65030","Castelcivita","CAMPANIA","Salerno","SA","84020","40.4917","15.233","487","57.2","907","900","1807","17","10","27","924","910","1834","1.5"
"65031","Castellabate","CAMPANIA","Salerno","SA","84048","40.2821","14.9574","35","36.5","3960","3910","7870","179","160","339","4139","4070","8209","4.1"
"65032","Castelnuovo Cilento","CAMPANIA","Salerno","SA","84040","40.218","15.1771","280","18.1","1288","1233","2521","50","27","77","1338","1260","2598","3.0"
"65033","Castelnuovo di Conza","CAMPANIA","Salerno","SA","84020","40.8157","15.3178","670","14.0","289","316","605","19","17","36","308","333","641","5.6"
"65034","Castel San Giorgio","CAMPANIA","Salerno","SA","84083","40.7802","14.7011","90","13.6","6683","6476","13159","155","97","252","6838","6573","13411","1.9"
"65035","Castel San Lorenzo","CAMPANIA","Salerno","SA","84049","40.423","15.2253","358","14.1","1323","1212","2535","56","41","97","1379","1253","2632","3.7"
"65036","Castiglione del Genovesi","CAMPANIA","Salerno","SA","84090","40.7242","14.8488","598","10.7","641","650","1291","27","38","65","668","688","1356","4.8"
"65037","Cava de' Tirreni","CAMPANIA","Salerno","SA","84013","40.7083","14.7025","180","36.4","27274","25885","53159","525","201","726","27799","26086","53885","1.3"
"65038","Celle di Bulgheria","CAMPANIA","Salerno","SA","84040","40.0957","15.4006","234","31.5","979","953","1932","22","14","36","1001","967","1968","1.8"
"65039","Centola","CAMPANIA","Salerno","SA","84051","40.0655","15.312","336","47.2","2426","2494","4920","90","63","153","2516","2557","5073","3.0"
"65040","Ceraso","CAMPANIA","Salerno","SA","84052","40.1957","15.256","340","46.0","1250","1198","2448","30","30","60","1280","1228","2508","2.4"
"65041","Cetara","CAMPANIA","Salerno","SA","84010","40.6498","14.7","10","4.9","1148","1126","2274","20","8","28","1168","1134","2302","1.2"
"65042","Cicerale","CAMPANIA","Salerno","SA","84053","40.3439","15.1303","475","41.1","625","581","1206","19","8","27","644","589","1233","2.2"
"65043","Colliano","CAMPANIA","Salerno","SA","84020","40.7242","15.2943","630","54.0","1870","1843","3713","38","13","51","1908","1856","3764","1.4"
"65044","Conca dei Marini","CAMPANIA","Salerno","SA","84010","40.6163","14.5754","120","1.1","352","363","715","13","2","15","365","365","730","2.1"
"65045","Controne","CAMPANIA","Salerno","SA","84020","40.5088","15.2073","200","7.7","428","418","846","15","11","26","443","429","872","3.0"
"65046","Contursi Terme","CAMPANIA","Salerno","SA","84024","40.65","15.2397","250","28.9","1622","1617","3239","62","36","98","1684","1653","3337","2.9"
"65047","Corbara","CAMPANIA","Salerno","SA","84010","40.7212","14.5974","167","6.6","1274","1237","2511","7","3","10","1281","1240","2521","0.4"
"65048","Corleto Monforte","CAMPANIA","Salerno","SA","84020","40.4393","15.3785","672","58.8","304","308","612","14","17","31","318","325","643","4.8"
"65049","Cuccaro Vetere","CAMPANIA","Salerno","SA","84050","40.1609","15.3082","629","17.6","318","252","570","7","3","10","325","255","580","1.7"
"65050","Eboli","CAMPANIA","Salerno","SA","84025","40.6179","15.0564","145","137.5","17831","17204","35035","1490","1694","3184","19321","18898","38219","8.3"
"65051","Felitto","CAMPANIA","Salerno","SA","84055","40.3747","15.2418","275","41.1","677","582","1259","22","15","37","699","597","1296","2.9"
"65052","Fisciano","CAMPANIA","Salerno","SA","84084","40.7732","14.7966","320","31.5","6597","6595","13192","287","198","485","6884","6793","13677","3.5"
"65053","Furore","CAMPANIA","Salerno","SA","84010","40.619","14.5538","300","1.7","374","413","787","33","26","59","407","439","846","7.0"
"65054","Futani","CAMPANIA","Salerno","SA","84050","40.1522","15.3278","431","14.9","635","555","1190","29","15","44","664","570","1234","3.6"
"65055","Giffoni Sei Casali","CAMPANIA","Salerno","SA","84090","40.7277","14.8915","225","34.4","2586","2542","5128","83","51","134","2669","2593","5262","2.5"
"65056","Giffoni Valle Piana","CAMPANIA","Salerno","SA","84095","40.7332","14.9348","200","87.9","5904","5832","11736","188","100","288","6092","5932","12024","2.4"
"65057","Gioi","CAMPANIA","Salerno","SA","84056","40.2888","15.2185","680","28.0","695","613","1308","26","5","31","721","618","1339","2.3"
"65058","Giungano","CAMPANIA","Salerno","SA","84050","40.3942","15.1079","250","11.5","608","584","1192","32","25","57","640","609","1249","4.6"
"65059","Ispani","CAMPANIA","Salerno","SA","84050","40.0872","15.5573","256","8.2","479","523","1002","14","4","18","493","527","1020","1.8"
"65060","Laureana Cilento","CAMPANIA","Salerno","SA","84050","40.3005","15.0416","452","13.7","557","548","1105","31","15","46","588","563","1151","4.0"
"65061","Laurino","CAMPANIA","Salerno","SA","84057","40.3362","15.3357","531","69.9","846","817","1663","22","23","45","868","840","1708","2.6"
"65062","Laurito","CAMPANIA","Salerno","SA","84050","40.168","15.407","475","19.9","415","416","831","9","3","12","424","419","843","1.4"
"65063","Laviano","CAMPANIA","Salerno","SA","84020","40.7819","15.3248","475","56.6","732","696","1428","34","23","57","766","719","1485","3.8"
"65064","Lustra","CAMPANIA","Salerno","SA","84050","40.2889","15.0667","466","15.1","536","538","1074","18","8","26","554","546","1100","2.4"
"65065","Magliano Vetere","CAMPANIA","Salerno","SA","84050","40.3475","15.2364","650","22.5","372","352","724","12","3","15","384","355","739","2.0"
"65066","Maiori","CAMPANIA","Salerno","SA","84010","40.6512","14.6434","5","16.4","2801","2702","5503","56","16","72","2857","2718","5575","1.3"
"65067","Mercato San Severino","CAMPANIA","Salerno","SA","84085","40.7816","14.7528","146","30.2","10912","10555","21467","345","224","569","11257","10779","22036","2.6"
"65068","Minori","CAMPANIA","Salerno","SA","84010","40.6494","14.6272","5","2.6","1434","1363","2797","21","4","25","1455","1367","2822","0.9"
"65069","Moio della Civitella","CAMPANIA","Salerno","SA","84060","40.2482","15.2695","515","16.9","937","895","1832","20","4","24","957","899","1856","1.3"
"65070","Montano Antilia","CAMPANIA","Salerno","SA","84060","40.1619","15.366","700","33.4","1109","1084","2193","25","15","40","1134","1099","2233","1.8"
"65071","Montecorice","CAMPANIA","Salerno","SA","84060","40.2346","14.9833","90","21.9","1180","1273","2453","59","33","92","1239","1306","2545","3.6"
"65072","Montecorvino Pugliano","CAMPANIA","Salerno","SA","84090","40.6813","14.9469","368","28.7","4877","4920","9797","127","95","222","5004","5015","10019","2.2"
"65073","Montecorvino Rovella","CAMPANIA","Salerno","SA","84096","40.6972","14.974","295","42.1","6004","6059","12063","274","216","490","6278","6275","12553","3.9"
"65074","Monteforte Cilento","CAMPANIA","Salerno","SA","84060","40.3645","15.1956","600","22.1","259","284","543","15","7","22","274","291","565","3.9"
"65075","Monte San Giacomo","CAMPANIA","Salerno","SA","84030","40.3474","15.5492","668","51.4","817","762","1579","30","21","51","847","783","1630","3.1"
"65076","Montesano sulla Marcellana","CAMPANIA","Salerno","SA","84033","40.2763","15.7029","850","109.3","3438","3259","6697","38","46","84","3476","3305","6781","1.2"
"65077","Morigerati","CAMPANIA","Salerno","SA","84030","40.1397","15.5541","268","21.6","344","348","692","7","0","7","351","348","699","1.0"
"65078","Nocera Inferiore","CAMPANIA","Salerno","SA","84014","40.7461","14.6475","43","20.8","23327","22181","45508","658","397","1055","23985","22578","46563","2.3"
"65079","Nocera Superiore","CAMPANIA","Salerno","SA","84015","40.7504","14.6815","70","14.7","11989","11814","23803","221","127","348","12210","11941","24151","1.4"
"65080","Novi Velia","CAMPANIA","Salerno","SA","84060","40.2247","15.2866","648","34.6","1108","1158","2266","17","15","32","1125","1173","2298","1.4"
"65081","Ogliastro Cilento","CAMPANIA","Salerno","SA","84061","40.3517","15.0456","352","13.2","1118","1067","2185","28","28","56","1146","1095","2241","2.5"
"65082","Olevano sul Tusciano","CAMPANIA","Salerno","SA","84062","40.649","15.0195","197","26.5","3402","3307","6709","103","71","174","3505","3378","6883","2.5"
"65083","Oliveto Citra","CAMPANIA","Salerno","SA","84020","40.6935","15.2392","300","31.4","1909","1844","3753","42","37","79","1951","1881","3832","2.1"
"65084","Omignano","CAMPANIA","Salerno","SA","84060","40.2489","15.0878","540","10.1","771","760","1531","23","25","48","794","785","1579","3.0"
"65085","Orria","CAMPANIA","Salerno","SA","84060","40.2981","15.1902","540","26.4","581","551","1132","16","13","29","597","564","1161","2.5"
"65086","Ottati","CAMPANIA","Salerno","SA","84020","40.4874","15.3014","529","53.2","329","322","651","20","9","29","349","331","680","4.3"
"65087","Padula","CAMPANIA","Salerno","SA","84034","40.3406","15.6598","699","66.4","2621","2480","5101","87","91","178","2708","2571","5279","3.4"
"65088","Pagani","CAMPANIA","Salerno","SA","84016","40.7419","14.6146","35","12.7","17594","16552","34146","313","212","525","17907","16764","34671","1.5"
"65089","Palomonte","CAMPANIA","Salerno","SA","84020","40.6639","15.2938","550","28.3","1967","1985","3952","46","51","97","2013","2036","4049","2.4"
"65090","Pellezzano","CAMPANIA","Salerno","SA","84080","40.7253","14.7571","247","13.9","5253","5092","10345","158","77","235","5411","5169","10580","2.2"
"65091","Perdifumo","CAMPANIA","Salerno","SA","84060","40.283","15.0031","425","23.7","871","841","1712","36","20","56","907","861","1768","3.2"
"65092","Perito","CAMPANIA","Salerno","SA","84060","40.2975","15.1476","465","23.8","470","473","943","36","28","64","506","501","1007","6.4"
"65093","Pertosa","CAMPANIA","Salerno","SA","84030","40.5443","15.452","301","6.2","349","329","678","10","17","27","359","346","705","3.8"
"65094","Petina","CAMPANIA","Salerno","SA","84020","40.5336","15.3734","649","35.1","593","577","1170","25","19","44","618","596","1214","3.6"
"65095","Piaggine","CAMPANIA","Salerno","SA","84065","40.3455","15.3785","630","62.3","729","690","1419","21","7","28","750","697","1447","1.9"
"65096","Pisciotta","CAMPANIA","Salerno","SA","84066","40.1119","15.237","170","30.3","1342","1302","2644","66","38","104","1408","1340","2748","3.8"
"65097","Polla","CAMPANIA","Salerno","SA","84035","40.5148","15.4948","468","47.1","2656","2455","5111","130","86","216","2786","2541","5327","4.1"
"65098","Pollica","CAMPANIA","Salerno","SA","84068","40.191","15.0546","370","27.7","1191","1091","2282","70","41","111","1261","1132","2393","4.6"
"65099","Pontecagnano Faiano","CAMPANIA","Salerno","SA","84098","40.6614","14.9035","28","36.8","12208","11681","23889","648","559","1207","12856","12240","25096","4.8"
"65100","Positano","CAMPANIA","Salerno","SA","84017","40.6281","14.485","30","8.4","1863","1867","3730","90","38","128","1953","1905","3858","3.3"
"65101","Postiglione","CAMPANIA","Salerno","SA","84026","40.5577","15.2316","605","48.0","1081","1076","2157","28","13","41","1109","1089","2198","1.9"
"65102","Praiano","CAMPANIA","Salerno","SA","84010","40.6166","14.5277","120","2.7","1015","1034","2049","29","9","38","1044","1043","2087","1.8"
"65103","Prignano Cilento","CAMPANIA","Salerno","SA","84060","40.3287","15.0742","410","11.9","486","475","961","17","19","36","503","494","997","3.6"
"65104","Ravello","CAMPANIA","Salerno","SA","84010","40.6707","14.6092","350","8.0","1207","1201","2408","43","11","54","1250","1212","2462","2.2"
"65105","Ricigliano","CAMPANIA","Salerno","SA","84020","40.6675","15.4795","560","27.7","625","574","1199","4","4","8","629","578","1207","0.7"
"65106","Roccadaspide","CAMPANIA","Salerno","SA","84069","40.4466","15.161","354","64.3","3658","3432","7090","158","106","264","3816","3538","7354","3.6"
"65107","Roccagloriosa","CAMPANIA","Salerno","SA","84060","40.1292","15.442","430","42.3","859","837","1696","16","4","20","875","841","1716","1.2"
"65108","Roccapiemonte","CAMPANIA","Salerno","SA","84086","40.7606","14.6935","86","5.2","4573","4430","9003","84","37","121","4657","4467","9124","1.3"
"65109","Rofrano","CAMPANIA","Salerno","SA","84070","40.2125","15.4266","450","58.8","792","847","1639","12","4","16","804","851","1655","1.0"
"65110","Romagnano al Monte","CAMPANIA","Salerno","SA","84020","40.6231","15.4361","635","9.7","202","176","378","12","1","13","214","177","391","3.3"
"65111","Roscigno","CAMPANIA","Salerno","SA","84020","40.3993","15.3459","570","14.8","415","384","799","18","10","28","433","394","827","3.4"
"65112","Rutino","CAMPANIA","Salerno","SA","84070","40.3006","15.0967","371","9.7","435","440","875","11","3","14","446","443","889","1.6"
"65113","Sacco","CAMPANIA","Salerno","SA","84070","40.379","15.3768","600","23.7","283","271","554","3","2","5","286","273","559","0.9"
"65114","Sala Consilina","CAMPANIA","Salerno","SA","84036","40.4019","15.5908","614","59.2","6214","5769","11983","162","113","275","6376","5882","12258","2.2"
"65115","Salento","CAMPANIA","Salerno","SA","84070","40.2505","15.1965","420","23.8","980","949","1929","41","35","76","1021","984","2005","3.8"
"65116","Salerno","CAMPANIA","Salerno","SA","84100","40.6824","14.7681","4","59.0","68372","61068","129440","2206","962","3168","70578","62030","132608","2.4"
"65117","Salvitelle","CAMPANIA","Salerno","SA","84020","40.5904","15.4575","640","9.5","309","271","580","2","0","2","311","271","582","0.3"
"65118","San Cipriano Picentino","CAMPANIA","Salerno","SA","84099","40.7202","14.8726","364","17.4","3292","3241","6533","82","28","110","3374","3269","6643","1.7"
"65119","San Giovanni a Piro","CAMPANIA","Salerno","SA","84070","40.0507","15.4482","450","37.7","1895","1856","3751","41","26","67","1936","1882","3818","1.8"
"65120","San Gregorio Magno","CAMPANIA","Salerno","SA","84020","40.6595","15.4031","475","49.8","2217","2103","4320","57","40","97","2274","2143","4417","2.2"
"65121","San Mango Piemonte","CAMPANIA","Salerno","SA","84090","40.7032","14.8326","210","5.9","1280","1265","2545","23","19","42","1303","1284","2587","1.6"
"65122","San Marzano sul Sarno","CAMPANIA","Salerno","SA","84010","40.7749","14.59","20","5.2","4871","4704","9575","324","326","650","5195","5030","10225","6.4"
"65123","San Mauro Cilento","CAMPANIA","Salerno","SA","84070","40.2246","15.0477","560","15.1","458","479","937","27","21","48","485","500","985","4.9"
"65124","San Mauro la Bruca","CAMPANIA","Salerno","SA","84070","40.1239","15.2903","450","19.0","314","321","635","11","7","18","325","328","653","2.8"
"65125","San Pietro al Tanagro","CAMPANIA","Salerno","SA","84030","40.4586","15.48","450","15.3","851","806","1657","49","31","80","900","837","1737","4.6"
"65126","San Rufo","CAMPANIA","Salerno","SA","84030","40.4342","15.4637","640","31.6","859","818","1677","32","20","52","891","838","1729","3.0"
"65127","Santa Marina","CAMPANIA","Salerno","SA","84070","40.1043","15.5405","415","28.1","1597","1525","3122","32","12","44","1629","1537","3166","1.4"
"65128","Sant'Angelo a Fasanella","CAMPANIA","Salerno","SA","84027","40.4574","15.344","520","32.4","368","292","660","27","31","58","395","323","718","8.1"
"65129","Sant'Arsenio","CAMPANIA","Salerno","SA","84037","40.4723","15.4827","463","20.2","1355","1281","2636","70","41","111","1425","1322","2747","4.0"
"65130","Sant'Egidio del Monte Albino","CAMPANIA","Salerno","SA","84010","40.7322","14.6024","60","6.2","4341","4225","8566","88","61","149","4429","4286","8715","1.7"
"65131","Santomenna","CAMPANIA","Salerno","SA","84020","40.8126","15.3541","540","8.8","225","239","464","7","2","9","232","241","473","1.9"
"65132","San Valentino Torio","CAMPANIA","Salerno","SA","84010","40.7912","14.6017","22","9.0","4950","4840","9790","266","383","649","5216","5223","10439","6.2"
"65133","Sanza","CAMPANIA","Salerno","SA","84030","40.2448","15.5502","558","127.1","1314","1343","2657","15","25","40","1329","1368","2697","1.5"
"65134","Sapri","CAMPANIA","Salerno","SA","84073","40.0732","15.629","5","13.8","3460","3155","6615","141","53","194","3601","3208","6809","2.8"
"65135","Sarno","CAMPANIA","Salerno","SA","84087","40.8101","14.6216","30","40.0","15257","14666","29923","524","583","1107","15781","15249","31030","3.6"
"65136","Sassano","CAMPANIA","Salerno","SA","84038","40.3375","15.5625","491","47.3","2525","2270","4795","83","117","200","2608","2387","4995","4.0"
"65137","Scafati","CAMPANIA","Salerno","SA","84018","40.7602","14.5378","12","19.7","24776","23611","48387","833","793","1626","25609","24404","50013","3.3"
"65138","Scala","CAMPANIA","Salerno","SA","84010","40.6556","14.6088","360","13.1","765","742","1507","7","4","11","772","746","1518","0.7"
"65139","Serramezzana","CAMPANIA","Salerno","SA","84070","40.2459","15.0334","520","7.2","183","157","340","5","2","7","188","159","347","2.0"
"65140","Serre","CAMPANIA","Salerno","SA","84028","40.5822","15.1849","200","66.5","1939","1893","3832","70","54","124","2009","1947","3956","3.1"
"65141","Sessa Cilento","CAMPANIA","Salerno","SA","84074","40.2573","15.0748","520","18.0","694","644","1338","19","9","28","713","653","1366","2.0"
"65142","Siano","CAMPANIA","Salerno","SA","84088","40.8036","14.6868","126","8.5","4992","4878","9870","131","73","204","5123","4951","10074","2.0"
"65143","Sicignano degli Alburni","CAMPANIA","Salerno","SA","84029","40.5544","15.3104","610","80.6","1683","1606","3289","64","66","130","1747","1672","3419","3.8"
"65144","Stella Cilento","CAMPANIA","Salerno","SA","84070","40.2293","15.0916","386","14.4","377","365","742","19","13","32","396","378","774","4.1"
"65145","Stio","CAMPANIA","Salerno","SA","84075","40.3098","15.2519","675","24.4","470","452","922","12","8","20","482","460","942","2.1"
"65146","Teggiano","CAMPANIA","Salerno","SA","84039","40.3797","15.5325","635","61.6","4094","3689","7783","162","237","399","4256","3926","8182","4.9"
"65147","Torchiara","CAMPANIA","Salerno","SA","84076","40.3195","15.0559","360","8.3","893","843","1736","43","24","67","936","867","1803","3.7"
"65148","Torraca","CAMPANIA","Salerno","SA","84030","40.1112","15.635","425","15.8","618","623","1241","21","5","26","639","628","1267","2.1"
"65149","Torre Orsaia","CAMPANIA","Salerno","SA","84077","40.1316","15.472","295","23.7","1079","1071","2150","21","14","35","1100","1085","2185","1.6"
"65150","Tortorella","CAMPANIA","Salerno","SA","84030","40.1417","15.6049","582","49.7","281","264","545","13","5","18","294","269","563","3.2"
"65151","Tramonti","CAMPANIA","Salerno","SA","84010","40.6907","14.6463","321","24.7","2057","1999","4056","21","3","24","2078","2002","4080","0.6"
"65152","Trentinara","CAMPANIA","Salerno","SA","84070","40.401","15.1151","606","23.4","835","826","1661","13","9","22","848","835","1683","1.3"
"65153","Valle dell'Angelo","CAMPANIA","Salerno","SA","84070","40.3452","15.3682","621","37.0","147","127","274","4","2","6","151","129","280","2.1"
"65154","Vallo della Lucania","CAMPANIA","Salerno","SA","84078","40.2305","15.2652","380","25.1","4403","4069","8472","148","60","208","4551","4129","8680","2.4"
"65155","Valva","CAMPANIA","Salerno","SA","84020","40.7394","15.269","510","26.2","851","842","1693","17","2","19","868","844","1712","1.1"
"65156","Vibonati","CAMPANIA","Salerno","SA","84079","40.0942","15.5885","110","20.1","1628","1531","3159","56","22","78","1684","1553","3237","2.4"
"65157","Vietri sul Mare","CAMPANIA","Salerno","SA","84019","40.6679","14.7279","80","9.0","4062","3910","7972","82","22","104","4144","3932","8076","1.3"
"65158","Bellizzi","CAMPANIA","Salerno","SA","84092","40.62","14.9479","60","7.9","6373","6255","12628","204","139","343","6577","6394","12971","2.6"
"66001","Acciano","ABRUZZO","L'Aquila","AQ","67020","42.1837","13.7173","600","32.4","158","174","332","12","7","19","170","181","351","5.4"
"66002","Aielli","ABRUZZO","L'Aquila","AQ","67041","42.0813","13.5884","1.021","34.7","708","654","1362","54","42","96","762","696","1458","6.6"
"66003","Alfedena","ABRUZZO","L'Aquila","AQ","67030","41.7345","14.0332","914","40.3","371","384","755","19","11","30","390","395","785","3.8"
"66004","Anversa degli Abruzzi","ABRUZZO","L'Aquila","AQ","67030","41.9959","13.8041","560","31.8","163","146","309","30","29","59","193","175","368","16.0"
"66005","Ateleta","ABRUZZO","L'Aquila","AQ","67030","41.8738","14.1815","760","41.7","581","551","1132","16","5","21","597","556","1153","1.8"
"66006","Avezzano","ABRUZZO","L'Aquila","AQ","67051","42.0281","13.4256","695","104.0","19906","18502","38408","1304","1032","2336","21210","19534","40744","5.7"
"66007","Balsorano","ABRUZZO","L'Aquila","AQ","67052","41.8021","13.574","340","58.0","1800","1726","3526","76","53","129","1876","1779","3655","3.5"
"66008","Barete","ABRUZZO","L'Aquila","AQ","67010","42.4502","13.2811","800","24.3","303","309","612","38","29","67","341","338","679","9.9"
"66009","Barisciano","ABRUZZO","L'Aquila","AQ","67021","42.3233","13.5925","940","78.6","844","797","1641","107","105","212","951","902","1853","11.4"
"66010","Barrea","ABRUZZO","L'Aquila","AQ","67030","41.7578","13.989","1.060","87.0","355","358","713","11","2","13","366","360","726","1.8"
"66011","Bisegna","ABRUZZO","L'Aquila","AQ","67050","41.9207","13.7574","1.210","46.2","134","120","254","7","0","7","141","120","261","2.7"
"66012","Bugnara","ABRUZZO","L'Aquila","AQ","67030","42.022","13.8609","580","25.8","536","519","1055","28","23","51","564","542","1106","4.6"
"66013","Cagnano Amiterno","ABRUZZO","L'Aquila","AQ","67012","42.4615","13.221","841","60.2","640","609","1249","70","64","134","710","673","1383","9.7"
"66014","Calascio","ABRUZZO","L'Aquila","AQ","67020","42.3566","13.6884","1.210","39.8","57","61","118","8","11","19","65","72","137","13.9"
"66015","Campo di Giove","ABRUZZO","L'Aquila","AQ","67030","42.0077","14.0479","1.064","30.5","424","407","831","10","6","16","434","413","847","1.9"
"66016","Campotosto","ABRUZZO","L'Aquila","AQ","67013","42.554","13.3703","1.420","51.6","276","294","570","11","5","16","287","299","586","2.7"
"66017","Canistro","ABRUZZO","L'Aquila","AQ","67050","41.9407","13.4021","554","15.8","523","473","996","14","13","27","537","486","1023","2.6"
"66018","Cansano","ABRUZZO","L'Aquila","AQ","67030","41.9914","14.0188","835","40.2","125","111","236","23","23","46","148","134","282","16.3"
"66019","Capestrano","ABRUZZO","L'Aquila","AQ","67022","42.2675","13.7677","465","43.1","431","386","817","48","30","78","479","416","895","8.7"
"66020","Capistrello","ABRUZZO","L'Aquila","AQ","67053","41.9686","13.3932","734","60.9","2616","2425","5041","142","158","300","2758","2583","5341","5.6"
"66021","Capitignano","ABRUZZO","L'Aquila","AQ","67014","42.5221","13.2966","916","30.6","315","289","604","50","26","76","365","315","680","11.2"
"66022","Caporciano","ABRUZZO","L'Aquila","AQ","67020","42.2485","13.6774","836","18.3","110","103","213","12","10","22","122","113","235","9.4"
"66023","Cappadocia","ABRUZZO","L'Aquila","AQ","67060","42.0074","13.2784","1.108","67.4","238","293","531","8","12","20","246","305","551","3.6"
"66024","Carapelle Calvisio","ABRUZZO","L'Aquila","AQ","67020","42.299","13.683","910","14.5","35","44","79","3","3","6","38","47","85","7.1"
"66025","Carsoli","ABRUZZO","L'Aquila","AQ","67061","42.1003","13.0894","616","95.3","2507","2413","4920","273","226","499","2780","2639","5419","9.2"
"66026","Castel del Monte","ABRUZZO","L'Aquila","AQ","67023","42.367","13.7218","1.346","57.8","206","187","393","26","28","54","232","215","447","12.1"
"66027","Castel di Ieri","ABRUZZO","L'Aquila","AQ","67020","42.1143","13.7409","519","18.8","175","146","321","6","2","8","181","148","329","2.4"
"66028","Castel di Sangro","ABRUZZO","L'Aquila","AQ","67031","41.784","14.108","793","84.1","2897","2745","5642","181","162","343","3078","2907","5985","5.7"
"66029","Castellafiume","ABRUZZO","L'Aquila","AQ","67050","41.9886","13.3328","840","24.6","523","525","1048","18","33","51","541","558","1099","4.6"
"66030","Castelvecchio Calvisio","ABRUZZO","L'Aquila","AQ","67020","42.3113","13.6883","1.045","15.1","85","62","147","8","4","12","93","66","159","7.5"
"66031","Castelvecchio Subequo","ABRUZZO","L'Aquila","AQ","67024","42.1305","13.7307","409","19.2","535","497","1032","19","16","35","554","513","1067","3.3"
"66032","Celano","ABRUZZO","L'Aquila","AQ","67043","42.0823","13.543","800","91.8","4901","4770","9671","556","601","1157","5457","5371","10828","10.7"
"66033","Cerchio","ABRUZZO","L'Aquila","AQ","67044","42.0643","13.6009","834","20.1","800","780","1580","47","26","73","847","806","1653","4.4"
"66034","Civita d'Antino","ABRUZZO","L'Aquila","AQ","67050","41.8872","13.4745","904","29.1","495","474","969","16","9","25","511","483","994","2.5"
"66035","Civitella Alfedena","ABRUZZO","L'Aquila","AQ","67030","41.7654","13.9428","1.123","29.5","153","141","294","6","3","9","159","144","303","3.0"
"66036","Civitella Roveto","ABRUZZO","L'Aquila","AQ","67054","41.9136","13.4286","528","45.4","1637","1673","3310","40","24","64","1677","1697","3374","1.9"
"66037","Cocullo","ABRUZZO","L'Aquila","AQ","67030","42.0422","13.7637","897","31.7","141","117","258","2","5","7","143","122","265","2.6"
"66038","Collarmele","ABRUZZO","L'Aquila","AQ","67040","42.064","13.6284","835","23.7","484","447","931","15","4","19","499","451","950","2.0"
"66039","Collelongo","ABRUZZO","L'Aquila","AQ","67050","41.8865","13.5834","915","57.2","638","620","1258","34","21","55","672","641","1313","4.2"
"66040","Collepietro","ABRUZZO","L'Aquila","AQ","67020","42.2225","13.7823","849","15.2","101","107","208","19","8","27","120","115","235","11.5"
"66041","Corfinio","ABRUZZO","L'Aquila","AQ","67030","42.1219","13.8404","346","18.2","483","501","984","55","40","95","538","541","1079","8.8"
"66042","Fagnano Alto","ABRUZZO","L'Aquila","AQ","67020","42.2609","13.584","665","24.5","203","205","408","20","12","32","223","217","440","7.3"
"66043","Fontecchio","ABRUZZO","L'Aquila","AQ","67020","42.2299","13.6053","668","16.9","191","184","375","20","15","35","211","199","410","8.5"
"66044","Fossa","ABRUZZO","L'Aquila","AQ","67020","42.2952","13.4876","644","8.6","304","287","591","48","51","99","352","338","690","14.3"
"66045","Gagliano Aterno","ABRUZZO","L'Aquila","AQ","67020","42.1258","13.7025","650","33.4","123","111","234","11","10","21","134","121","255","8.2"
"66046","Gioia dei Marsi","ABRUZZO","L'Aquila","AQ","67055","41.9549","13.6945","725","63.4","911","909","1820","142","149","291","1053","1058","2111","13.8"
"66047","Goriano Sicoli","ABRUZZO","L'Aquila","AQ","67030","42.0815","13.7721","720","21.8","269","293","562","21","14","35","290","307","597","5.9"
"66048","Introdacqua","ABRUZZO","L'Aquila","AQ","67030","42.0057","13.9028","642","37.0","1035","962","1997","72","60","132","1107","1022","2129","6.2"
"66049","L'Aquila","ABRUZZO","L'Aquila","AQ","67100","42.3498","13.3995","714","467.0","32752","31203","63955","1725","1284","3009","34477","32487","66964","4.5"
"66050","Lecce nei Marsi","ABRUZZO","L'Aquila","AQ","67050","41.9345","13.6863","740","66.0","773","733","1506","133","96","229","906","829","1735","13.2"
"66051","Luco dei Marsi","ABRUZZO","L'Aquila","AQ","67056","41.9614","13.4688","680","44.6","2602","2513","5115","290","463","753","2892","2976","5868","12.8"
"66052","Lucoli","ABRUZZO","L'Aquila","AQ","67045","42.3025","13.3274","956","109.7","460","456","916","49","54","103","509","510","1019","10.1"
"66053","Magliano de' Marsi","ABRUZZO","L'Aquila","AQ","67062","42.0908","13.3688","728","68.0","1783","1688","3471","150","132","282","1933","1820","3753","7.5"
"66054","Massa d'Albe","ABRUZZO","L'Aquila","AQ","67050","42.1119","13.3893","865","68.5","726","705","1431","44","34","78","770","739","1509","5.2"
"66055","Molina Aterno","ABRUZZO","L'Aquila","AQ","67020","42.1476","13.735","482","11.8","206","204","410","5","4","9","211","208","419","2.1"
"66056","Montereale","ABRUZZO","L'Aquila","AQ","67015","42.5252","13.2439","945","104.4","1319","1243","2562","119","131","250","1438","1374","2812","8.9"
"66057","Morino","ABRUZZO","L'Aquila","AQ","67050","41.8639","13.4571","443","52.6","748","723","1471","22","12","34","770","735","1505","2.3"
"66058","Navelli","ABRUZZO","L'Aquila","AQ","67020","42.236","13.7284","760","42.1","235","271","506","22","22","44","257","293","550","8.0"
"66059","Ocre","ABRUZZO","L'Aquila","AQ","67040","42.2814","13.4583","850","23.5","527","539","1066","25","19","44","552","558","1110","4.0"
"66060","Ofena","ABRUZZO","L'Aquila","AQ","67025","42.325","13.757","531","36.7","239","222","461","36","30","66","275","252","527","12.5"
"66061","Opi","ABRUZZO","L'Aquila","AQ","67030","41.7802","13.8297","1.250","49.4","210","208","418","6","4","10","216","212","428","2.3"
"66062","Oricola","ABRUZZO","L'Aquila","AQ","67063","42.0483","13.0389","810","18.4","546","570","1116","21","18","39","567","588","1155","3.4"
"66063","Ortona dei Marsi","ABRUZZO","L'Aquila","AQ","67050","41.9991","13.7304","1.003","52.7","313","268","581","10","1","11","323","269","592","1.9"
"66064","Ortucchio","ABRUZZO","L'Aquila","AQ","67050","41.9588","13.6452","680","35.6","874","858","1732","65","66","131","939","924","1863","7.0"
"66065","Ovindoli","ABRUZZO","L'Aquila","AQ","67046","42.139","13.5174","1.375","58.8","548","586","1134","31","25","56","579","611","1190","4.7"
"66066","Pacentro","ABRUZZO","L'Aquila","AQ","67030","42.0497","14.0188","690","72.0","596","592","1188","19","4","23","615","596","1211","1.9"
"66067","Pereto","ABRUZZO","L'Aquila","AQ","67064","42.056","13.1045","800","41.1","341","366","707","20","12","32","361","378","739","4.3"
"66068","Pescasseroli","ABRUZZO","L'Aquila","AQ","67032","41.8078","13.7888","1.167","92.5","1044","985","2029","100","98","198","1144","1083","2227","8.9"
"66069","Pescina","ABRUZZO","L'Aquila","AQ","67057","42.0254","13.6505","735","37.5","2009","1925","3934","185","145","330","2194","2070","4264","7.7"
"66070","Pescocostanzo","ABRUZZO","L'Aquila","AQ","67033","41.8888","14.0667","1.395","52.3","572","552","1124","19","18","37","591","570","1161","3.2"
"66071","Pettorano sul Gizio","ABRUZZO","L'Aquila","AQ","67034","41.9757","13.9586","625","62.4","650","651","1301","31","31","62","681","682","1363","4.5"
"66072","Pizzoli","ABRUZZO","L'Aquila","AQ","67017","42.4362","13.2991","740","56.1","1663","1702","3365","205","203","408","1868","1905","3773","10.8"
"66073","Poggio Picenze","ABRUZZO","L'Aquila","AQ","67026","42.3222","13.5421","756","11.6","452","426","878","94","96","190","546","522","1068","17.8"
"66074","Prata d'Ansidonia","ABRUZZO","L'Aquila","AQ","67020","42.2776","13.608","846","19.7","225","221","446","28","27","55","253","248","501","11.0"
"66075","Pratola Peligna","ABRUZZO","L'Aquila","AQ","67035","42.1001","13.8786","342","28.3","3704","3567","7271","295","274","569","3999","3841","7840","7.3"
"66076","Prezza","ABRUZZO","L'Aquila","AQ","67030","42.0571","13.8335","480","19.7","531","469","1000","10","5","15","541","474","1015","1.5"
"66077","Raiano","ABRUZZO","L'Aquila","AQ","67027","42.1029","13.813","390","29.1","1394","1276","2670","72","70","142","1466","1346","2812","5.0"
"66078","Rivisondoli","ABRUZZO","L'Aquila","AQ","67036","41.8686","14.0669","1.320","31.7","301","320","621","18","24","42","319","344","663","6.3"
"66079","Roccacasale","ABRUZZO","L'Aquila","AQ","67030","42.1233","13.8883","450","17.2","349","351","700","12","12","24","361","363","724","3.3"
"66080","Rocca di Botte","ABRUZZO","L'Aquila","AQ","67066","42.0319","13.0707","750","29.8","362","396","758","35","37","72","397","433","830","8.7"
"66081","Rocca di Cambio","ABRUZZO","L'Aquila","AQ","67047","42.2371","13.4887","1.433","27.6","214","230","444","26","34","60","240","264","504","11.9"
"66082","Rocca di Mezzo","ABRUZZO","L'Aquila","AQ","67048","42.2055","13.5236","1.322","87.1","687","670","1357","61","50","111","748","720","1468","7.6"
"66083","Rocca Pia","ABRUZZO","L'Aquila","AQ","67030","41.9349","13.9774","1.181","44.8","85","69","154","6","7","13","91","76","167","7.8"
"66084","Roccaraso","ABRUZZO","L'Aquila","AQ","67037","41.8516","14.0754","1.236","50.0","728","719","1447","84","105","189","812","824","1636","11.6"
"66085","San Benedetto dei Marsi","ABRUZZO","L'Aquila","AQ","67058","42.0082","13.6276","678","25.3","1853","1742","3595","157","158","315","2010","1900","3910","8.1"
"66086","San Benedetto in Perillis","ABRUZZO","L'Aquila","AQ","67020","42.1828","13.7694","878","19.0","66","55","121","1","5","6","67","60","127","4.7"
"66087","San Demetrio ne' Vestini","ABRUZZO","L'Aquila","AQ","67028","42.2892","13.5539","662","16.3","826","797","1623","96","117","213","922","914","1836","11.6"
"66088","San Pio delle Camere","ABRUZZO","L'Aquila","AQ","67020","42.2842","13.6571","830","17.3","229","228","457","86","88","174","315","316","631","27.6"
"66089","Sante Marie","ABRUZZO","L'Aquila","AQ","67067","42.1018","13.204","850","40.1","610","554","1164","31","13","44","641","567","1208","3.6"
"66090","Sant'Eusanio Forconese","ABRUZZO","L'Aquila","AQ","67020","42.2878","13.5245","591","8.0","214","195","409","6","3","9","220","198","418","2.2"
"66091","Santo Stefano di Sessanio","ABRUZZO","L'Aquila","AQ","67020","42.3443","13.6457","1.251","33.3","51","54","105","3","3","6","54","57","111","5.4"
"66092","San Vincenzo Valle Roveto","ABRUZZO","L'Aquila","AQ","67050","41.8458","13.5368","388","43.4","1223","1137","2360","34","39","73","1257","1176","2433","3.0"
"66093","Scanno","ABRUZZO","L'Aquila","AQ","67038","41.9","13.8841","1.050","134.0","960","921","1881","38","29","67","998","950","1948","3.4"
"66094","Scontrone","ABRUZZO","L'Aquila","AQ","67030","41.7466","14.039","1.038","21.4","288","290","578","7","5","12","295","295","590","2.0"
"66095","Scoppito","ABRUZZO","L'Aquila","AQ","67019","42.3728","13.256","820","53.0","1537","1557","3094","96","95","191","1633","1652","3285","5.8"
"66096","Scurcola Marsicana","ABRUZZO","L'Aquila","AQ","67068","42.063","13.3392","700","30.0","1315","1306","2621","91","50","141","1406","1356","2762","5.1"
"66097","Secinaro","ABRUZZO","L'Aquila","AQ","67029","42.1561","13.6247","859","32.1","179","189","368","10","5","15","189","194","383","3.9"
"66098","Sulmona","ABRUZZO","L'Aquila","AQ","67039","42.0482","13.9289","405","58.3","12005","11064","23069","691","515","1206","12696","11579","24275","5.0"
"66099","Tagliacozzo","ABRUZZO","L'Aquila","AQ","67069","42.0686","13.2518","740","89.4","3242","3068","6310","312","317","629","3554","3385","6939","9.1"
"66100","Tione degli Abruzzi","ABRUZZO","L'Aquila","AQ","67020","42.2034","13.6349","581","40.2","159","159","318","3","5","8","162","164","326","2.5"
"66101","Tornimparte","ABRUZZO","L'Aquila","AQ","67049","42.2944","13.2779","830","65.9","1406","1410","2816","141","139","280","1547","1549","3096","9.0"
"66102","Trasacco","ABRUZZO","L'Aquila","AQ","67059","41.9601","13.5366","685","51.4","2807","2761","5568","248","328","576","3055","3089","6144","9.4"
"66103","Villalago","ABRUZZO","L'Aquila","AQ","67030","41.9359","13.8359","930","35.3","312","253","565","15","9","24","327","262","589","4.1"
"66104","Villa Santa Lucia degli Abruzzi","ABRUZZO","L'Aquila","AQ","67020","42.3333","13.7774","850","27.7","72","67","139","2","0","2","74","67","141","1.4"
"66105","Villa Sant'Angelo","ABRUZZO","L'Aquila","AQ","67020","42.27","13.5372","570","5.3","211","201","412","10","3","13","221","204","425","3.1"
"66106","Villavallelonga","ABRUZZO","L'Aquila","AQ","67050","41.8716","13.6209","1.005","73.4","481","431","912","18","6","24","499","437","936","2.6"
"66107","Villetta Barrea","ABRUZZO","L'Aquila","AQ","67030","41.7765","13.9388","990","20.5","316","313","629","15","8","23","331","321","652","3.5"
"66108","Vittorito","ABRUZZO","L'Aquila","AQ","67030","42.1268","13.8181","377","14.0","474","408","882","13","3","16","487","411","898","1.8"
"67001","Alba Adriatica","ABRUZZO","Teramo","TE","64011","42.8271","13.9293","5","9.6","5372","4947","10319","698","548","1246","6070","5495","11565","10.8"
"67002","Ancarano","ABRUZZO","Teramo","TE","64010","42.8352","13.7382","293","14.4","900","870","1770","65","42","107","965","912","1877","5.7"
"67003","Arsita","ABRUZZO","Teramo","TE","64031","42.5022","13.7847","470","34.1","430","425","855","11","5","16","441","430","871","1.8"
"67004","Atri","ABRUZZO","Teramo","TE","64032","42.5806","13.9758","444","92.3","5486","5261","10747","218","147","365","5704","5408","11112","3.3"
"67005","Basciano","ABRUZZO","Teramo","TE","64030","42.5955","13.7398","388","18.7","1152","1185","2337","60","41","101","1212","1226","2438","4.1"
"67006","Bellante","ABRUZZO","Teramo","TE","64020","42.7412","13.8082","354","49.9","3377","3317","6694","241","225","466","3618","3542","7160","6.5"
"67007","Bisenti","ABRUZZO","Teramo","TE","64033","42.5395","13.81","274","30.9","1001","1013","2014","30","25","55","1031","1038","2069","2.7"
"67008","Campli","ABRUZZO","Teramo","TE","64012","42.7274","13.6878","393","73.9","3373","3320","6693","324","259","583","3697","3579","7276","8.0"
"67009","Canzano","ABRUZZO","Teramo","TE","64020","42.6461","13.8041","448","16.9","968","924","1892","36","27","63","1004","951","1955","3.2"
"67010","Castel Castagna","ABRUZZO","Teramo","TE","64030","42.5439","13.7347","452","17.7","228","245","473","8","10","18","236","255","491","3.7"
"67011","Castellalto","ABRUZZO","Teramo","TE","64020","42.6774","13.8192","481","34.0","3463","3400","6863","259","237","496","3722","3637","7359","6.7"
"67012","Castelli","ABRUZZO","Teramo","TE","64041","42.4846","13.7118","497","49.7","637","563","1200","13","11","24","650","574","1224","2.0"
"67013","Castiglione Messer Raimondo","ABRUZZO","Teramo","TE","64034","42.5146","13.8564","306","30.8","1142","1135","2277","48","39","87","1190","1174","2364","3.7"
"67014","Castilenti","ABRUZZO","Teramo","TE","64035","42.5376","13.9434","272","23.7","715","758","1473","37","41","78","752","799","1551","5.0"
"67015","Cellino Attanasio","ABRUZZO","Teramo","TE","64036","42.5862","13.8585","443","44.0","1244","1243","2487","63","40","103","1307","1283","2590","4.0"
"67016","Cermignano","ABRUZZO","Teramo","TE","64037","42.5886","13.7924","563","26.2","879","853","1732","35","20","55","914","873","1787","3.1"
"67017","Civitella del Tronto","ABRUZZO","Teramo","TE","64010","42.7731","13.6762","589","77.7","2479","2354","4833","259","241","500","2738","2595","5333","9.4"
"67018","Colledara","ABRUZZO","Teramo","TE","64042","42.5578","13.7","430","19.9","1093","1064","2157","43","37","80","1136","1101","2237","3.6"
"67019","Colonnella","ABRUZZO","Teramo","TE","64010","42.8754","13.8698","303","21.9","1706","1693","3399","201","168","369","1907","1861","3768","9.8"
"67020","Controguerra","ABRUZZO","Teramo","TE","64010","42.8504","13.8124","267","22.8","1115","1072","2187","121","114","235","1236","1186","2422","9.7"
"67021","Corropoli","ABRUZZO","Teramo","TE","64013","42.8234","13.8397","132","22.0","2203","2100","4303","232","215","447","2435","2315","4750","9.4"
"67022","Cortino","ABRUZZO","Teramo","TE","64040","42.6217","13.5067","982","62.7","323","349","672","5","6","11","328","355","683","1.6"
"67023","Crognaleto","ABRUZZO","Teramo","TE","64043","42.587","13.49","835","124.2","624","707","1331","46","39","85","670","746","1416","6.0"
"67024","Fano Adriano","ABRUZZO","Teramo","TE","64044","42.5237","13.5032","745","35.4","174","176","350","3","1","4","177","177","354","1.1"
"67025","Giulianova","ABRUZZO","Teramo","TE","64021","42.7538","13.9665","68","27.4","11509","10680","22189","608","402","1010","12117","11082","23199","4.4"
"67026","Isola del Gran Sasso d'Italia","ABRUZZO","Teramo","TE","64045","42.5013","13.6612","415","83.3","2329","2331","4660","92","88","180","2421","2419","4840","3.7"
"67027","Montefino","ABRUZZO","Teramo","TE","64030","42.5442","13.8862","352","18.5","531","526","1057","18","16","34","549","542","1091","3.1"
"67028","Montorio al Vomano","ABRUZZO","Teramo","TE","64046","42.5821","13.6273","263","53.5","3884","3797","7681","264","256","520","4148","4053","8201","6.3"
"67029","Morro d'Oro","ABRUZZO","Teramo","TE","64020","42.6644","13.9179","210","28.2","1793","1714","3507","67","54","121","1860","1768","3628","3.3"
"67030","Mosciano Sant'Angelo","ABRUZZO","Teramo","TE","64023","42.7435","13.8886","227","48.4","4389","4370","8759","269","223","492","4658","4593","9251","5.3"
"67031","Nereto","ABRUZZO","Teramo","TE","64015","42.8165","13.8135","163","7.0","2246","2116","4362","345","368","713","2591","2484","5075","14.0"
"67032","Notaresco","ABRUZZO","Teramo","TE","64024","42.6575","13.894","267","38.1","3282","3224","6506","182","175","357","3464","3399","6863","5.2"
"67033","Penna Sant'Andrea","ABRUZZO","Teramo","TE","64039","42.5937","13.7716","413","11.1","827","781","1608","59","61","120","886","842","1728","6.9"
"67034","Pietracamela","ABRUZZO","Teramo","TE","64047","42.5233","13.554","1.005","44.3","124","164","288","6","10","16","130","174","304","5.3"
"67035","Pineto","ABRUZZO","Teramo","TE","64025","42.6077","14.0677","4","37.6","7204","6704","13908","368","355","723","7572","7059","14631","4.9"
"67036","Rocca Santa Maria","ABRUZZO","Teramo","TE","64010","42.6864","13.5276","1.073","61.2","255","285","540","17","12","29","272","297","569","5.1"
"67037","Roseto degli Abruzzi","ABRUZZO","Teramo","TE","64026","42.6752","14.016","5","53.0","12018","11511","23529","776","635","1411","12794","12146","24940","5.7"
"67038","Sant'Egidio alla Vibrata","ABRUZZO","Teramo","TE","64016","42.8259","13.7154","237","18.2","4440","4350","8790","441","437","878","4881","4787","9668","9.1"
"67039","Sant'Omero","ABRUZZO","Teramo","TE","64027","42.7851","13.8054","209","34.0","2473","2394","4867","242","204","446","2715","2598","5313","8.4"
"67040","Silvi","ABRUZZO","Teramo","TE","64028","42.5436","14.1262","2","20.7","7232","7124","14356","583","462","1045","7815","7586","15401","6.8"
"67041","Teramo","ABRUZZO","Teramo","TE","64100","42.6611","13.6987","432","152.0","26668","24949","51617","1517","1160","2677","28185","26109","54294","4.9"
"67042","Torano Nuovo","ABRUZZO","Teramo","TE","64010","42.8246","13.7757","237","10.2","816","745","1561","50","47","97","866","792","1658","5.9"
"67043","Torricella Sicura","ABRUZZO","Teramo","TE","64010","42.6583","13.656","437","54.1","1328","1265","2593","50","27","77","1378","1292","2670","2.9"
"67044","Tortoreto","ABRUZZO","Teramo","TE","64018","42.8034","13.9165","239","23.0","4820","4606","9426","547","469","1016","5367","5075","10442","9.7"
"67045","Tossicia","ABRUZZO","Teramo","TE","64049","42.5466","13.648","409","25.3","728","663","1391","17","10","27","745","673","1418","1.9"
"67046","Valle Castellana","ABRUZZO","Teramo","TE","64010","42.7361","13.4957","625","133.9","483","527","1010","11","8","19","494","535","1029","1.8"
"67047","Martinsicuro","ABRUZZO","Teramo","TE","64014","42.887","13.9132","2","14.4","6784","6605","13389","1093","1002","2095","7877","7607","15484","13.5"
"68001","Abbateggio","ABRUZZO","Pescara","PE","65020","42.2256","14.0107","450","15.7","205","220","425","9","7","16","214","227","441","3.6"
"68002","Alanno","ABRUZZO","Pescara","PE","65020","42.2963","13.9678","307","31.5","1809","1685","3494","62","52","114","1871","1737","3608","3.2"
"68003","Bolognano","ABRUZZO","Pescara","PE","65020","42.2176","13.955","276","16.7","540","533","1073","44","40","84","584","573","1157","7.3"
"68004","Brittoli","ABRUZZO","Pescara","PE","65010","42.3139","13.8591","779","15.8","149","165","314","17","4","21","166","169","335","6.3"
"68005","Bussi sul Tirino","ABRUZZO","Pescara","PE","65022","42.2136","13.8254","344","26.3","1339","1251","2590","30","16","46","1369","1267","2636","1.7"
"68006","Cappelle sul Tavo","ABRUZZO","Pescara","PE","65010","42.4648","14.1032","122","5.3","1875","1828","3703","146","110","256","2021","1938","3959","6.5"
"68007","Caramanico Terme","ABRUZZO","Pescara","PE","65023","42.1611","14.0086","650","84.5","982","949","1931","44","33","77","1026","982","2008","3.8"
"68008","Carpineto della Nora","ABRUZZO","Pescara","PE","65010","42.3337","13.8601","535","23.3","349","313","662","9","9","18","358","322","680","2.6"
"68009","Castiglione a Casauria","ABRUZZO","Pescara","PE","65020","42.2362","13.8942","350","16.5","423","384","807","40","26","66","463","410","873","7.6"
"68010","Catignano","ABRUZZO","Pescara","PE","65011","42.3452","13.9454","355","15.8","697","699","1396","27","26","53","724","725","1449","3.7"
"68011","Cepagatti","ABRUZZO","Pescara","PE","65012","42.3657","14.0723","145","29.6","5151","4965","10116","191","142","333","5342","5107","10449","3.2"
"68012","Città Sant'Angelo","ABRUZZO","Pescara","PE","65013","42.5176","14.0602","317","57.3","6848","6839","13687","394","298","692","7242","7137","14379","4.8"
"68013","Civitaquana","ABRUZZO","Pescara","PE","65010","42.3379","13.9202","550","21.4","627","604","1231","51","40","91","678","644","1322","6.9"
"68014","Civitella Casanova","ABRUZZO","Pescara","PE","65010","42.3642","13.8847","400","31.1","902","897","1799","40","36","76","942","933","1875","4.1"
"68015","Collecorvino","ABRUZZO","Pescara","PE","65010","42.4584","14.0165","253","30.2","2850","2782","5632","146","130","276","2996","2912","5908","4.7"
"68016","Corvara","ABRUZZO","Pescara","PE","65020","42.2754","13.8742","625","13.5","139","124","263","8","7","15","147","131","278","5.4"
"68017","Cugnoli","ABRUZZO","Pescara","PE","65020","42.3066","13.9325","331","15.3","770","770","1540","30","20","50","800","790","1590","3.1"
"68018","Elice","ABRUZZO","Pescara","PE","65010","42.5215","13.9701","259","13.4","842","795","1637","51","41","92","893","836","1729","5.3"
"68019","Farindola","ABRUZZO","Pescara","PE","65010","42.4441","13.82","530","45.3","811","754","1565","19","17","36","830","771","1601","2.2"
"68020","Lettomanoppello","ABRUZZO","Pescara","PE","65020","42.2361","14.0362","370","15.1","1483","1486","2969","34","16","50","1517","1502","3019","1.7"
"68021","Loreto Aprutino","ABRUZZO","Pescara","PE","65014","42.4332","13.9867","294","52.5","3750","3643","7393","133","93","226","3883","3736","7619","3.0"
"68022","Manoppello","ABRUZZO","Pescara","PE","65024","42.2576","14.0612","257","38.4","3497","3325","6822","116","70","186","3613","3395","7008","2.7"
"68023","Montebello di Bertona","ABRUZZO","Pescara","PE","65010","42.4166","13.8696","615","21.0","500","488","988","23","12","35","523","500","1023","3.4"
"68024","Montesilvano","ABRUZZO","Pescara","PE","65015","42.5124","14.1666","5","23.6","23998","22788","46786","2024","1603","3627","26022","24391","50413","7.2"
"68025","Moscufo","ABRUZZO","Pescara","PE","65010","42.4309","14.0653","246","19.2","1558","1572","3130","86","48","134","1644","1620","3264","4.1"
"68026","Nocciano","ABRUZZO","Pescara","PE","65010","42.3344","13.9858","301","12.8","861","889","1750","29","21","50","890","910","1800","2.8"
"68027","Penne","ABRUZZO","Pescara","PE","65017","42.4569","13.9281","438","85.2","6214","5989","12203","293","221","514","6507","6210","12717","4.0"
"68028","Pescara","ABRUZZO","Pescara","PE","65100","42.4618","14.2161","4","33.5","59817","53183","113000","2537","1629","4166","62354","54812","117166","3.6"
"68029","Pescosansonesco","ABRUZZO","Pescara","PE","65020","42.2546","13.8837","540","18.4","257","235","492","15","10","25","272","245","517","4.8"
"68030","Pianella","ABRUZZO","Pescara","PE","65019","42.398","14.045","236","43.1","4117","3980","8097","190","150","340","4307","4130","8437","4.0"
"68031","Picciano","ABRUZZO","Pescara","PE","65010","42.474","13.9898","170","7.3","607","589","1196","76","66","142","683","655","1338","10.6"
"68032","Pietranico","ABRUZZO","Pescara","PE","65020","42.2799","13.9202","590","13.8","264","231","495","9","5","14","273","236","509","2.8"
"68033","Popoli","ABRUZZO","Pescara","PE","65026","42.1694","13.8305","254","34.4","2612","2543","5155","186","109","295","2798","2652","5450","5.4"
"68034","Roccamorice","ABRUZZO","Pescara","PE","65020","42.1935","14.0711","520","24.7","492","469","961","16","12","28","508","481","989","2.8"
"68035","Rosciano","ABRUZZO","Pescara","PE","65020","42.3225","14.0462","242","26.5","1841","1757","3598","38","27","65","1879","1784","3663","1.8"
"68036","Salle","ABRUZZO","Pescara","PE","65020","42.1785","13.9618","450","21.6","157","150","307","6","4","10","163","154","317","3.2"
"68037","Sant'Eufemia a Maiella","ABRUZZO","Pescara","PE","65020","42.1257","14.0264","878","40.2","148","132","280","10","9","19","158","141","299","6.4"
"68038","San Valentino in Abruzzo Citeriore","ABRUZZO","Pescara","PE","65020","42.235","13.9876","457","16.3","999","897","1896","27","7","34","1026","904","1930","1.8"
"68039","Scafa","ABRUZZO","Pescara","PE","65027","42.2672","13.9959","108","10.0","1893","1764","3657","91","88","179","1984","1852","3836","4.7"
"68040","Serramonacesca","ABRUZZO","Pescara","PE","65025","42.249","14.0931","280","23.8","261","293","554","14","14","28","275","307","582","4.8"
"68041","Spoltore","ABRUZZO","Pescara","PE","65010","42.4545","14.1388","185","35.7","9138","8918","18056","307","203","510","9445","9121","18566","2.7"
"68042","Tocco da Casauria","ABRUZZO","Pescara","PE","65028","42.215","13.9131","356","29.8","1268","1191","2459","121","141","262","1389","1332","2721","9.6"
"68043","Torre de' Passeri","ABRUZZO","Pescara","PE","65029","42.2424","13.931","172","5.8","1546","1370","2916","123","135","258","1669","1505","3174","8.1"
"68044","Turrivalignani","ABRUZZO","Pescara","PE","65020","42.2621","14.0283","312","6.3","440","412","852","16","16","32","456","428","884","3.6"
"68045","Vicoli","ABRUZZO","Pescara","PE","65010","42.3413","13.8968","445","9.4","201","183","384","6","6","12","207","189","396","3.0"
"68046","Villa Celiera","ABRUZZO","Pescara","PE","65010","42.3823","13.859","714","12.6","379","344","723","17","7","24","396","351","747","3.2"
"69001","Altino","ABRUZZO","Chieti","CH","66040","42.1024","14.3326","345","15.2","1352","1244","2596","121","116","237","1473","1360","2833","8.4"
"69002","Archi","ABRUZZO","Chieti","CH","66044","42.0902","14.382","445","28.2","1122","1056","2178","58","46","104","1180","1102","2282","4.6"
"69003","Ari","ABRUZZO","Chieti","CH","66010","42.2863","14.2555","289","11.3","551","551","1102","33","30","63","584","581","1165","5.4"
"69004","Arielli","ABRUZZO","Chieti","CH","66030","42.2629","14.3061","295","11.5","586","529","1115","16","13","29","602","542","1144","2.5"
"69005","Atessa","ABRUZZO","Chieti","CH","66041","42.0669","14.444","433","111.4","5224","5051","10275","251","235","486","5475","5286","10761","4.5"
"69006","Bomba","ABRUZZO","Chieti","CH","66042","42.0346","14.3664","424","18.1","441","413","854","15","16","31","456","429","885","3.5"
"69007","Borrello","ABRUZZO","Chieti","CH","66040","41.9179","14.3047","804","14.4","190","172","362","5","1","6","195","173","368","1.6"
"69008","Bucchianico","ABRUZZO","Chieti","CH","66011","42.3028","14.1836","330","38.1","2558","2480","5038","101","82","183","2659","2562","5221","3.5"
"69009","Montebello sul Sangro","ABRUZZO","Chieti","CH","66040","41.9866","14.3247","810","5.4","59","40","99","0","0","0","59","40","99","0.0"
"69010","Canosa Sannita","ABRUZZO","Chieti","CH","66010","42.293","14.3052","231","14.1","714","679","1393","25","23","48","739","702","1441","3.3"
"69011","Carpineto Sinello","ABRUZZO","Chieti","CH","66030","42.012","14.5047","381","29.5","312","317","629","20","17","37","332","334","666","5.6"
"69012","Carunchio","ABRUZZO","Chieti","CH","66050","41.9199","14.523","714","32.4","323","303","626","10","3","13","333","306","639","2.0"
"69013","Casacanditella","ABRUZZO","Chieti","CH","66010","42.2631","14.2105","432","12.4","640","648","1288","27","25","52","667","673","1340","3.9"
"69014","Casalanguida","ABRUZZO","Chieti","CH","66031","42.0405","14.5131","450","13.6","490","452","942","31","33","64","521","485","1006","6.4"
"69015","Casalbordino","ABRUZZO","Chieti","CH","66021","42.1507","14.5865","203","45.9","3171","2907","6078","138","87","225","3309","2994","6303","3.6"
"69016","Casalincontrada","ABRUZZO","Chieti","CH","66012","42.2937","14.1371","333","15.9","1566","1522","3088","43","22","65","1609","1544","3153","2.1"
"69017","Casoli","ABRUZZO","Chieti","CH","66043","42.1132","14.2925","378","66.7","2798","2634","5432","214","201","415","3012","2835","5847","7.1"
"69018","Castel Frentano","ABRUZZO","Chieti","CH","66032","42.1951","14.3578","400","21.9","2134","2051","4185","75","51","126","2209","2102","4311","2.9"
"69019","Castelguidone","ABRUZZO","Chieti","CH","66040","41.8237","14.5364","775","14.9","221","193","414","2","0","2","223","193","416","0.5"
"69020","Castiglione Messer Marino","ABRUZZO","Chieti","CH","66033","41.8802","14.4374","1.000","47.7","988","900","1888","7","3","10","995","903","1898","0.5"
"69021","Celenza sul Trigno","ABRUZZO","Chieti","CH","66050","41.8734","14.5789","646","22.6","487","465","952","15","7","22","502","472","974","2.3"
"69022","Chieti","ABRUZZO","Chieti","CH","66100","42.3479","14.1636","330","58.6","25975","23913","49888","950","646","1596","26925","24559","51484","3.1"
"69023","Civitaluparella","ABRUZZO","Chieti","CH","66040","41.9537","14.2803","903","22.5","170","174","344","4","1","5","174","175","349","1.4"
"69024","Civitella Messer Raimondo","ABRUZZO","Chieti","CH","66010","42.0891","14.2186","613","12.4","417","407","824","23","14","37","440","421","861","4.3"
"69025","Colledimacine","ABRUZZO","Chieti","CH","66010","42.0014","14.2105","770","11.4","111","118","229","6","2","8","117","120","237","3.4"
"69026","Colledimezzo","ABRUZZO","Chieti","CH","66040","41.9856","14.3838","425","11.1","257","259","516","7","8","15","264","267","531","2.8"
"69027","Crecchio","ABRUZZO","Chieti","CH","66014","42.2964","14.3261","209","19.4","1425","1429","2854","40","38","78","1465","1467","2932","2.7"
"69028","Cupello","ABRUZZO","Chieti","CH","66051","42.0722","14.6708","274","48.0","2299","2242","4541","157","150","307","2456","2392","4848","6.3"
"69029","Dogliola","ABRUZZO","Chieti","CH","66050","41.9419","14.6366","445","11.6","180","196","376","6","7","13","186","203","389","3.3"
"69030","Fara Filiorum Petri","ABRUZZO","Chieti","CH","66010","42.2473","14.1843","227","14.8","972","880","1852","54","49","103","1026","929","1955","5.3"
"69031","Fara San Martino","ABRUZZO","Chieti","CH","66015","42.0905","14.2086","440","43.7","751","725","1476","29","19","48","780","744","1524","3.1"
"69032","Filetto","ABRUZZO","Chieti","CH","66030","42.2296","14.2461","403","13.6","509","487","996","17","13","30","526","500","1026","2.9"
"69033","Fossacesia","ABRUZZO","Chieti","CH","66022","42.2441","14.4802","140","30.2","3013","2932","5945","135","137","272","3148","3069","6217","4.4"
"69034","Fraine","ABRUZZO","Chieti","CH","66050","41.8979","14.4898","751","16.1","209","181","390","3","3","6","212","184","396","1.5"
"69035","Francavilla al Mare","ABRUZZO","Chieti","CH","66023","42.4199","14.2901","3","23.0","11784","10983","22767","629","420","1049","12413","11403","23816","4.4"
"69036","Fresagrandinaria","ABRUZZO","Chieti","CH","66050","41.9836","14.653","391","24.8","514","482","996","32","28","60","546","510","1056","5.7"
"69037","Frisa","ABRUZZO","Chieti","CH","66030","42.2634","14.3669","237","11.4","931","887","1818","38","33","71","969","920","1889","3.8"
"69038","Furci","ABRUZZO","Chieti","CH","66050","42.0086","14.5889","550","26.2","573","491","1064","9","15","24","582","506","1088","2.2"
"69039","Gamberale","ABRUZZO","Chieti","CH","66040","41.9051","14.2094","1.343","15.6","181","147","328","0","0","0","181","147","328","0.0"
"69040","Gessopalena","ABRUZZO","Chieti","CH","66010","42.0569","14.2743","644","31.4","733","698","1431","70","49","119","803","747","1550","7.7"
"69041","Gissi","ABRUZZO","Chieti","CH","66052","42.0192","14.5444","499","36.0","1441","1361","2802","80","53","133","1521","1414","2935","4.5"
"69042","Giuliano Teatino","ABRUZZO","Chieti","CH","66010","42.3035","14.2861","272","10.0","586","612","1198","41","31","72","627","643","1270","5.7"
"69043","Guardiagrele","ABRUZZO","Chieti","CH","66016","42.1898","14.2199","576","56.2","4559","4263","8822","287","258","545","4846","4521","9367","5.8"
"69044","Guilmi","ABRUZZO","Chieti","CH","66050","41.9957","14.48","674","13.0","215","201","416","6","10","16","221","211","432","3.7"
"69045","Lama dei Peligni","ABRUZZO","Chieti","CH","66010","42.0435","14.1882","669","31.4","651","588","1239","67","58","125","718","646","1364","9.2"
"69046","Lanciano","ABRUZZO","Chieti","CH","66034","42.2266","14.389","265","66.1","17856","16865","34721","694","506","1200","18550","17371","35921","3.3"
"69047","Lentella","ABRUZZO","Chieti","CH","66050","41.9985","14.6879","398","12.5","360","335","695","15","15","30","375","350","725","4.1"
"69048","Lettopalena","ABRUZZO","Chieti","CH","66010","41.9975","14.164","680","21.0","166","186","352","7","6","13","173","192","365","3.6"
"69049","Liscia","ABRUZZO","Chieti","CH","66050","41.9487","14.548","740","8.0","345","362","707","4","1","5","349","363","712","0.7"
"69050","Miglianico","ABRUZZO","Chieti","CH","66010","42.3589","14.2934","125","22.6","2347","2276","4623","103","118","221","2450","2394","4844","4.6"
"69051","Montazzoli","ABRUZZO","Chieti","CH","66030","41.9409","14.427","850","39.2","505","491","996","14","22","36","519","513","1032","3.5"
"69052","Monteferrante","ABRUZZO","Chieti","CH","66040","41.9404","14.385","800","15.2","70","70","140","1","0","1","71","70","141","0.7"
"69053","Montelapiano","ABRUZZO","Chieti","CH","66040","41.9673","14.3268","740","8.3","36","42","78","2","0","2","38","42","80","2.5"
"69054","Montenerodomo","ABRUZZO","Chieti","CH","66010","41.9817","14.2512","1.165","30.0","358","356","714","10","12","22","368","368","736","3.0"
"69055","Monteodorisio","ABRUZZO","Chieti","CH","66050","42.0897","14.6522","315","25.4","1217","1216","2433","73","58","131","1290","1274","2564","5.1"
"69056","Mozzagrogna","ABRUZZO","Chieti","CH","66030","42.2129","14.4461","223","13.7","1120","1089","2209","47","35","82","1167","1124","2291","3.6"
"69057","Orsogna","ABRUZZO","Chieti","CH","66036","42.2202","14.2887","430","25.3","1920","1746","3666","170","172","342","2090","1918","4008","8.5"
"69058","Ortona","ABRUZZO","Chieti","CH","66026","42.3522","14.4028","72","70.2","11592","10884","22476","501","448","949","12093","11332","23425","4.1"
"69059","Paglieta","ABRUZZO","Chieti","CH","66020","42.1634","14.4977","235","34.2","2150","2067","4217","139","110","249","2289","2177","4466","5.6"
"69060","Palena","ABRUZZO","Chieti","CH","66017","41.9766","14.1324","767","91.7","702","682","1384","21","7","28","723","689","1412","2.0"
"69061","Palmoli","ABRUZZO","Chieti","CH","66050","41.9565","14.6005","711","32.8","490","468","958","11","11","22","501","479","980","2.2"
"69062","Palombaro","ABRUZZO","Chieti","CH","66010","42.1251","14.2308","536","17.9","518","503","1021","47","40","87","565","543","1108","7.9"
"69063","Pennadomo","ABRUZZO","Chieti","CH","66040","42.0044","14.3234","460","11.3","155","149","304","5","2","7","160","151","311","2.3"
"69064","Pennapiedimonte","ABRUZZO","Chieti","CH","66010","42.1531","14.1947","669","47.2","249","227","476","20","19","39","269","246","515","7.6"
"69065","Perano","ABRUZZO","Chieti","CH","66040","42.1055","14.3967","256","6.2","817","767","1584","37","43","80","854","810","1664","4.8"
"69066","Pizzoferrato","ABRUZZO","Chieti","CH","66040","41.9263","14.228","1.251","30.9","553","554","1107","16","4","20","569","558","1127","1.8"
"69067","Poggiofiorito","ABRUZZO","Chieti","CH","66030","42.2483","14.3268","290","9.9","437","421","858","50","35","85","487","456","943","9.0"
"69068","Pollutri","ABRUZZO","Chieti","CH","66020","42.1376","14.5936","180","26.1","1177","1088","2265","24","17","41","1201","1105","2306","1.8"
"69069","Pretoro","ABRUZZO","Chieti","CH","66010","42.2193","14.1401","560","26.1","494","461","955","18","16","34","512","477","989","3.4"
"69070","Quadri","ABRUZZO","Chieti","CH","66040","41.9251","14.2886","640","7.4","439","413","852","6","5","11","445","418","863","1.3"
"69071","Rapino","ABRUZZO","Chieti","CH","66010","42.2152","14.1926","420","20.2","666","636","1302","30","24","54","696","660","1356","4.0"
"69072","Ripa Teatina","ABRUZZO","Chieti","CH","66010","42.3563","14.231","199","20.0","1931","2013","3944","129","115","244","2060","2128","4188","5.8"
"69073","Roccamontepiano","ABRUZZO","Chieti","CH","66010","42.2432","14.1288","458","18.1","882","883","1765","16","11","27","898","894","1792","1.5"
"69074","Rocca San Giovanni","ABRUZZO","Chieti","CH","66020","42.2503","14.4646","155","21.5","1131","1144","2275","37","36","73","1168","1180","2348","3.1"
"69075","Roccascalegna","ABRUZZO","Chieti","CH","66040","42.0624","14.3073","455","22.6","617","602","1219","33","33","66","650","635","1285","5.1"
"69076","Roccaspinalveti","ABRUZZO","Chieti","CH","66050","41.9356","14.4607","740","32.9","731","680","1411","14","9","23","745","689","1434","1.6"
"69077","Roio del Sangro","ABRUZZO","Chieti","CH","66040","41.9113","14.3764","870","11.7","57","45","102","1","0","1","58","45","103","1.0"
"69078","Rosello","ABRUZZO","Chieti","CH","66040","41.8921","14.3443","920","19.3","139","110","249","4","0","4","143","110","253","1.6"
"69079","San Buono","ABRUZZO","Chieti","CH","66050","41.9804","14.5682","470","25.0","494","509","1003","11","6","17","505","515","1020","1.7"
"69080","San Giovanni Lipioni","ABRUZZO","Chieti","CH","66050","41.8466","14.5605","545","8.7","102","96","198","3","9","12","105","105","210","5.7"
"69081","San Giovanni Teatino","ABRUZZO","Chieti","CH","66020","42.4095","14.2016","15","18.7","6314","6090","12404","193","136","329","6507","6226","12733","2.6"
"69082","San Martino sulla Marrucina","ABRUZZO","Chieti","CH","66010","42.2265","14.2151","420","7.3","453","445","898","36","26","62","489","471","960","6.5"
"69083","San Salvo","ABRUZZO","Chieti","CH","66050","42.044","14.7339","100","19.5","8868","8882","17750","570","528","1098","9438","9410","18848","5.8"
"69084","Santa Maria Imbaro","ABRUZZO","Chieti","CH","66030","42.2195","14.4519","224","6.0","843","864","1707","73","50","123","916","914","1830","6.7"
"69085","Sant'Eusanio del Sangro","ABRUZZO","Chieti","CH","66037","42.1661","14.3345","207","24.0","1188","1152","2340","55","58","113","1243","1210","2453","4.6"
"69086","San Vito Chietino","ABRUZZO","Chieti","CH","66038","42.291","14.4434","122","16.8","2554","2400","4954","155","117","272","2709","2517","5226","5.2"
"69087","Scerni","ABRUZZO","Chieti","CH","66020","42.1138","14.5738","281","41.1","1688","1612","3300","50","49","99","1738","1661","3399","2.9"
"69088","Schiavi di Abruzzo","ABRUZZO","Chieti","CH","66045","41.8143","14.4858","1.172","45.3","515","379","894","29","8","37","544","387","931","4.0"
"69089","Taranta Peligna","ABRUZZO","Chieti","CH","66018","42.0208","14.1722","460","21.7","191","193","384","11","4","15","202","197","399","3.8"
"69090","Tollo","ABRUZZO","Chieti","CH","66010","42.3407","14.3199","152","14.9","1953","1903","3856","117","98","215","2070","2001","4071","5.3"
"69091","Torino di Sangro","ABRUZZO","Chieti","CH","66020","42.1853","14.5397","164","32.3","1515","1428","2943","55","43","98","1570","1471","3041","3.2"
"69092","Tornareccio","ABRUZZO","Chieti","CH","66046","42.0387","14.4141","630","27.7","947","897","1844","47","41","88","994","938","1932","4.6"
"69093","Torrebruna","ABRUZZO","Chieti","CH","66050","41.8663","14.5449","845","23.6","481","435","916","5","3","8","486","438","924","0.9"
"69094","Torrevecchia Teatina","ABRUZZO","Chieti","CH","66010","42.3789","14.2057","240","14.6","1992","1957","3949","76","67","143","2068","2024","4092","3.5"
"69095","Torricella Peligna","ABRUZZO","Chieti","CH","66019","42.0237","14.2603","910","35.4","688","623","1311","43","37","80","731","660","1391","5.8"
"69096","Treglio","ABRUZZO","Chieti","CH","66030","42.2675","14.4252","183","4.8","744","749","1493","52","30","82","796","779","1575","5.2"
"69097","Tufillo","ABRUZZO","Chieti","CH","66050","41.9176","14.6246","555","21.6","244","221","465","3","0","3","247","221","468","0.6"
"69098","Vacri","ABRUZZO","Chieti","CH","66010","42.2947","14.2293","310","12.1","812","782","1594","55","53","108","867","835","1702","6.3"
"69099","Vasto","ABRUZZO","Chieti","CH","66054","42.1046","14.7059","144","70.7","18942","18241","37183","899","665","1564","19841","18906","38747","4.0"
"69100","Villalfonsina","ABRUZZO","Chieti","CH","66020","42.1595","14.5695","203","9.1","497","447","944","17","16","33","514","463","977","3.4"
"69101","Villamagna","ABRUZZO","Chieti","CH","66010","42.331","14.2357","255","12.7","1152","1167","2319","67","51","118","1219","1218","2437","4.8"
"69102","Villa Santa Maria","ABRUZZO","Chieti","CH","66047","41.9514","14.353","320","16.2","707","671","1378","30","25","55","737","696","1433","3.8"
"69103","Pietraferrazzana","ABRUZZO","Chieti","CH","66040","41.9731","14.3763","357","4.3","61","67","128","0","0","0","61","67","128","0.0"
"69104","Fallo","ABRUZZO","Chieti","CH","66040","41.9386","14.3232","575","6.0","73","72","145","1","0","1","74","72","146","0.7"
"70001","Acquaviva Collecroce","MOLISE","Campobasso","CB","86030","41.8672","14.7469","425","28.5","322","340","662","8","4","12","330","344","674","1.8"
"70002","Baranello","MOLISE","Campobasso","CB","86011","41.5264","14.5581","610","24.8","1418","1280","2698","15","19","34","1433","1299","2732","1.2"
"70003","Bojano","MOLISE","Campobasso","CB","86021","41.4821","14.4737","482","49.8","3999","3744","7743","130","73","203","4129","3817","7946","2.6"
"70004","Bonefro","MOLISE","Campobasso","CB","86041","41.7096","14.9363","620","31.1","786","709","1495","18","15","33","804","724","1528","2.2"
"70005","Busso","MOLISE","Campobasso","CB","86010","41.5552","14.5575","756","23.6","664","662","1326","28","13","41","692","675","1367","3.0"
"70006","Campobasso","MOLISE","Campobasso","CB","86100","41.5603","14.6627","701","55.7","25036","22963","47999","473","275","748","25509","23238","48747","1.5"
"70007","Campochiaro","MOLISE","Campobasso","CB","86020","41.4415","14.5073","750","35.3","329","297","626","10","1","11","339","298","637","1.7"
"70008","Campodipietra","MOLISE","Campobasso","CB","86010","41.5579","14.7463","520","19.5","1284","1255","2539","15","13","28","1299","1268","2567","1.1"
"70009","Campolieto","MOLISE","Campobasso","CB","86040","41.6343","14.7663","735","24.2","474","446","920","11","7","18","485","453","938","1.9"
"70010","Campomarino","MOLISE","Campobasso","CB","86042","41.9569","15.0355","52","76.3","3318","3409","6727","184","157","341","3502","3566","7068","4.8"
"70011","Casacalenda","MOLISE","Campobasso","CB","86043","41.7407","14.8487","641","67.1","1098","1054","2152","24","31","55","1122","1085","2207","2.5"
"70012","Casalciprano","MOLISE","Campobasso","CB","86010","41.5813","14.5247","658","19.0","299","261","560","8","3","11","307","264","571","1.9"
"70013","Castelbottaccio","MOLISE","Campobasso","CB","86030","41.7532","14.7052","618","11.3","190","151","341","6","2","8","196","153","349","2.3"
"70014","Castellino del Biferno","MOLISE","Campobasso","CB","86020","41.7013","14.7332","450","15.5","282","269","551","17","21","38","299","290","589","6.5"
"70015","Castelmauro","MOLISE","Campobasso","CB","86031","41.8246","14.7171","692","43.5","826","752","1578","35","25","60","861","777","1638","3.7"
"70016","Castropignano","MOLISE","Campobasso","CB","86010","41.6117","14.5539","590","27.0","533","480","1013","10","6","16","543","486","1029","1.6"
"70017","Cercemaggiore","MOLISE","Campobasso","CB","86012","41.4632","14.7282","930","56.5","1910","1942","3852","40","35","75","1950","1977","3927","1.9"
"70018","Cercepiccola","MOLISE","Campobasso","CB","86010","41.4599","14.6637","679","16.7","357","316","673","11","1","12","368","317","685","1.8"
"70019","Civitacampomarano","MOLISE","Campobasso","CB","86030","41.7802","14.688","520","38.6","231","201","432","11","8","19","242","209","451","4.2"
"70020","Colle d'Anchise","MOLISE","Campobasso","CB","86020","41.5099","14.5191","649","15.8","406","393","799","2","1","3","408","394","802","0.4"
"70021","Colletorto","MOLISE","Campobasso","CB","86044","41.6634","14.9709","515","35.9","1072","986","2058","18","11","29","1090","997","2087","1.4"
"70022","Duronia","MOLISE","Campobasso","CB","86020","41.6599","14.4585","918","22.2","206","210","416","9","6","15","215","216","431","3.5"
"70023","Ferrazzano","MOLISE","Campobasso","CB","86010","41.5308","14.6879","872","16.6","1632","1602","3234","39","14","53","1671","1616","3287","1.6"
"70024","Fossalto","MOLISE","Campobasso","CB","86020","41.6731","14.5457","511","28.3","746","703","1449","19","12","31","765","715","1480","2.1"
"70025","Gambatesa","MOLISE","Campobasso","CB","86013","41.5084","14.9117","468","42.9","758","705","1463","14","10","24","772","715","1487","1.6"
"70026","Gildone","MOLISE","Campobasso","CB","86010","41.5095","14.7399","608","29.7","404","398","802","25","23","48","429","421","850","5.6"
"70027","Guardialfiera","MOLISE","Campobasso","CB","86030","41.8045","14.7938","285","43.2","549","503","1052","35","33","68","584","536","1120","6.1"
"70028","Guardiaregia","MOLISE","Campobasso","CB","86014","41.4355","14.5539","730","41.9","395","386","781","5","1","6","400","387","787","0.8"
"70029","Guglionesi","MOLISE","Campobasso","CB","86034","41.9134","14.9139","369","100.7","2570","2629","5199","133","117","250","2703","2746","5449","4.6"
"70030","Jelsi","MOLISE","Campobasso","CB","86015","41.5177","14.7992","580","28.5","895","848","1743","22","32","54","917","880","1797","3.0"
"70031","Larino","MOLISE","Campobasso","CB","86035","41.8277","14.9155","341","88.3","3469","3480","6949","108","85","193","3577","3565","7142","2.7"
"70032","Limosano","MOLISE","Campobasso","CB","86022","41.677","14.6211","580","28.0","383","434","817","6","3","9","389","437","826","1.1"
"70033","Lucito","MOLISE","Campobasso","CB","86030","41.7333","14.6704","480","31.3","389","335","724","5","5","10","394","340","734","1.4"
"70034","Lupara","MOLISE","Campobasso","CB","86030","41.7612","14.7343","505","25.7","272","255","527","6","5","11","278","260","538","2.0"
"70035","Macchia Valfortore","MOLISE","Campobasso","CB","86040","41.5936","14.9133","477","25.9","304","304","608","7","6","13","311","310","621","2.1"
"70036","Mafalda","MOLISE","Campobasso","CB","86030","41.9422","14.7154","459","32.6","583","601","1184","29","18","47","612","619","1231","3.8"
"70037","Matrice","MOLISE","Campobasso","CB","86030","41.6131","14.7108","690","20.4","551","541","1092","12","6","18","563","547","1110","1.6"
"70038","Mirabello Sannitico","MOLISE","Campobasso","CB","86010","41.5163","14.6748","600","21.4","1066","1046","2112","22","23","45","1088","1069","2157","2.1"
"70039","Molise","MOLISE","Campobasso","CB","86020","41.6308","14.4937","868","5.2","73","89","162","0","0","0","73","89","162","0.0"
"70040","Monacilioni","MOLISE","Campobasso","CB","86040","41.6123","14.81","590","27.1","285","254","539","9","5","14","294","259","553","2.5"
"70041","Montagano","MOLISE","Campobasso","CB","86023","41.6473","14.672","801","26.5","602","539","1141","6","3","9","608","542","1150","0.8"
"70042","Montecilfone","MOLISE","Campobasso","CB","86032","41.9009","14.8396","405","22.8","696","658","1354","34","35","69","730","693","1423","4.8"
"70043","Montefalcone nel Sannio","MOLISE","Campobasso","CB","86033","41.8688","14.6386","659","32.2","819","820","1639","6","5","11","825","825","1650","0.7"
"70044","Montelongo","MOLISE","Campobasso","CB","86040","41.7373","14.9503","591","12.7","190","187","377","3","4","7","193","191","384","1.8"
"70045","Montemitro","MOLISE","Campobasso","CB","86030","41.888","14.6462","508","16.1","204","208","412","22","20","42","226","228","454","9.3"
"70046","Montenero di Bisaccia","MOLISE","Campobasso","CB","86036","41.9575","14.7813","273","93.0","3138","3126","6264","202","183","385","3340","3309","6649","5.8"
"70047","Montorio nei Frentani","MOLISE","Campobasso","CB","86040","41.7593","14.9307","654","31.7","233","226","459","3","4","7","236","230","466","1.5"
"70048","Morrone del Sannio","MOLISE","Campobasso","CB","86040","41.7099","14.7835","839","45.7","318","326","644","3","1","4","321","327","648","0.6"
"70049","Oratino","MOLISE","Campobasso","CB","86010","41.5827","14.584","795","18.0","763","775","1538","14","8","22","777","783","1560","1.4"
"70050","Palata","MOLISE","Campobasso","CB","86037","41.8901","14.7847","520","43.6","882","837","1719","34","16","50","916","853","1769","2.8"
"70051","Petacciato","MOLISE","Campobasso","CB","86038","42.0144","14.8599","225","35.0","1765","1754","3519","72","47","119","1837","1801","3638","3.3"
"70052","Petrella Tifernina","MOLISE","Campobasso","CB","86024","41.6928","14.6981","651","26.4","632","551","1183","13","10","23","645","561","1206","1.9"
"70053","Pietracatella","MOLISE","Campobasso","CB","86040","41.5801","14.8714","666","49.9","751","662","1413","15","5","20","766","667","1433","1.4"
"70054","Pietracupa","MOLISE","Campobasso","CB","86020","41.6826","14.5199","695","10.0","115","109","224","4","0","4","119","109","228","1.8"
"70055","Portocannone","MOLISE","Campobasso","CB","86045","41.9173","15.0095","148","12.9","1210","1181","2391","90","68","158","1300","1249","2549","6.2"
"70056","Provvidenti","MOLISE","Campobasso","CB","86040","41.7273","14.828","570","14.0","53","68","121","1","0","1","54","68","122","0.8"
"70057","Riccia","MOLISE","Campobasso","CB","86016","41.4827","14.8308","710","69.8","2728","2612","5340","36","27","63","2764","2639","5403","1.2"
"70058","Ripabottoni","MOLISE","Campobasso","CB","86040","41.6894","14.8571","654","31.9","271","258","529","11","4","15","282","262","544","2.8"
"70059","Ripalimosani","MOLISE","Campobasso","CB","86025","41.6118","14.6639","640","33.8","1455","1471","2926","24","22","46","1479","1493","2972","1.5"
"70060","Roccavivara","MOLISE","Campobasso","CB","86020","41.8331","14.5967","650","20.9","435","395","830","5","5","10","440","400","840","1.2"
"70061","Rotello","MOLISE","Campobasso","CB","86040","41.7464","15.0062","360","70.2","624","568","1192","13","14","27","637","582","1219","2.2"
"70062","Salcito","MOLISE","Campobasso","CB","86026","41.7544","14.5073","678","28.1","321","354","675","16","4","20","337","358","695","2.9"
"70063","San Biase","MOLISE","Campobasso","CB","86020","41.7162","14.592","804","11.8","105","100","205","3","1","4","108","101","209","1.9"
"70064","San Felice del Molise","MOLISE","Campobasso","CB","86030","41.8906","14.6968","548","24.2","344","329","673","13","8","21","357","337","694","3.0"
"70065","San Giacomo degli Schiavoni","MOLISE","Campobasso","CB","86030","41.9639","14.9467","169","11.0","700","674","1374","24","12","36","724","686","1410","2.6"
"70066","San Giovanni in Galdo","MOLISE","Campobasso","CB","86010","41.5916","14.7523","552","19.4","330","279","609","10","5","15","340","284","624","2.4"
"70067","San Giuliano del Sannio","MOLISE","Campobasso","CB","86010","41.4566","14.6401","621","23.9","509","491","1000","29","21","50","538","512","1050","4.8"
"70068","San Giuliano di Puglia","MOLISE","Campobasso","CB","86040","41.6841","15.0441","452","41.9","557","497","1054","3","0","3","560","497","1057","0.3"
"70069","San Martino in Pensilis","MOLISE","Campobasso","CB","86046","41.8593","15.0441","281","100.3","2385","2219","4604","92","101","193","2477","2320","4797","4.0"
"70070","San Massimo","MOLISE","Campobasso","CB","86027","41.4922","14.4106","630","27.6","381","436","817","10","9","19","391","445","836","2.3"
"70071","San Polo Matese","MOLISE","Campobasso","CB","86020","41.459","14.4931","730","17.6","218","228","446","8","4","12","226","232","458","2.6"
"70072","Santa Croce di Magliano","MOLISE","Campobasso","CB","86047","41.7114","14.987","608","52.6","2328","2171","4499","96","97","193","2424","2268","4692","4.1"
"70073","Sant'Angelo Limosano","MOLISE","Campobasso","CB","86020","41.693","14.6042","894","16.8","178","166","344","2","2","4","180","168","348","1.1"
"70074","Sant'Elia a Pianisi","MOLISE","Campobasso","CB","86048","41.6215","14.8752","666","67.8","963","929","1892","10","8","18","973","937","1910","0.9"
"70075","Sepino","MOLISE","Campobasso","CB","86017","41.4096","14.6241","698","62.6","933","1010","1943","28","14","42","961","1024","1985","2.1"
"70076","Spinete","MOLISE","Campobasso","CB","86020","41.5467","14.4894","600","17.6","680","662","1342","18","13","31","698","675","1373","2.3"
"70077","Tavenna","MOLISE","Campobasso","CB","86030","41.9076","14.7647","550","22.0","423","375","798","12","5","17","435","380","815","2.1"
"70078","Termoli","MOLISE","Campobasso","CB","86039","42.0005","14.9953","15","55.1","16190","15602","31792","627","374","1001","16817","15976","32793","3.1"
"70079","Torella del Sannio","MOLISE","Campobasso","CB","86028","41.6399","14.5247","837","16.6","399","393","792","2","0","2","401","393","794","0.3"
"70080","Toro","MOLISE","Campobasso","CB","86018","41.57","14.7647","588","24.0","717","693","1410","24","16","40","741","709","1450","2.8"
"70081","Trivento","MOLISE","Campobasso","CB","86029","41.7836","14.552","599","73.3","2419","2336","4755","38","19","57","2457","2355","4812","1.2"
"70082","Tufara","MOLISE","Campobasso","CB","86010","41.4819","14.9469","420","35.2","501","469","970","6","2","8","507","471","978","0.8"
"70083","Ururi","MOLISE","Campobasso","CB","86049","41.804","15.0207","262","31.4","1398","1243","2641","86","66","152","1484","1309","2793","5.4"
"70084","Vinchiaturo","MOLISE","Campobasso","CB","86019","41.4939","14.5896","620","35.5","1599","1583","3182","39","17","56","1638","1600","3238","1.7"
"71001","Accadia","PUGLIA","Foggia","FG","71021","41.1764","15.3248","650","30.5","1233","1120","2353","33","32","65","1266","1152","2418","2.7"
"71002","Alberona","PUGLIA","Foggia","FG","71031","41.4322","15.1242","732","49.3","519","472","991","5","6","11","524","478","1002","1.1"
"71003","Anzano di Puglia","PUGLIA","Foggia","FG","71020","41.1188","15.2915","760","11.1","830","764","1594","16","7","23","846","771","1617","1.4"
"71004","Apricena","PUGLIA","Foggia","FG","71011","41.7837","15.4444","73","171.5","6538","6315","12853","288","294","582","6826","6609","13435","4.3"
"71005","Ascoli Satriano","PUGLIA","Foggia","FG","71022","41.2033","15.5627","393","334.6","3018","2995","6013","102","79","181","3120","3074","6194","2.9"
"71006","Biccari","PUGLIA","Foggia","FG","71032","41.3985","15.1981","450","106.3","1419","1373","2792","41","39","80","1460","1412","2872","2.8"
"71007","Bovino","PUGLIA","Foggia","FG","71023","41.2485","15.3395","620","84.1","1811","1657","3468","54","40","94","1865","1697","3562","2.6"
"71008","Cagnano Varano","PUGLIA","Foggia","FG","71010","41.8296","15.7728","165","158.8","3700","3673","7373","48","30","78","3748","3703","7451","1.0"
"71009","Candela","PUGLIA","Foggia","FG","71024","41.1349","15.5149","474","96.0","1313","1283","2596","54","43","97","1367","1326","2693","3.6"
"71010","Carapelle","PUGLIA","Foggia","FG","71041","41.3577","15.6823","62","24.9","2977","2931","5908","315","301","616","3292","3232","6524","9.4"
"71011","Carlantino","PUGLIA","Foggia","FG","71030","41.5975","14.9743","558","34.3","525","490","1015","15","10","25","540","500","1040","2.4"
"71012","Carpino","PUGLIA","Foggia","FG","71010","41.8449","15.8582","147","82.5","2107","2008","4115","98","92","190","2205","2100","4305","4.4"
"71013","Casalnuovo Monterotaro","PUGLIA","Foggia","FG","71033","41.6198","15.1046","432","48.1","829","778","1607","30","26","56","859","804","1663","3.4"
"71014","Casalvecchio di Puglia","PUGLIA","Foggia","FG","71030","41.596","15.111","465","31.7","966","914","1880","29","30","59","995","944","1939","3.0"
"71015","Castelluccio dei Sauri","PUGLIA","Foggia","FG","71025","41.305","15.4788","284","51.3","977","968","1945","93","81","174","1070","1049","2119","8.2"
"71016","Castelluccio Valmaggiore","PUGLIA","Foggia","FG","71020","41.3421","15.2012","630","26.7","693","628","1321","7","3","10","700","631","1331","0.8"
"71017","Castelnuovo della Daunia","PUGLIA","Foggia","FG","71034","41.584","15.1204","543","61.0","792","728","1520","20","17","37","812","745","1557","2.4"
"71018","Celenza Valfortore","PUGLIA","Foggia","FG","71035","41.5605","14.9829","480","66.5","857","812","1669","28","27","55","885","839","1724","3.2"
"71019","Celle di San Vito","PUGLIA","Foggia","FG","71020","41.3223","15.1805","726","18.2","86","83","169","2","1","3","88","84","172","1.7"
"71020","Cerignola","PUGLIA","Foggia","FG","71042","41.2657","15.8939","120","593.7","28157","27288","55445","655","553","1208","28812","27841","56653","2.1"
"71021","Chieuti","PUGLIA","Foggia","FG","71010","41.8824","15.161","221","60.9","851","847","1698","45","29","74","896","876","1772","4.2"
"71022","Deliceto","PUGLIA","Foggia","FG","71026","41.223","15.3862","575","75.7","1937","1858","3795","63","61","124","2000","1919","3919","3.2"
"71023","Faeto","PUGLIA","Foggia","FG","71020","41.3234","15.1627","820","26.2","333","306","639","3","2","5","336","308","644","0.8"
"71024","Foggia","PUGLIA","Foggia","FG","71100","41.4622","15.5446","76","507.8","75052","69290","144342","1563","1131","2694","76615","70421","147036","1.8"
"71025","Ischitella","PUGLIA","Foggia","FG","71010","41.8871","15.8995","310","87.4","2159","2058","4217","53","46","99","2212","2104","4316","2.3"
"71026","Isole Tremiti","PUGLIA","Foggia","FG","71040","42.1201","15.5038","70","3.1","187","246","433","14","8","22","201","254","455","4.8"
"71027","Lesina","PUGLIA","Foggia","FG","71010","41.8628","15.3532","5","159.7","3024","2984","6008","171","140","311","3195","3124","6319","4.9"
"71028","Lucera","PUGLIA","Foggia","FG","71036","41.5055","15.3385","219","338.6","17236","16307","33543","421","369","790","17657","16676","34333","2.3"
"71029","Manfredonia","PUGLIA","Foggia","FG","71043","41.6307","15.9165","5","352.1","28005","27618","55623","299","335","634","28304","27953","56257","1.1"
"71031","Mattinata","PUGLIA","Foggia","FG","71030","41.7106","16.0491","75","72.8","3160","3058","6218","96","46","142","3256","3104","6360","2.2"
"71032","Monteleone di Puglia","PUGLIA","Foggia","FG","71020","41.1653","15.2568","842","36.0","554","503","1057","6","4","10","560","507","1067","0.9"
"71033","Monte Sant'Angelo","PUGLIA","Foggia","FG","71037","41.7046","15.9677","796","242.8","6632","6328","12960","83","55","138","6715","6383","13098","1.1"
"71034","Motta Montecorvino","PUGLIA","Foggia","FG","71030","41.5078","15.116","662","19.7","393","366","759","5","4","9","398","370","768","1.2"
"71035","Orsara di Puglia","PUGLIA","Foggia","FG","71027","41.2782","15.2667","635","82.2","1457","1405","2862","31","21","52","1488","1426","2914","1.8"
"71036","Orta Nova","PUGLIA","Foggia","FG","71045","41.328","15.7093","69","103.8","8282","8124","16406","325","268","593","8607","8392","16999","3.5"
"71037","Panni","PUGLIA","Foggia","FG","71020","41.2024","15.278","801","32.6","456","396","852","1","5","6","457","401","858","0.7"
"71038","Peschici","PUGLIA","Foggia","FG","71010","41.9469","16.0128","90","48.9","2002","2062","4064","87","46","133","2089","2108","4197","3.2"
"71039","Pietramontecorvino","PUGLIA","Foggia","FG","71038","41.5432","15.1317","456","71.2","1411","1279","2690","29","26","55","1440","1305","2745","2.0"
"71040","Poggio Imperiale","PUGLIA","Foggia","FG","71010","41.8248","15.3673","73","52.4","1308","1279","2587","122","110","232","1430","1389","2819","8.2"
"71041","Rignano Garganico","PUGLIA","Foggia","FG","71010","41.6767","15.5876","590","88.9","1052","956","2008","101","91","192","1153","1047","2200","8.7"
"71042","Rocchetta Sant'Antonio","PUGLIA","Foggia","FG","71020","41.1035","15.461","633","71.9","984","925","1909","26","19","45","1010","944","1954","2.3"
"71043","Rodi Garganico","PUGLIA","Foggia","FG","71012","41.9298","15.886","42","13.2","1819","1738","3557","70","36","106","1889","1774","3663","2.9"
"71044","Roseto Valfortore","PUGLIA","Foggia","FG","71039","41.3743","15.0969","658","49.7","604","537","1141","5","3","8","609","540","1149","0.7"
"71046","San Giovanni Rotondo","PUGLIA","Foggia","FG","71013","41.7066","15.7292","566","259.6","13313","12750","26063","725","541","1266","14038","13291","27329","4.6"
"71047","San Marco in Lamis","PUGLIA","Foggia","FG","71014","41.7158","15.6346","550","232.8","7208","6879","14087","88","43","131","7296","6922","14218","0.9"
"71048","San Marco la Catola","PUGLIA","Foggia","FG","71030","41.526","15.0039","683","28.4","555","520","1075","6","1","7","561","521","1082","0.6"
"71049","San Nicandro Garganico","PUGLIA","Foggia","FG","71015","41.8354","15.5679","224","172.7","7978","7589","15567","195","165","360","8173","7754","15927","2.3"
"71050","San Paolo di Civitate","PUGLIA","Foggia","FG","71010","41.7404","15.2601","187","90.7","2866","2751","5617","175","143","318","3041","2894","5935","5.4"
"71051","San Severo","PUGLIA","Foggia","FG","71016","41.6854","15.3795","86","333.2","27386","26186","53572","703","631","1334","28089","26817","54906","2.4"
"71052","Sant'Agata di Puglia","PUGLIA","Foggia","FG","71028","41.1508","15.3822","794","115.8","1036","1010","2046","34","16","50","1070","1026","2096","2.4"
"71053","Serracapriola","PUGLIA","Foggia","FG","71010","41.8086","15.1599","270","143.1","1953","1866","3819","131","119","250","2084","1985","4069","6.1"
"71054","Stornara","PUGLIA","Foggia","FG","71047","41.2859","15.7682","107","33.7","2377","2320","4697","313","296","609","2690","2616","5306","11.5"
"71055","Stornarella","PUGLIA","Foggia","FG","71048","41.2557","15.7287","154","33.9","2323","2254","4577","249","196","445","2572","2450","5022","8.9"
"71056","Torremaggiore","PUGLIA","Foggia","FG","71017","41.6868","15.2926","169","208.6","8432","8137","16569","410","386","796","8842","8523","17365","4.6"
"71058","Troia","PUGLIA","Foggia","FG","71029","41.3598","15.3081","439","167.2","3637","3441","7078","140","112","252","3777","3553","7330","3.4"
"71059","Vico del Gargano","PUGLIA","Foggia","FG","71018","41.896","15.9596","445","110.5","3907","3738","7645","130","86","216","4037","3824","7861","2.7"
"71060","Vieste","PUGLIA","Foggia","FG","71019","41.8825","16.1767","43","167.5","6397","6397","12794","285","192","477","6682","6589","13271","3.6"
"71061","Volturara Appula","PUGLIA","Foggia","FG","71030","41.4963","15.0539","526","51.9","256","208","464","13","4","17","269","212","481","3.5"
"71062","Volturino","PUGLIA","Foggia","FG","71030","41.4776","15.1234","735","58.0","909","813","1722","30","29","59","939","842","1781","3.3"
"71063","Ordona","PUGLIA","Foggia","FG","71040","41.3112","15.6295","120","40.0","1199","1220","2419","118","117","235","1317","1337","2654","8.9"
"71064","Zapponeta","PUGLIA","Foggia","FG","71030","41.4544","15.8643","2","40.0","1493","1550","3043","143","140","283","1636","1690","3326","8.5"
"72001","Acquaviva delle Fonti","PUGLIA","Bari","BA","70021","40.8972","16.8454","300","131.0","10512","10004","20516","301","221","522","10813","10225","21038","2.5"
"72002","Adelfia","PUGLIA","Bari","BA","70010","41.0038","16.8722","154","29.7","8550","8262","16812","162","127","289","8712","8389","17101","1.7"
"72003","Alberobello","PUGLIA","Bari","BA","70011","40.7864","17.2409","428","40.3","5455","5170","10625","180","119","299","5635","5289","10924","2.7"
"72004","Altamura","PUGLIA","Bari","BA","70022","40.8254","16.5528","467","427.8","33775","32502","66277","1587","1665","3252","35362","34167","69529","4.7"
"72006","Bari","PUGLIA","Bari","BA","70100","41.1171","16.8719","5","116.2","161219","148009","309228","3944","2761","6705","165163","150770","315933","2.1"
"72008","Binetto","PUGLIA","Bari","BA","70020","41.0248","16.7103","179","17.6","1061","1086","2147","8","7","15","1069","1093","2162","0.7"
"72010","Bitetto","PUGLIA","Bari","BA","70020","41.0401","16.7481","139","33.6","5849","5790","11639","65","95","160","5914","5885","11799","1.4"
"72011","Bitonto","PUGLIA","Bari","BA","70032","41.1078","16.6911","118","172.8","28121","27108","55229","498","531","1029","28619","27639","56258","1.8"
"72012","Bitritto","PUGLIA","Bari","BA","70020","41.0422","16.8248","102","17.7","5398","5279","10677","116","85","201","5514","5364","10878","1.8"
"72014","Capurso","PUGLIA","Bari","BA","70010","41.0489","16.9193","74","14.9","7758","7516","15274","79","43","122","7837","7559","15396","0.8"
"72015","Casamassima","PUGLIA","Bari","BA","70010","40.9548","16.9185","223","77.4","9584","9347","18931","209","106","315","9793","9453","19246","1.6"
"72016","Cassano delle Murge","PUGLIA","Bari","BA","70020","40.8909","16.7691","341","89.4","6995","6728","13723","296","251","547","7291","6979","14270","3.8"
"72017","Castellana Grotte","PUGLIA","Bari","BA","70013","40.8838","17.1679","290","67.9","9755","9174","18929","257","154","411","10012","9328","19340","2.1"
"72018","Cellamare","PUGLIA","Bari","BA","70010","41.0204","16.9286","110","5.8","2729","2732","5461","24","6","30","2753","2738","5491","0.5"
"72019","Conversano","PUGLIA","Bari","BA","70014","40.9674","17.1171","219","126.9","12766","12284","25050","368","265","633","13134","12549","25683","2.5"
"72020","Corato","PUGLIA","Bari","BA","70033","41.1535","16.4132","232","167.7","24189","22824","47013","595","464","1059","24784","23288","48072","2.2"
"72021","Gioia del Colle","PUGLIA","Bari","BA","70023","40.7991","16.9222","360","206.5","13859","13100","26959","485","445","930","14344","13545","27889","3.3"
"72022","Giovinazzo","PUGLIA","Bari","BA","70054","41.1867","16.6736","7","43.7","10338","9877","20215","131","87","218","10469","9964","20433","1.1"
"72023","Gravina in Puglia","PUGLIA","Bari","BA","70024","40.8171","16.4185","338","381.3","21553","20931","42484","570","560","1130","22123","21491","43614","2.6"
"72024","Grumo Appula","PUGLIA","Bari","BA","70025","41.0135","16.7103","181","80.6","6420","6411","12831","62","47","109","6482","6458","12940","0.8"
"72025","Locorotondo","PUGLIA","Bari","BA","70010","40.7559","17.3263","410","47.5","7077","6652","13729","219","213","432","7296","6865","14161","3.1"
"72027","Modugno","PUGLIA","Bari","BA","70026","41.0827","16.7824","79","31.9","18535","17772","36307","536","689","1225","19071","18461","37532","3.3"
"72028","Mola di Bari","PUGLIA","Bari","BA","70042","41.063","17.0903","5","50.8","12782","12421","25203","221","143","364","13003","12564","25567","1.4"
"72029","Molfetta","PUGLIA","Bari","BA","70056","41.2028","16.5987","15","58.3","30483","28727","59210","615","608","1223","31098","29335","60433","2.0"
"72030","Monopoli","PUGLIA","Bari","BA","70043","40.9527","17.2994","9","156.4","24445","23274","47719","480","330","810","24925","23604","48529","1.7"
"72031","Noci","PUGLIA","Bari","BA","70015","40.7939","17.1259","420","148.8","9703","9190","18893","205","187","392","9908","9377","19285","2.0"
"72032","Noicattaro","PUGLIA","Bari","BA","70016","41.0335","16.9883","98","41.2","12505","12400","24905","416","389","805","12921","12789","25710","3.1"
"72033","Palo del Colle","PUGLIA","Bari","BA","70027","41.0557","16.7066","177","79.1","10736","10531","21267","154","134","288","10890","10665","21555","1.3"
"72034","Poggiorsini","PUGLIA","Bari","BA","70020","40.9147","16.2541","460","43.1","689","689","1378","18","22","40","707","711","1418","2.8"
"72035","Polignano a Mare","PUGLIA","Bari","BA","70044","40.9953","17.2189","24","62.5","8830","8347","17177","231","159","390","9061","8506","17567","2.2"
"72036","Putignano","PUGLIA","Bari","BA","70017","40.8544","17.1204","372","99.1","13694","13080","26774","191","118","309","13885","13198","27083","1.1"
"72037","Rutigliano","PUGLIA","Bari","BA","70018","41.0093","17.0036","125","53.2","8922","8730","17652","359","407","766","9281","9137","18418","4.2"
"72038","Ruvo di Puglia","PUGLIA","Bari","BA","70037","41.1173","16.4837","256","222.0","12742","12296","25038","307","317","624","13049","12613","25662","2.4"
"72039","Sammichele di Bari","PUGLIA","Bari","BA","70010","40.8873","16.9489","280","33.9","3406","3193","6599","56","60","116","3462","3253","6715","1.7"
"72040","Sannicandro di Bari","PUGLIA","Bari","BA","70028","41.0003","16.7996","183","56.0","4661","4731","9392","159","162","321","4820","4893","9713","3.3"
"72041","Santeramo in Colle","PUGLIA","Bari","BA","70029","40.7918","16.7529","489","143.4","13064","12749","25813","458","499","957","13522","13248","26770","3.6"
"72043","Terlizzi","PUGLIA","Bari","BA","70038","41.1301","16.5427","190","68.3","13290","13155","26445","274","267","541","13564","13422","26986","2.0"
"72044","Toritto","PUGLIA","Bari","BA","70020","40.9978","16.6794","369","74.6","4277","4104","8381","90","80","170","4367","4184","8551","2.0"
"72046","Triggiano","PUGLIA","Bari","BA","70019","41.0622","16.926","60","20.0","13623","13009","26632","226","149","375","13849","13158","27007","1.4"
"72047","Turi","PUGLIA","Bari","BA","70010","40.9176","17.0214","250","70.8","6291","6086","12377","208","163","371","6499","6249","12748","2.9"
"72048","Valenzano","PUGLIA","Bari","BA","70010","41.0438","16.8842","85","15.8","9003","8633","17636","144","117","261","9147","8750","17897","1.5"
"73001","Avetrana","PUGLIA","Taranto","TA","74020","40.3507","17.7267","62","73.2","3596","3349","6945","43","36","79","3639","3385","7024","1.1"
"73002","Carosino","PUGLIA","Taranto","TA","74021","40.4669","17.4014","72","10.8","3466","3307","6773","40","19","59","3506","3326","6832","0.9"
"73003","Castellaneta","PUGLIA","Taranto","TA","74011","40.628","16.9397","245","239.4","8717","8227","16944","108","73","181","8825","8300","17125","1.1"
"73004","Crispiano","PUGLIA","Taranto","TA","74012","40.6036","17.2286","243","111.8","6775","6641","13416","94","58","152","6869","6699","13568","1.1"
"73005","Faggiano","PUGLIA","Taranto","TA","74020","40.4217","17.387","36","20.9","1779","1725","3504","22","14","36","1801","1739","3540","1.0"
"73006","Fragagnano","PUGLIA","Taranto","TA","74022","40.428","17.4753","123","22.0","2716","2573","5289","33","31","64","2749","2604","5353","1.2"
"73007","Ginosa","PUGLIA","Taranto","TA","74013","40.5821","16.7573","240","187.0","11049","10957","22006","308","268","576","11357","11225","22582","2.6"
"73008","Grottaglie","PUGLIA","Taranto","TA","74023","40.538","17.4355","130","101.6","16392","15572","31964","320","219","539","16712","15791","32503","1.7"
"73009","Laterza","PUGLIA","Taranto","TA","74014","40.6249","16.7981","340","159.4","7653","7470","15123","96","77","173","7749","7547","15296","1.1"
"73010","Leporano","PUGLIA","Taranto","TA","74020","40.3821","17.3331","47","15.0","3832","3867","7699","64","39","103","3896","3906","7802","1.3"
"73011","Lizzano","PUGLIA","Taranto","TA","74020","40.39","17.4476","67","46.2","5165","4976","10141","56","41","97","5221","5017","10238","0.9"
"73012","Manduria","PUGLIA","Taranto","TA","74024","40.398","17.6377","79","178.1","15690","14635","30325","321","275","596","16011","14910","30921","1.9"
"73013","Martina Franca","PUGLIA","Taranto","TA","74015","40.7029","17.3393","431","295.5","24716","22933","47649","738","622","1360","25454","23555","49009","2.8"
"73014","Maruggio","PUGLIA","Taranto","TA","74020","40.3267","17.573","26","48.3","2694","2641","5335","50","26","76","2744","2667","5411","1.4"
"73015","Massafra","PUGLIA","Taranto","TA","74016","40.5911","17.1184","110","125.6","16091","15488","31579","430","372","802","16521","15860","32381","2.5"
"73016","Monteiasi","PUGLIA","Taranto","TA","74020","40.5","17.3822","47","9.7","2803","2686","5489","21","12","33","2824","2698","5522","0.6"
"73017","Montemesola","PUGLIA","Taranto","TA","74020","40.5637","17.3392","178","16.2","2066","1996","4062","19","7","26","2085","2003","4088","0.6"
"73018","Monteparano","PUGLIA","Taranto","TA","74020","40.4441","17.4136","128","3.7","1196","1174","2370","17","8","25","1213","1182","2395","1.0"
"73019","Mottola","PUGLIA","Taranto","TA","74017","40.6349","17.033","387","212.3","8246","7804","16050","98","93","191","8344","7897","16241","1.2"
"73020","Palagianello","PUGLIA","Taranto","TA","74018","40.6111","16.9738","133","43.2","3997","3815","7812","28","14","42","4025","3829","7854","0.5"
"73021","Palagiano","PUGLIA","Taranto","TA","74019","40.5791","17.036","39","68.9","8023","7875","15898","90","64","154","8113","7939","16052","1.0"
"73022","Pulsano","PUGLIA","Taranto","TA","74026","40.3846","17.3547","37","18.8","5506","5402","10908","85","69","154","5591","5471","11062","1.4"
"73023","Roccaforzata","PUGLIA","Taranto","TA","74020","40.4397","17.3938","145","5.7","923","892","1815","8","0","8","931","892","1823","0.4"
"73024","San Giorgio Ionico","PUGLIA","Taranto","TA","74027","40.458","17.3778","75","23.2","7897","7526","15423","134","119","253","8031","7645","15676","1.6"
"73025","San Marzano di San Giuseppe","PUGLIA","Taranto","TA","74020","40.4507","17.5079","134","19.0","4643","4527","9170","46","53","99","4689","4580","9269","1.1"
"73026","Sava","PUGLIA","Taranto","TA","74028","40.4037","17.5573","107","44.0","8424","7927","16351","81","69","150","8505","7996","16501","0.9"
"73027","Taranto","PUGLIA","Taranto","TA","74100","40.4658","17.2478","15","209.6","103646","94891","198537","1133","484","1617","104779","95375","200154","0.8"
"73028","Torricella","PUGLIA","Taranto","TA","74020","40.3545","17.5009","32","26.6","2079","2079","4158","40","35","75","2119","2114","4233","1.8"
"73029","Statte","PUGLIA","Taranto","TA","74010","40.5625","17.2088","115","92.7","7155","6987","14142","35","17","52","7190","7004","14194","0.4"
"74001","Brindisi","PUGLIA","Brindisi","BR","72100","40.6327","17.9418","13","328.5","45405","41735","87140","950","722","1672","46355","42457","88812","1.9"
"74002","Carovigno","PUGLIA","Brindisi","BR","72012","40.7023","17.6616","161","105.4","7955","7660","15615","162","119","281","8117","7779","15896","1.8"
"74003","Ceglie Messapica","PUGLIA","Brindisi","BR","72013","40.6443","17.5178","298","130.3","10381","9493","19874","208","127","335","10589","9620","20209","1.7"
"74004","Cellino San Marco","PUGLIA","Brindisi","BR","72020","40.4717","17.9655","58","37.5","3536","3215","6751","34","14","48","3570","3229","6799","0.7"
"74005","Cisternino","PUGLIA","Brindisi","BR","72014","40.7432","17.4249","393","54.0","5939","5561","11500","133","112","245","6072","5673","11745","2.1"
"74006","Erchie","PUGLIA","Brindisi","BR","72020","40.4391","17.7352","68","44.1","4497","4244","8741","19","12","31","4516","4256","8772","0.4"
"74007","Fasano","PUGLIA","Brindisi","BR","72015","40.8367","17.3609","118","129.0","19672","18689","38361","583","538","1121","20255","19227","39482","2.8"
"74008","Francavilla Fontana","PUGLIA","Brindisi","BR","72021","40.5305","17.5828","142","175.4","18922","17671","36593","228","134","362","19150","17805","36955","1.0"
"74009","Latiano","PUGLIA","Brindisi","BR","72022","40.5516","17.7175","97","54.7","7514","7108","14622","171","252","423","7685","7360","15045","2.8"
"74010","Mesagne","PUGLIA","Brindisi","BR","72023","40.5577","17.8102","72","122.6","14376","13028","27404","214","135","349","14590","13163","27753","1.3"
"74011","Oria","PUGLIA","Brindisi","BR","72024","40.4993","17.6389","154","83.5","7778","7274","15052","111","65","176","7889","7339","15228","1.2"
"74012","Ostuni","PUGLIA","Brindisi","BR","72017","40.7295","17.578","218","223.7","16260","14659","30919","503","438","941","16763","15097","31860","3.0"
"74013","San Donaci","PUGLIA","Brindisi","BR","72025","40.4475","17.9225","42","34.2","3535","3268","6803","42","24","66","3577","3292","6869","1.0"
"74014","San Michele Salentino","PUGLIA","Brindisi","BR","72018","40.6307","17.6356","153","26.2","3172","3021","6193","105","73","178","3277","3094","6371","2.8"
"74015","San Pancrazio Salentino","PUGLIA","Brindisi","BR","72026","40.4185","17.8403","62","56.0","5258","4920","10178","67","44","111","5325","4964","10289","1.1"
"74016","San Pietro Vernotico","PUGLIA","Brindisi","BR","72027","40.4875","17.9967","36","46.1","7310","6543","13853","82","39","121","7392","6582","13974","0.9"
"74017","San Vito dei Normanni","PUGLIA","Brindisi","BR","72019","40.6583","17.7065","108","66.4","10048","9278","19326","174","120","294","10222","9398","19620","1.5"
"74018","Torchiarolo","PUGLIA","Brindisi","BR","72020","40.4821","18.0536","28","32.2","2771","2641","5412","27","22","49","2798","2663","5461","0.9"
"74019","Torre Santa Susanna","PUGLIA","Brindisi","BR","72028","40.4641","17.7385","72","55.1","5515","5128","10643","40","20","60","5555","5148","10703","0.6"
"74020","Villa Castelli","PUGLIA","Brindisi","BR","72029","40.5828","17.4778","251","34.8","4399","4380","8779","106","73","179","4505","4453","8958","2.0"
"75001","Acquarica del Capo","PUGLIA","Lecce","LE","73040","39.9145","18.245","110","18.4","2487","2310","4797","64","37","101","2551","2347","4898","2.1"
"75002","Alessano","PUGLIA","Lecce","LE","73031","39.8895","18.3315","140","28.5","3415","3005","6420","37","23","60","3452","3028","6480","0.9"
"75003","Alezio","PUGLIA","Lecce","LE","73011","40.06","18.0534","75","16.5","2876","2680","5556","40","15","55","2916","2695","5611","1.0"
"75004","Alliste","PUGLIA","Lecce","LE","73040","39.9475","18.0862","54","23.5","3467","3127","6594","38","25","63","3505","3152","6657","0.9"
"75005","Andrano","PUGLIA","Lecce","LE","73032","39.9869","18.382","110","15.5","2549","2314","4863","57","42","99","2606","2356","4962","2.0"
"75006","Aradeo","PUGLIA","Lecce","LE","73040","40.1301","18.1309","75","8.5","4985","4649","9634","75","46","121","5060","4695","9755","1.2"
"75007","Arnesano","PUGLIA","Lecce","LE","73010","40.3365","18.0907","33","13.5","1980","1871","3851","56","46","102","2036","1917","3953","2.6"
"75008","Bagnolo del Salento","PUGLIA","Lecce","LE","73020","40.1495","18.352","96","6.8","970","902","1872","5","2","7","975","904","1879","0.4"
"75009","Botrugno","PUGLIA","Lecce","LE","73020","40.0643","18.3245","95","9.7","1477","1356","2833","12","6","18","1489","1362","2851","0.6"
"75010","Calimera","PUGLIA","Lecce","LE","73021","40.2467","18.2719","54","11.1","3777","3382","7159","71","34","105","3848","3416","7264","1.4"
"75011","Campi Salentina","PUGLIA","Lecce","LE","73012","40.3986","18.0154","33","45.1","5612","5074","10686","51","23","74","5663","5097","10760","0.7"
"75012","Cannole","PUGLIA","Lecce","LE","73020","40.1664","18.3661","100","20.0","885","824","1709","24","21","45","909","845","1754","2.6"
"75013","Caprarica di Lecce","PUGLIA","Lecce","LE","73010","40.2618","18.245","60","10.8","1343","1215","2558","17","7","24","1360","1222","2582","0.9"
"75014","Carmiano","PUGLIA","Lecce","LE","73041","40.3503","18.046","31","23.7","6135","5821","11956","93","47","140","6228","5868","12096","1.2"
"75015","Carpignano Salentino","PUGLIA","Lecce","LE","73020","40.198","18.3406","75","48.0","1867","1777","3644","23","18","41","1890","1795","3685","1.1"
"75016","Casarano","PUGLIA","Lecce","LE","73042","40.0114","18.1614","109","38.1","10545","9637","20182","164","143","307","10709","9780","20489","1.5"
"75017","Castri di Lecce","PUGLIA","Lecce","LE","73020","40.2731","18.2583","47","12.2","1493","1437","2930","27","18","45","1520","1455","2975","1.5"
"75018","Castrignano de' Greci","PUGLIA","Lecce","LE","73020","40.1733","18.2916","90","9.5","2095","1942","4037","22","11","33","2117","1953","4070","0.8"
"75019","Castrignano del Capo","PUGLIA","Lecce","LE","73040","39.8316","18.352","121","20.3","2731","2522","5253","62","19","81","2793","2541","5334","1.5"
"75020","Cavallino","PUGLIA","Lecce","LE","73020","40.3112","18.2015","36","22.3","6007","5722","11729","102","82","184","6109","5804","11913","1.5"
"75021","Collepasso","PUGLIA","Lecce","LE","73040","40.0718","18.1713","119","12.7","3297","3024","6321","20","11","31","3317","3035","6352","0.5"
"75022","Copertino","PUGLIA","Lecce","LE","73043","40.2696","18.0605","34","57.8","12211","11308","23519","184","167","351","12395","11475","23870","1.5"
"75023","Corigliano d'Otranto","PUGLIA","Lecce","LE","73022","40.1612","18.2567","97","28.1","2985","2686","5671","52","48","100","3037","2734","5771","1.7"
"75024","Corsano","PUGLIA","Lecce","LE","73033","39.888","18.3657","121","9.1","2786","2788","5574","43","15","58","2829","2803","5632","1.0"
"75025","Cursi","PUGLIA","Lecce","LE","73020","40.151","18.3168","91","8.2","2146","2041","4187","27","37","64","2173","2078","4251","1.5"
"75026","Cutrofiano","PUGLIA","Lecce","LE","73020","40.1253","18.2052","85","55.7","4736","4358","9094","53","35","88","4789","4393","9182","1.0"
"75027","Diso","PUGLIA","Lecce","LE","73030","40.0092","18.3922","99","11.6","1618","1425","3043","23","7","30","1641","1432","3073","1.0"
"75028","Gagliano del Capo","PUGLIA","Lecce","LE","73034","39.8482","18.3706","144","16.1","2771","2569","5340","40","22","62","2811","2591","5402","1.1"
"75029","Galatina","PUGLIA","Lecce","LE","73013","40.1758","18.1725","75","81.6","14162","12731","26893","195","126","321","14357","12857","27214","1.2"
"75030","Galatone","PUGLIA","Lecce","LE","73044","40.1507","18.071","60","46.5","8177","7461","15638","73","43","116","8250","7504","15754","0.7"
"75031","Gallipoli","PUGLIA","Lecce","LE","73014","40.0559","17.9926","12","40.4","10369","9802","20171","142","85","227","10511","9887","20398","1.1"
"75032","Giuggianello","PUGLIA","Lecce","LE","73030","40.0953","18.3695","79","10.1","635","603","1238","7","4","11","642","607","1249","0.9"
"75033","Giurdignano","PUGLIA","Lecce","LE","73020","40.1228","18.4317","78","13.8","983","929","1912","11","5","16","994","934","1928","0.8"
"75034","Guagnano","PUGLIA","Lecce","LE","73010","40.4012","17.9514","44","37.8","3039","2807","5846","24","30","54","3063","2837","5900","0.9"
"75035","Lecce","PUGLIA","Lecce","LE","73100","40.3515","18.1748","49","238.4","46142","39688","85830","2175","1911","4086","48317","41599","89916","4.5"
"75036","Lequile","PUGLIA","Lecce","LE","73010","40.3065","18.1405","38","36.4","4338","4039","8377","134","113","247","4472","4152","8624","2.9"
"75037","Leverano","PUGLIA","Lecce","LE","73045","40.2977","17.9948","39","48.8","7042","6712","13754","155","160","315","7197","6872","14069","2.2"
"75038","Lizzanello","PUGLIA","Lecce","LE","73023","40.3046","18.2214","45","25.0","5862","5571","11433","71","45","116","5933","5616","11549","1.0"
"75039","Maglie","PUGLIA","Lecce","LE","73024","40.1179","18.2987","81","22.4","7801","6800","14601","144","74","218","7945","6874","14819","1.5"
"75040","Martano","PUGLIA","Lecce","LE","73025","40.2025","18.3026","91","21.8","4813","4414","9227","61","32","93","4874","4446","9320","1.0"
"75041","Martignano","PUGLIA","Lecce","LE","73020","40.2414","18.2567","90","6.4","860","852","1712","12","6","18","872","858","1730","1.0"
"75042","Matino","PUGLIA","Lecce","LE","73046","40.0335","18.1336","75","26.3","5957","5511","11468","122","114","236","6079","5625","11704","2.0"
"75043","Melendugno","PUGLIA","Lecce","LE","73026","40.2715","18.3363","36","91.1","4871","4635","9506","95","45","140","4966","4680","9646","1.5"
"75044","Melissano","PUGLIA","Lecce","LE","73040","39.9697","18.1171","59","12.4","3743","3498","7241","42","24","66","3785","3522","7307","0.9"
"75045","Melpignano","PUGLIA","Lecce","LE","73020","40.1562","18.2932","89","10.9","1135","1055","2190","11","8","19","1146","1063","2209","0.9"
"75046","Miggiano","PUGLIA","Lecce","LE","73035","39.9657","18.3152","107","7.6","1934","1697","3631","35","18","53","1969","1715","3684","1.4"
"75047","Minervino di Lecce","PUGLIA","Lecce","LE","73027","40.0914","18.42","98","17.9","1964","1724","3688","28","13","41","1992","1737","3729","1.1"
"75048","Monteroni di Lecce","PUGLIA","Lecce","LE","73047","40.3253","18.1023","35","16.5","6981","6442","13423","239","219","458","7220","6661","13881","3.3"
"75049","Montesano Salentino","PUGLIA","Lecce","LE","73030","39.975","18.3225","106","8.5","1354","1304","2658","14","5","19","1368","1309","2677","0.7"
"75050","Morciano di Leuca","PUGLIA","Lecce","LE","73040","39.8502","18.3115","130","13.4","1779","1569","3348","43","25","68","1822","1594","3416","2.0"
"75051","Muro Leccese","PUGLIA","Lecce","LE","73036","40.1037","18.337","82","16.5","2621","2411","5032","38","21","59","2659","2432","5091","1.2"
"75052","Nardò","PUGLIA","Lecce","LE","73048","40.1762","18.0281","45","190.5","16347","14893","31240","265","183","448","16612","15076","31688","1.4"
"75053","Neviano","PUGLIA","Lecce","LE","73040","40.1069","18.1164","108","16.1","2863","2604","5467","30","17","47","2893","2621","5514","0.9"
"75054","Nociglia","PUGLIA","Lecce","LE","73020","40.0392","18.3261","102","10.9","1297","1147","2444","11","1","12","1308","1148","2456","0.5"
"75055","Novoli","PUGLIA","Lecce","LE","73051","40.373","18.0538","37","17.8","4312","3763","8075","61","75","136","4373","3838","8211","1.7"
"75056","Ortelle","PUGLIA","Lecce","LE","73030","40.0346","18.3911","99","10.0","1220","1112","2332","19","8","27","1239","1120","2359","1.1"
"75057","Otranto","PUGLIA","Lecce","LE","73028","40.1439","18.4912","15","76.2","2878","2633","5511","72","39","111","2950","2672","5622","2.0"
"75058","Palmariggi","PUGLIA","Lecce","LE","73020","40.1322","18.3808","99","8.8","779","760","1539","12","3","15","791","763","1554","1.0"
"75059","Parabita","PUGLIA","Lecce","LE","73052","40.051","18.1253","80","20.8","4802","4392","9194","78","51","129","4880","4443","9323","1.4"
"75060","Patù","PUGLIA","Lecce","LE","73053","39.8422","18.3371","124","8.5","897","798","1695","20","6","26","917","804","1721","1.5"
"75061","Poggiardo","PUGLIA","Lecce","LE","73037","40.0604","18.3733","86","19.8","3164","2819","5983","75","61","136","3239","2880","6119","2.2"
"75062","Presicce","PUGLIA","Lecce","LE","73054","39.9016","18.2627","104","24.1","2873","2610","5483","63","43","106","2936","2653","5589","1.9"
"75063","Racale","PUGLIA","Lecce","LE","73055","39.9585","18.0943","55","24.5","5457","5118","10575","87","72","159","5544","5190","10734","1.5"
"75064","Ruffano","PUGLIA","Lecce","LE","73049","39.9829","18.249","127","38.8","5039","4566","9605","119","130","249","5158","4696","9854","2.5"
"75065","Salice Salentino","PUGLIA","Lecce","LE","73015","40.3834","17.8939","48","59.0","4401","4127","8528","68","46","114","4469","4173","8642","1.3"
"75066","Salve","PUGLIA","Lecce","LE","73050","39.8589","18.2972","130","32.8","2405","2179","4584","82","71","153","2487","2250","4737","3.2"
"75067","Sanarica","PUGLIA","Lecce","LE","73030","40.0896","18.3473","78","12.8","771","714","1485","7","11","18","778","725","1503","1.2"
"75068","San Cesario di Lecce","PUGLIA","Lecce","LE","73016","40.3051","18.164","42","8.0","4208","3833","8041","106","150","256","4314","3983","8297","3.1"
"75069","San Donato di Lecce","PUGLIA","Lecce","LE","73010","40.265","18.1837","79","21.2","3010","2716","5726","48","18","66","3058","2734","5792","1.1"
"75070","Sannicola","PUGLIA","Lecce","LE","73017","40.0939","18.0639","75","27.3","3049","2759","5808","56","38","94","3105","2797","5902","1.6"
"75071","San Pietro in Lama","PUGLIA","Lecce","LE","73010","40.3052","18.1247","43","7.9","1877","1635","3512","41","47","88","1918","1682","3600","2.4"
"75072","Santa Cesarea Terme","PUGLIA","Lecce","LE","73020","40.0352","18.4559","25","26.5","1595","1359","2954","42","36","78","1637","1395","3032","2.6"
"75073","Scorrano","PUGLIA","Lecce","LE","73020","40.0936","18.3005","95","34.9","3559","3367","6926","31","18","49","3590","3385","6975","0.7"
"75074","Seclì","PUGLIA","Lecce","LE","73050","40.1313","18.1051","74","8.7","1006","913","1919","3","1","4","1009","914","1923","0.2"
"75075","Sogliano Cavour","PUGLIA","Lecce","LE","73010","40.1471","18.1966","75","5.2","2072","1955","4027","24","14","38","2096","1969","4065","0.9"
"75076","Soleto","PUGLIA","Lecce","LE","73010","40.1915","18.2109","89","30.0","2818","2612","5430","63","49","112","2881","2661","5542","2.0"
"75077","Specchia","PUGLIA","Lecce","LE","73040","39.9412","18.3","131","24.7","2460","2311","4771","25","11","36","2485","2322","4807","0.7"
"75078","Spongano","PUGLIA","Lecce","LE","73038","40.0211","18.361","96","12.1","1933","1708","3641","41","60","101","1974","1768","3742","2.7"
"75079","Squinzano","PUGLIA","Lecce","LE","73018","40.435","18.0422","48","29.3","7548","6849","14397","57","28","85","7605","6877","14482","0.6"
"75080","Sternatia","PUGLIA","Lecce","LE","73010","40.2245","18.2251","75","16.5","1294","1116","2410","14","2","16","1308","1118","2426","0.7"
"75081","Supersano","PUGLIA","Lecce","LE","73040","40.0133","18.2436","106","36.2","2245","2155","4400","42","67","109","2287","2222","4509","2.4"
"75082","Surano","PUGLIA","Lecce","LE","73030","40.0226","18.3356","105","8.9","887","767","1654","27","17","44","914","784","1698","2.6"
"75083","Surbo","PUGLIA","Lecce","LE","73010","40.3953","18.135","52","20.3","7546","7118","14664","77","108","185","7623","7226","14849","1.2"
"75084","Taurisano","PUGLIA","Lecce","LE","73056","39.9581","18.213","110","23.3","6489","6079","12568","50","25","75","6539","6104","12643","0.6"
"75085","Taviano","PUGLIA","Lecce","LE","73057","39.9791","18.0852","58","21.2","6329","5844","12173","175","144","319","6504","5988","12492","2.6"
"75086","Tiggiano","PUGLIA","Lecce","LE","73030","39.9051","18.3687","128","7.5","1463","1447","2910","14","7","21","1477","1454","2931","0.7"
"75087","Trepuzzi","PUGLIA","Lecce","LE","73019","40.4044","18.0716","55","23.7","7442","6680","14122","97","58","155","7539","6738","14277","1.1"
"75088","Tricase","PUGLIA","Lecce","LE","73039","39.9302","18.3584","98","42.6","9074","8411","17485","125","55","180","9199","8466","17665","1.0"
"75089","Tuglie","PUGLIA","Lecce","LE","73058","40.0788","18.0967","74","8.4","2718","2451","5169","66","29","95","2784","2480","5264","1.8"
"75090","Ugento","PUGLIA","Lecce","LE","73059","39.9271","18.1615","108","98.7","6099","5718","11817","109","75","184","6208","5793","12001","1.5"
"75091","Uggiano la Chiesa","PUGLIA","Lecce","LE","73020","40.1003","18.4542","77","14.3","2328","2078","4406","51","22","73","2379","2100","4479","1.6"
"75092","Veglie","PUGLIA","Lecce","LE","73010","40.3352","17.9666","47","61.4","7377","6758","14135","100","69","169","7477","6827","14304","1.2"
"75093","Vernole","PUGLIA","Lecce","LE","73029","40.2866","18.3008","38","60.6","3789","3458","7247","33","16","49","3822","3474","7296","0.7"
"75094","Zollino","PUGLIA","Lecce","LE","73010","40.2068","18.2516","90","9.9","1068","969","2037","11","10","21","1079","979","2058","1.0"
"75095","San Cassiano","PUGLIA","Lecce","LE","73020","40.0563","18.3338","90","8.6","1065","1017","2082","11","12","23","1076","1029","2105","1.1"
"75096","Castro","PUGLIA","Lecce","LE","73030","40.0034","18.4233","89","4.4","1294","1155","2449","13","11","24","1307","1166","2473","1.0"
"75097","Porto Cesareo","PUGLIA","Lecce","LE","73010","40.2604","17.8931","1","34.7","2657","2576","5233","115","100","215","2772","2676","5448","3.9"
"76001","Abriola","BASILICATA","Potenza","PZ","85010","40.5074","15.8139","957","96.6","805","749","1554","10","7","17","815","756","1571","1.1"
"76002","Acerenza","BASILICATA","Potenza","PZ","85011","40.7962","15.943","833","77.1","1262","1214","2476","46","31","77","1308","1245","2553","3.0"
"76003","Albano di Lucania","BASILICATA","Potenza","PZ","85010","40.5871","16.0371","899","55.2","718","742","1460","6","8","14","724","750","1474","0.9"
"76004","Anzi","BASILICATA","Potenza","PZ","85010","40.5167","15.9213","1.008","76.7","913","847","1760","2","3","5","915","850","1765","0.3"
"76005","Armento","BASILICATA","Potenza","PZ","85010","40.3061","16.0657","710","58.5","326","326","652","24","3","27","350","329","679","4.0"
"76006","Atella","BASILICATA","Potenza","PZ","85020","40.8758","15.657","500","88.3","1914","1886","3800","36","27","63","1950","1913","3863","1.6"
"76007","Avigliano","BASILICATA","Potenza","PZ","85021","40.7299","15.7146","800","84.9","6001","5626","11627","100","69","169","6101","5695","11796","1.4"
"76008","Balvano","BASILICATA","Potenza","PZ","85050","40.6509","15.5119","425","41.7","891","949","1840","15","6","21","906","955","1861","1.1"
"76009","Banzi","BASILICATA","Potenza","PZ","85010","40.8622","16.0129","568","82.4","690","693","1383","14","9","23","704","702","1406","1.6"
"76010","Baragiano","BASILICATA","Potenza","PZ","85050","40.68","15.5933","625","29.5","1323","1261","2584","43","48","91","1366","1309","2675","3.4"
"76011","Barile","BASILICATA","Potenza","PZ","85022","40.9475","15.6738","600","24.6","1463","1329","2792","72","41","113","1535","1370","2905","3.9"
"76012","Bella","BASILICATA","Potenza","PZ","85051","40.759","15.5378","662","99.4","2529","2484","5013","117","110","227","2646","2594","5240","4.3"
"76013","Brienza","BASILICATA","Potenza","PZ","85050","40.4764","15.6276","713","82.7","2018","1988","4006","39","37","76","2057","2025","4082","1.9"
"76014","Brindisi Montagna","BASILICATA","Potenza","PZ","85010","40.6104","15.9393","800","59.8","436","468","904","13","8","21","449","476","925","2.3"
"76015","Calvello","BASILICATA","Potenza","PZ","85010","40.475","15.8505","730","105.0","1007","908","1915","23","15","38","1030","923","1953","1.9"
"76016","Calvera","BASILICATA","Potenza","PZ","85030","40.149","16.1431","630","15.8","218","211","429","1","0","1","219","211","430","0.2"
"76017","Campomaggiore","BASILICATA","Potenza","PZ","85010","40.5648","16.0704","795","12.2","425","416","841","3","7","10","428","423","851","1.2"
"76018","Cancellara","BASILICATA","Potenza","PZ","85010","40.7306","15.9257","680","42.1","682","696","1378","13","5","18","695","701","1396","1.3"
"76019","Carbone","BASILICATA","Potenza","PZ","85030","40.1416","16.0868","690","47.8","353","345","698","7","0","7","360","345","705","1.0"
"76020","San Paolo Albanese","BASILICATA","Potenza","PZ","85030","40.024","16.3346","800","29.9","165","134","299","4","3","7","169","137","306","2.3"
"76021","Castelgrande","BASILICATA","Potenza","PZ","85050","40.7894","15.4331","950","34.5","512","499","1011","7","0","7","519","499","1018","0.7"
"76022","Castelluccio Inferiore","BASILICATA","Potenza","PZ","85040","40.0014","15.9823","495","28.8","1105","1030","2135","28","16","44","1133","1046","2179","2.0"
"76023","Castelluccio Superiore","BASILICATA","Potenza","PZ","85040","40.0101","15.973","680","32.3","445","407","852","5","3","8","450","410","860","0.9"
"76024","Castelmezzano","BASILICATA","Potenza","PZ","85010","40.5286","16.0455","750","33.6","432","414","846","6","0","6","438","414","852","0.7"
"76025","Castelsaraceno","BASILICATA","Potenza","PZ","85031","40.1635","15.9925","916","74.2","745","721","1466","12","2","14","757","723","1480","0.9"
"76026","Castronuovo di Sant'Andrea","BASILICATA","Potenza","PZ","85030","40.1901","16.1841","650","46.9","593","519","1112","18","8","26","611","527","1138","2.3"
"76027","Cersosimo","BASILICATA","Potenza","PZ","85030","40.0478","16.3501","548","24.7","361","350","711","4","3","7","365","353","718","1.0"
"76028","Chiaromonte","BASILICATA","Potenza","PZ","85032","40.1208","16.2169","794","70.6","993","947","1940","14","0","14","1007","947","1954","0.7"
"76029","Corleto Perticara","BASILICATA","Potenza","PZ","85012","40.3804","16.0415","757","89.0","1317","1250","2567","21","19","40","1338","1269","2607","1.5"
"76030","Episcopia","BASILICATA","Potenza","PZ","85033","40.0729","16.0992","530","28.7","710","728","1438","19","10","29","729","738","1467","2.0"
"76031","Fardella","BASILICATA","Potenza","PZ","85034","40.1133","16.1696","745","27.3","314","303","617","4","4","8","318","307","625","1.3"
"76032","Filiano","BASILICATA","Potenza","PZ","85020","40.8101","15.7084","597","70.8","1560","1504","3064","16","9","25","1576","1513","3089","0.8"
"76033","Forenza","BASILICATA","Potenza","PZ","85023","40.8549","15.8611","836","115.6","1054","1089","2143","32","34","66","1086","1123","2209","3.0"
"76034","Francavilla in Sinni","BASILICATA","Potenza","PZ","85034","40.041","16.2169","421","49.0","2115","2077","4192","55","35","90","2170","2112","4282","2.1"
"76035","Gallicchio","BASILICATA","Potenza","PZ","85010","40.2913","16.1373","730","23.5","433","453","886","8","0","8","441","453","894","0.9"
"76036","Genzano di Lucania","BASILICATA","Potenza","PZ","85013","40.849","16.0322","587","207.0","2939","2838","5777","82","56","138","3021","2894","5915","2.3"
"76037","Grumento Nova","BASILICATA","Potenza","PZ","85050","40.2875","15.8905","771","66.2","863","794","1657","31","16","47","894","810","1704","2.8"
"76038","Guardia Perticara","BASILICATA","Potenza","PZ","85010","40.361","16.099","750","53.0","306","261","567","7","6","13","313","267","580","2.2"
"76039","Lagonegro","BASILICATA","Potenza","PZ","85042","40.1756","15.7586","666","112.4","2931","2710","5641","53","31","84","2984","2741","5725","1.5"
"76040","Latronico","BASILICATA","Potenza","PZ","85043","40.0881","16.0103","888","76.0","2410","2267","4677","40","31","71","2450","2298","4748","1.5"
"76041","Laurenzana","BASILICATA","Potenza","PZ","85014","40.4595","15.9699","850","95.3","1004","932","1936","6","2","8","1010","934","1944","0.4"
"76042","Lauria","BASILICATA","Potenza","PZ","85044","40.0512","15.8387","430","175.7","6704","6444","13148","84","30","114","6788","6474","13262","0.9"
"76043","Lavello","BASILICATA","Potenza","PZ","85024","41.0482","15.7886","313","132.9","6584","6571","13155","218","217","435","6802","6788","13590","3.2"
"76044","Maratea","BASILICATA","Potenza","PZ","85046","39.9985","15.7185","300","67.3","2576","2468","5044","78","28","106","2654","2496","5150","2.1"
"76045","Marsico Nuovo","BASILICATA","Potenza","PZ","85052","40.4222","15.7335","865","101.0","2265","2037","4302","42","14","56","2307","2051","4358","1.3"
"76046","Marsicovetere","BASILICATA","Potenza","PZ","85050","40.3767","15.8173","1.037","37.8","2568","2619","5187","92","62","154","2660","2681","5341","2.9"
"76047","Maschito","BASILICATA","Potenza","PZ","85020","40.9116","15.8173","595","45.5","884","816","1700","19","11","30","903","827","1730","1.7"
"76048","Melfi","BASILICATA","Potenza","PZ","85025","40.9933","15.6531","530","205.2","8564","8318","16882","285","258","543","8849","8576","17425","3.1"
"76049","Missanello","BASILICATA","Potenza","PZ","85010","40.2844","16.1672","604","22.3","289","249","538","5","5","10","294","254","548","1.8"
"76050","Moliterno","BASILICATA","Potenza","PZ","85047","40.24","15.8691","879","97.7","2141","1977","4118","44","20","64","2185","1997","4182","1.5"
"76051","Montemilone","BASILICATA","Potenza","PZ","85020","41.0307","15.9699","320","113.4","845","827","1672","30","23","53","875","850","1725","3.1"
"76052","Montemurro","BASILICATA","Potenza","PZ","85053","40.3022","15.9935","723","56.5","665","634","1299","10","3","13","675","637","1312","1.0"
"76053","Muro Lucano","BASILICATA","Potenza","PZ","85054","40.7538","15.4865","600","125.8","2802","2701","5503","43","22","65","2845","2723","5568","1.2"
"76054","Nemoli","BASILICATA","Potenza","PZ","85040","40.0654","15.7986","421","19.8","772","723","1495","12","5","17","784","728","1512","1.1"
"76055","Noepoli","BASILICATA","Potenza","PZ","85035","40.0874","16.3278","676","51.5","501","445","946","26","2","28","527","447","974","2.9"
"76056","Oppido Lucano","BASILICATA","Potenza","PZ","85015","40.7649","15.991","670","54.7","1917","1868","3785","37","38","75","1954","1906","3860","1.9"
"76057","Palazzo San Gervasio","BASILICATA","Potenza","PZ","85026","40.932","15.9878","485","62.3","2431","2375","4806","116","105","221","2547","2480","5027","4.4"
"76058","Pescopagano","BASILICATA","Potenza","PZ","85020","40.8357","15.398","954","69.1","1023","970","1993","20","9","29","1043","979","2022","1.4"
"76059","Picerno","BASILICATA","Potenza","PZ","85055","40.6414","15.6439","721","78.3","2963","3038","6001","50","29","79","3013","3067","6080","1.3"
"76060","Pietragalla","BASILICATA","Potenza","PZ","85016","40.7464","15.8849","839","65.7","2151","2058","4209","38","20","58","2189","2078","4267","1.4"
"76061","Pietrapertosa","BASILICATA","Potenza","PZ","85010","40.5162","16.063","1.088","67.2","565","536","1101","5","2","7","570","538","1108","0.6"
"76062","Pignola","BASILICATA","Potenza","PZ","85010","40.5754","15.7817","926","55.5","3351","3295","6646","35","18","53","3386","3313","6699","0.8"
"76063","Potenza","BASILICATA","Potenza","PZ","85100","40.6404","15.8056","819","174.0","34149","31912","66061","509","207","716","34658","32119","66777","1.1"
"76064","Rapolla","BASILICATA","Potenza","PZ","85027","40.9766","15.6738","450","29.1","2202","2157","4359","41","30","71","2243","2187","4430","1.6"
"76065","Rapone","BASILICATA","Potenza","PZ","85020","40.8462","15.4991","838","29.1","539","466","1005","6","2","8","545","468","1013","0.8"
"76066","Rionero in Vulture","BASILICATA","Potenza","PZ","85028","40.9264","15.6697","656","53.2","6627","6408","13035","226","183","409","6853","6591","13444","3.0"
"76067","Ripacandida","BASILICATA","Potenza","PZ","85020","40.912","15.7213","620","33.2","892","826","1718","13","2","15","905","828","1733","0.9"
"76068","Rivello","BASILICATA","Potenza","PZ","85040","40.0873","15.7469","479","68.9","1449","1357","2806","22","15","37","1471","1372","2843","1.3"
"76069","Roccanova","BASILICATA","Potenza","PZ","85036","40.2132","16.2049","648","61.6","835","778","1613","16","15","31","851","793","1644","1.9"
"76070","Rotonda","BASILICATA","Potenza","PZ","85048","39.9525","16.039","580","42.3","1726","1723","3449","42","28","70","1768","1751","3519","2.0"
"76071","Ruoti","BASILICATA","Potenza","PZ","85056","40.7106","15.6999","751","55.1","1780","1744","3524","7","11","18","1787","1755","3542","0.5"
"76072","Ruvo del Monte","BASILICATA","Potenza","PZ","85020","40.8477","15.5405","638","32.2","544","530","1074","19","6","25","563","536","1099","2.3"
"76073","San Chirico Nuovo","BASILICATA","Potenza","PZ","85010","40.6773","16.0775","745","23.2","729","733","1462","7","6","13","736","739","1475","0.9"
"76074","San Chirico Raparo","BASILICATA","Potenza","PZ","85030","40.1921","16.0768","780","83.0","585","558","1143","17","1","18","602","559","1161","1.6"
"76075","San Costantino Albanese","BASILICATA","Potenza","PZ","85030","40.0392","16.3042","650","37.4","389","373","762","10","6","16","399","379","778","2.1"
"76076","San Fele","BASILICATA","Potenza","PZ","85020","40.8193","15.5402","937","96.6","1596","1513","3109","39","20","59","1635","1533","3168","1.9"
"76077","San Martino d'Agri","BASILICATA","Potenza","PZ","85030","40.2401","16.0525","666","50.3","411","398","809","9","7","16","420","405","825","1.9"
"76078","San Severino Lucano","BASILICATA","Potenza","PZ","85030","40.0213","16.1353","877","61.1","836","814","1650","12","5","17","848","819","1667","1.0"
"76079","Sant'Angelo Le Fratte","BASILICATA","Potenza","PZ","85050","40.5456","15.558","560","23.0","708","707","1415","22","20","42","730","727","1457","2.9"
"76080","Sant'Arcangelo","BASILICATA","Potenza","PZ","85037","40.2567","16.2727","388","89.5","3166","3134","6300","120","86","206","3286","3220","6506","3.2"
"76081","Sarconi","BASILICATA","Potenza","PZ","85050","40.2487","15.8893","636","30.5","669","665","1334","17","11","28","686","676","1362","2.1"
"76082","Sasso di Castalda","BASILICATA","Potenza","PZ","85050","40.4828","15.6779","949","45.2","408","416","824","7","0","7","415","416","831","0.8"
"76083","Satriano di Lucania","BASILICATA","Potenza","PZ","85050","40.5408","15.6397","653","33.0","1190","1141","2331","39","36","75","1229","1177","2406","3.1"
"76084","Savoia di Lucania","BASILICATA","Potenza","PZ","85050","40.5695","15.5516","720","32.3","560","575","1135","11","2","13","571","577","1148","1.1"
"76085","Senise","BASILICATA","Potenza","PZ","85038","40.1754","16.3228","335","96.6","3510","3490","7000","73","54","127","3583","3544","7127","1.8"
"76086","Spinoso","BASILICATA","Potenza","PZ","85039","40.2711","15.9677","649","37.8","795","745","1540","12","3","15","807","748","1555","1.0"
"76087","Teana","BASILICATA","Potenza","PZ","85032","40.1252","16.1518","806","19.6","340","302","642","3","0","3","343","302","645","0.5"
"76088","Terranova di Pollino","BASILICATA","Potenza","PZ","85030","39.9786","16.2963","926","112.3","662","650","1312","10","2","12","672","652","1324","0.9"
"76089","Tito","BASILICATA","Potenza","PZ","85050","40.5829","15.6767","650","70.6","3488","3490","6978","110","84","194","3598","3574","7172","2.7"
"76090","Tolve","BASILICATA","Potenza","PZ","85017","40.6959","16.0189","568","127.8","1635","1669","3304","29","28","57","1664","1697","3361","1.7"
"76091","Tramutola","BASILICATA","Potenza","PZ","85057","40.3155","15.792","650","36.5","1613","1511","3124","20","11","31","1633","1522","3155","1.0"
"76092","Trecchina","BASILICATA","Potenza","PZ","85049","40.0261","15.7776","500","37.7","1190","1103","2293","22","7","29","1212","1110","2322","1.2"
"76093","Trivigno","BASILICATA","Potenza","PZ","85018","40.5721","15.9817","735","25.9","365","339","704","5","5","10","370","344","714","1.4"
"76094","Vaglio Basilicata","BASILICATA","Potenza","PZ","85010","40.6685","15.9187","954","43.0","1069","972","2041","16","17","33","1085","989","2074","1.6"
"76095","Venosa","BASILICATA","Potenza","PZ","85029","40.9608","15.8154","415","169.3","5941","5859","11800","208","159","367","6149","6018","12167","3.0"
"76096","Vietri di Potenza","BASILICATA","Potenza","PZ","85058","40.5998","15.5068","405","52.0","1450","1448","2898","13","6","19","1463","1454","2917","0.7"
"76097","Viggianello","BASILICATA","Potenza","PZ","85040","39.9732","16.0844","500","119.8","1583","1518","3101","17","6","23","1600","1524","3124","0.7"
"76098","Viggiano","BASILICATA","Potenza","PZ","85059","40.347","15.8996","975","89.0","1525","1510","3035","44","43","87","1569","1553","3122","2.8"
"76099","Ginestra","BASILICATA","Potenza","PZ","85020","40.9304","15.7297","564","13.2","356","375","731","7","3","10","363","378","741","1.3"
"76100","Paterno","BASILICATA","Potenza","PZ","85050","40.3797","15.7344","634","39.3","1738","1641","3379","22","22","44","1760","1663","3423","1.3"
"77001","Accettura","BASILICATA","Matera","MT","75011","40.4892","16.1463","770","89.3","984","974","1958","14","8","22","998","982","1980","1.1"
"77002","Aliano","BASILICATA","Matera","MT","75010","40.3138","16.2302","555","96.3","524","489","1013","38","31","69","562","520","1082","6.4"
"77003","Bernalda","BASILICATA","Matera","MT","75012","40.411","16.6896","126","126.7","5943","5768","11711","255","298","553","6198","6066","12264","4.5"
"77004","Calciano","BASILICATA","Matera","MT","75010","40.5879","16.1932","420","48.7","387","402","789","2","5","7","389","407","796","0.9"
"77005","Cirigliano","BASILICATA","Matera","MT","75010","40.3926","16.1718","656","14.9","197","158","355","5","1","6","202","159","361","1.7"
"77006","Colobraro","BASILICATA","Matera","MT","75021","40.2016","16.417","630","65.9","676","645","1321","15","6","21","691","651","1342","1.6"
"77007","Craco","BASILICATA","Matera","MT","75010","40.369","16.4288","391","76.3","375","371","746","10","10","20","385","381","766","2.6"
"77008","Ferrandina","BASILICATA","Matera","MT","75013","40.4985","16.4571","497","215.6","4457","4365","8822","100","51","151","4557","4416","8973","1.7"
"77009","Garaguso","BASILICATA","Matera","MT","75010","40.5477","16.2265","492","38.6","562","556","1118","11","5","16","573","561","1134","1.4"
"77010","Gorgoglione","BASILICATA","Matera","MT","75010","40.3951","16.1424","800","34.2","492","499","991","30","32","62","522","531","1053","5.9"
"77011","Grassano","BASILICATA","Matera","MT","75014","40.6327","16.2857","576","41.1","2651","2643","5294","65","36","101","2716","2679","5395","1.9"
"77012","Grottole","BASILICATA","Matera","MT","75010","40.5977","16.3876","482","115.9","1207","1138","2345","12","14","26","1219","1152","2371","1.1"
"77013","Irsina","BASILICATA","Matera","MT","75022","40.7446","16.2287","548","262.2","2496","2437","4933","86","81","167","2582","2518","5100","3.3"
"77014","Matera","BASILICATA","Matera","MT","75100","40.6664","16.6043","401","388.1","29651","28365","58016","1053","727","1780","30704","29092","59796","3.0"
"77015","Miglionico","BASILICATA","Matera","MT","75010","40.5695","16.5021","461","88.9","1269","1226","2495","24","24","48","1293","1250","2543","1.9"
"77016","Montalbano Jonico","BASILICATA","Matera","MT","75023","40.292","16.5673","288","132.9","3629","3571","7200","120","107","227","3749","3678","7427","3.1"
"77017","Montescaglioso","BASILICATA","Matera","MT","75024","40.5573","16.6643","352","173.3","4852","4816","9668","197","237","434","5049","5053","10102","4.3"
"77018","Nova Siri","BASILICATA","Matera","MT","75020","40.1491","16.5383","355","52.1","3277","3163","6440","88","68","156","3365","3231","6596","2.4"
"77019","Oliveto Lucano","BASILICATA","Matera","MT","75010","40.536","16.1848","546","31.5","254","238","492","1","1","2","255","239","494","0.4"
"77020","Pisticci","BASILICATA","Matera","MT","75015","40.3901","16.5529","364","231.4","8623","8315","16938","246","177","423","8869","8492","17361","2.4"
"77021","Policoro","BASILICATA","Matera","MT","75025","40.2141","16.6797","25","67.3","7896","7528","15424","300","252","552","8196","7780","15976","3.5"
"77022","Pomarico","BASILICATA","Matera","MT","75016","40.5142","16.5484","454","128.7","2092","2057","4149","47","42","89","2139","2099","4238","2.1"
"77023","Rotondella","BASILICATA","Matera","MT","75026","40.1703","16.5244","576","76.9","1317","1255","2572","64","71","135","1381","1326","2707","5.0"
"77024","Salandra","BASILICATA","Matera","MT","75017","40.5264","16.3196","552","77.1","1467","1430","2897","19","18","37","1486","1448","2934","1.3"
"77025","San Giorgio Lucano","BASILICATA","Matera","MT","75027","40.1145","16.3911","416","38.9","625","622","1247","26","17","43","651","639","1290","3.3"
"77026","San Mauro Forte","BASILICATA","Matera","MT","75010","40.4862","16.2487","540","86.9","856","840","1696","12","2","14","868","842","1710","0.8"
"77027","Stigliano","BASILICATA","Matera","MT","75018","40.4026","16.2303","909","210.0","2434","2177","4611","48","26","74","2482","2203","4685","1.6"
"77028","Tricarico","BASILICATA","Matera","MT","75019","40.6178","16.1473","698","176.9","2860","2739","5599","41","29","70","2901","2768","5669","1.2"
"77029","Tursi","BASILICATA","Matera","MT","75028","40.2813","16.417","210","156.1","2459","2430","4889","132","130","262","2591","2560","5151","5.1"
"77030","Valsinni","BASILICATA","Matera","MT","75029","40.1702","16.4417","250","32.0","807","770","1577","43","14","57","850","784","1634","3.5"
"77031","Scanzano Jonico","BASILICATA","Matera","MT","75020","40.2484","16.698","21","71.5","3413","3413","6826","162","183","345","3575","3596","7171","4.8"
"78001","Acquaformosa","CALABRIA","Cosenza","CS","87010","39.7239","16.0917","756","22.6","573","559","1132","19","10","29","592","569","1161","2.5"
"78002","Acquappesa","CALABRIA","Cosenza","CS","87020","39.4971","15.9533","80","14.4","951","907","1858","34","18","52","985","925","1910","2.7"
"78003","Acri","CALABRIA","Cosenza","CS","87041","39.4887","16.3829","720","198.6","10737","10249","20986","254","218","472","10991","10467","21458","2.2"
"78004","Aiello Calabro","CALABRIA","Cosenza","CS","87031","39.1172","16.1668","502","38.6","957","921","1878","24","5","29","981","926","1907","1.5"
"78005","Aieta","CALABRIA","Cosenza","CS","87020","39.9285","15.8232","524","48.0","408","419","827","9","3","12","417","422","839","1.4"
"78006","Albidona","CALABRIA","Cosenza","CS","87070","39.9236","16.4759","810","63.7","731","728","1459","4","0","4","735","728","1463","0.3"
"78007","Alessandria del Carretto","CALABRIA","Cosenza","CS","87070","39.9595","16.3808","1.000","39.3","255","273","528","1","1","2","256","274","530","0.4"
"78008","Altilia","CALABRIA","Cosenza","CS","87040","39.1312","16.2526","594","10.7","337","394","731","4","2","6","341","396","737","0.8"
"78009","Altomonte","CALABRIA","Cosenza","CS","87042","39.6982","16.1304","455","65.3","2122","2112","4234","61","46","107","2183","2158","4341","2.5"
"78010","Amantea","CALABRIA","Cosenza","CS","87032","39.1358","16.073","50","28.6","6865","6559","13424","222","108","330","7087","6667","13754","2.4"
"78011","Amendolara","CALABRIA","Cosenza","CS","87071","39.9532","16.5466","227","64.2","1472","1457","2929","49","23","72","1521","1480","3001","2.4"
"78012","Aprigliano","CALABRIA","Cosenza","CS","87051","39.2193","16.4759","718","121.3","1492","1405","2897","43","28","71","1535","1433","2968","2.4"
"78013","Belmonte Calabro","CALABRIA","Cosenza","CS","87033","39.1621","16.0835","262","23.9","996","949","1945","37","25","62","1033","974","2007","3.1"
"78014","Belsito","CALABRIA","Cosenza","CS","87030","39.1738","16.2865","600","11.4","476","463","939","10","9","19","486","472","958","2.0"
"78015","Belvedere Marittimo","CALABRIA","Cosenza","CS","87021","39.6214","15.8652","150","37.2","4649","4256","8905","130","85","215","4779","4341","9120","2.4"
"78016","Bianchi","CALABRIA","Cosenza","CS","87050","39.0981","16.411","825","33.0","674","685","1359","3","5","8","677","690","1367","0.6"
"78017","Bisignano","CALABRIA","Cosenza","CS","87043","39.5126","16.287","350","85.3","5007","4946","9953","202","180","382","5209","5126","10335","3.7"
"78018","Bocchigliero","CALABRIA","Cosenza","CS","87060","39.4177","16.7538","870","97.1","780","681","1461","12","6","18","792","687","1479","1.2"
"78019","Bonifati","CALABRIA","Cosenza","CS","87020","39.585","15.8981","425","33.7","1504","1386","2890","16","6","22","1520","1392","2912","0.8"
"78020","Buonvicino","CALABRIA","Cosenza","CS","87020","39.6902","15.8839","400","30.4","1207","1133","2340","7","7","14","1214","1140","2354","0.6"
"78021","Calopezzati","CALABRIA","Cosenza","CS","87060","39.5613","16.8026","217","22.3","647","603","1250","28","15","43","675","618","1293","3.3"
"78022","Caloveto","CALABRIA","Cosenza","CS","87060","39.5066","16.7594","385","24.9","624","651","1275","8","0","8","632","651","1283","0.6"
"78023","Campana","CALABRIA","Cosenza","CS","87061","39.4124","16.8225","612","103.8","970","955","1925","32","5","37","1002","960","1962","1.9"
"78024","Canna","CALABRIA","Cosenza","CS","87070","40.0944","16.5051","417","20.1","399","367","766","11","8","19","410","375","785","2.4"
"78025","Cariati","CALABRIA","Cosenza","CS","87062","39.4964","16.9241","50","28.0","4148","3990","8138","293","213","506","4441","4203","8644","5.9"
"78026","Carolei","CALABRIA","Cosenza","CS","87030","39.2512","16.2186","624","15.4","1710","1699","3409","34","19","53","1744","1718","3462","1.5"
"78027","Carpanzano","CALABRIA","Cosenza","CS","87050","39.1481","16.3061","600","14.3","151","147","298","2","0","2","153","147","300","0.7"
"78028","Casole Bruzio","CALABRIA","Cosenza","CS","87050","39.2831","16.3317","647","3.7","1304","1245","2549","19","7","26","1323","1252","2575","1.0"
"78029","Cassano all'Ionio","CALABRIA","Cosenza","CS","87011","39.7686","16.3699","250","154.4","8433","8122","16555","384","342","726","8817","8464","17281","4.2"
"78030","Castiglione Cosentino","CALABRIA","Cosenza","CS","87040","39.3517","16.289","400","13.8","1487","1452","2939","12","27","39","1499","1479","2978","1.3"
"78031","Castrolibero","CALABRIA","Cosenza","CS","87040","39.3088","16.1942","559","11.4","4995","4856","9851","77","39","116","5072","4895","9967","1.2"
"78032","Castroregio","CALABRIA","Cosenza","CS","87070","39.9836","16.4759","819","39.1","173","168","341","2","2","4","175","170","345","1.2"
"78033","Castrovillari","CALABRIA","Cosenza","CS","87012","39.8154","16.1998","362","130.2","11247","10484","21731","479","305","784","11726","10789","22515","3.5"
"78034","Celico","CALABRIA","Cosenza","CS","87053","39.3094","16.3387","750","99.0","1356","1391","2747","75","61","136","1431","1452","2883","4.7"
"78035","Cellara","CALABRIA","Cosenza","CS","87050","39.2148","16.3493","750","5.9","260","244","504","5","2","7","265","246","511","1.4"
"78036","Cerchiara di Calabria","CALABRIA","Cosenza","CS","87070","39.8587","16.3843","650","82.1","1157","1192","2349","59","59","118","1216","1251","2467","4.8"
"78037","Cerisano","CALABRIA","Cosenza","CS","87044","39.2738","16.1774","610","15.1","1631","1580","3211","40","20","60","1671","1600","3271","1.8"
"78038","Cervicati","CALABRIA","Cosenza","CS","87010","39.5429","16.1282","485","12.1","442","434","876","6","6","12","448","440","888","1.4"
"78039","Cerzeto","CALABRIA","Cosenza","CS","87040","39.51","16.1168","450","21.9","666","648","1314","9","5","14","675","653","1328","1.1"
"78040","Cetraro","CALABRIA","Cosenza","CS","87022","39.5165","15.9409","120","65.7","5116","4979","10095","118","47","165","5234","5026","10260","1.6"
"78041","Civita","CALABRIA","Cosenza","CS","87010","39.8288","16.3113","450","27.1","479","457","936","12","8","20","491","465","956","2.1"
"78042","Cleto","CALABRIA","Cosenza","CS","87030","39.0903","16.1574","250","18.6","610","656","1266","30","24","54","640","680","1320","4.1"
"78043","Colosimi","CALABRIA","Cosenza","CS","87050","39.1239","16.47","870","24.4","669","632","1301","11","1","12","680","633","1313","0.9"
"78044","Corigliano Calabro","CALABRIA","Cosenza","CS","87064","39.5942","16.5201","210","196.0","18679","18074","36753","971","777","1748","19650","18851","38501","4.5"
"78045","Cosenza","CALABRIA","Cosenza","CS","87100","39.2983","16.2537","238","37.2","35166","31266","66432","1860","1192","3052","37026","32458","69484","4.4"
"78046","Cropalati","CALABRIA","Cosenza","CS","87060","39.5161","16.7254","384","32.9","528","547","1075","12","10","22","540","557","1097","2.0"
"78047","Crosia","CALABRIA","Cosenza","CS","87060","39.5836","16.7765","230","21.4","4456","4429","8885","354","242","596","4810","4671","9481","6.3"
"78048","Diamante","CALABRIA","Cosenza","CS","87023","39.6773","15.818","25","11.8","2561","2382","4943","65","47","112","2626","2429","5055","2.2"
"78049","Dipignano","CALABRIA","Cosenza","CS","87045","39.2379","16.2532","720","23.2","2214","2118","4332","66","42","108","2280","2160","4440","2.4"
"78050","Domanico","CALABRIA","Cosenza","CS","87030","39.2198","16.2057","730","23.7","473","450","923","15","5","20","488","455","943","2.1"
"78051","Fagnano Castello","CALABRIA","Cosenza","CS","87013","39.564","16.0549","516","29.5","2040","1857","3897","27","25","52","2067","1882","3949","1.3"
"78052","Falconara Albanese","CALABRIA","Cosenza","CS","87030","39.2755","16.0933","602","18.8","703","699","1402","3","0","3","706","699","1405","0.2"
"78053","Figline Vegliaturo","CALABRIA","Cosenza","CS","87050","39.2251","16.3291","705","4.1","561","517","1078","11","8","19","572","525","1097","1.7"
"78054","Firmo","CALABRIA","Cosenza","CS","87010","39.7218","16.1712","370","11.5","1067","1072","2139","32","13","45","1099","1085","2184","2.1"
"78055","Fiumefreddo Bruzio","CALABRIA","Cosenza","CS","87030","39.2338","16.0698","220","30.6","1521","1518","3039","20","19","39","1541","1537","3078","1.3"
"78056","Francavilla Marittima","CALABRIA","Cosenza","CS","87072","39.8187","16.3885","273","32.9","1458","1316","2774","121","130","251","1579","1446","3025","8.3"
"78057","Frascineto","CALABRIA","Cosenza","CS","87010","39.834","16.2612","486","28.8","1111","1060","2171","40","28","68","1151","1088","2239","3.0"
"78058","Fuscaldo","CALABRIA","Cosenza","CS","87024","39.413","16.0267","350","60.4","4013","3923","7936","79","57","136","4092","3980","8072","1.7"
"78059","Grimaldi","CALABRIA","Cosenza","CS","87034","39.1372","16.2325","650","24.4","883","850","1733","5","1","6","888","851","1739","0.3"
"78060","Grisolia","CALABRIA","Cosenza","CS","87020","39.7234","15.8546","465","50.6","1153","1106","2259","31","20","51","1184","1126","2310","2.2"
"78061","Guardia Piemontese","CALABRIA","Cosenza","CS","87020","39.4912","16.0229","515","21.3","931","917","1848","32","15","47","963","932","1895","2.5"
"78062","Lago","CALABRIA","Cosenza","CS","87035","39.1678","16.1525","485","49.8","1358","1297","2655","27","7","34","1385","1304","2689","1.3"
"78063","Laino Borgo","CALABRIA","Cosenza","CS","87014","39.9525","15.975","271","56.7","1039","960","1999","18","10","28","1057","970","2027","1.4"
"78064","Laino Castello","CALABRIA","Cosenza","CS","87015","39.9409","15.9765","545","39.3","459","411","870","5","4","9","464","415","879","1.0"
"78065","Lappano","CALABRIA","Cosenza","CS","87050","39.3186","16.3147","650","12.2","487","478","965","12","9","21","499","487","986","2.1"
"78066","Lattarico","CALABRIA","Cosenza","CS","87010","39.4643","16.138","406","43.0","2020","1981","4001","34","23","57","2054","2004","4058","1.4"
"78067","Longobardi","CALABRIA","Cosenza","CS","87030","39.2156","16.0783","325","19.5","1105","1105","2210","28","18","46","1133","1123","2256","2.0"
"78068","Longobucco","CALABRIA","Cosenza","CS","87066","39.4493","16.6103","784","210.4","1727","1702","3429","23","27","50","1750","1729","3479","1.4"
"78069","Lungro","CALABRIA","Cosenza","CS","87010","39.7496","16.1169","600","35.2","1237","1240","2477","25","15","40","1262","1255","2517","1.6"
"78070","Luzzi","CALABRIA","Cosenza","CS","87040","39.4468","16.2925","376","77.2","4705","4581","9286","156","126","282","4861","4707","9568","2.9"
"78071","Maierà","CALABRIA","Cosenza","CS","87020","39.7162","15.8503","360","17.8","604","606","1210","11","10","21","615","616","1231","1.7"
"78072","Malito","CALABRIA","Cosenza","CS","87030","39.1547","16.2489","728","16.9","402","400","802","9","1","10","411","401","812","1.2"
"78073","Malvito","CALABRIA","Cosenza","CS","87010","39.597","16.0517","449","37.8","886","918","1804","36","27","63","922","945","1867","3.4"
"78074","Mandatoriccio","CALABRIA","Cosenza","CS","87060","39.4671","16.8333","561","36.8","1377","1388","2765","84","51","135","1461","1439","2900","4.7"
"78075","Mangone","CALABRIA","Cosenza","CS","87050","39.2033","16.3342","805","12.1","896","882","1778","29","16","45","925","898","1823","2.5"
"78076","Marano Marchesato","CALABRIA","Cosenza","CS","87040","39.3129","16.1687","550","5.1","1735","1693","3428","29","17","46","1764","1710","3474","1.3"
"78077","Marano Principato","CALABRIA","Cosenza","CS","87040","39.2997","16.1739","496","6.4","1545","1534","3079","29","11","40","1574","1545","3119","1.3"
"78078","Marzi","CALABRIA","Cosenza","CS","87050","39.1726","16.3066","530","15.6","496","490","986","6","4","10","502","494","996","1.0"
"78079","Mendicino","CALABRIA","Cosenza","CS","87040","39.2688","16.1971","500","35.3","4615","4525","9140","66","32","98","4681","4557","9238","1.1"
"78080","Mongrassano","CALABRIA","Cosenza","CS","87040","39.5273","16.1156","540","34.7","840","794","1634","14","13","27","854","807","1661","1.6"
"78081","Montalto Uffugo","CALABRIA","Cosenza","CS","87046","39.4067","16.1573","430","78.4","8919","8671","17590","308","270","578","9227","8941","18168","3.2"
"78082","Montegiordano","CALABRIA","Cosenza","CS","87070","40.0433","16.5334","619","35.6","992","944","1936","34","18","52","1026","962","1988","2.6"
"78083","Morano Calabro","CALABRIA","Cosenza","CS","87016","39.843","16.138","694","112.3","2278","2269","4547","44","24","68","2322","2293","4615","1.5"
"78084","Mormanno","CALABRIA","Cosenza","CS","87026","39.8625","15.9935","840","75.9","1660","1565","3225","28","11","39","1688","1576","3264","1.2"
"78085","Mottafollone","CALABRIA","Cosenza","CS","87010","39.6501","16.0647","384","30.8","632","623","1255","9","10","19","641","633","1274","1.5"
"78086","Nocara","CALABRIA","Cosenza","CS","87070","40.0977","16.484","859","33.8","204","211","415","4","3","7","208","214","422","1.7"
"78087","Oriolo","CALABRIA","Cosenza","CS","87073","40.0518","16.4484","450","83.5","1234","1111","2345","24","17","41","1258","1128","2386","1.7"
"78088","Orsomarso","CALABRIA","Cosenza","CS","87020","39.8005","15.9347","120","89.9","655","668","1323","11","4","15","666","672","1338","1.1"
"78089","Paludi","CALABRIA","Cosenza","CS","87060","39.5283","16.6804","430","42.0","567","545","1112","10","12","22","577","557","1134","1.9"
"78090","Panettieri","CALABRIA","Cosenza","CS","87050","39.0609","16.4542","937","14.7","179","161","340","2","3","5","181","164","345","1.4"
"78091","Paola","CALABRIA","Cosenza","CS","87027","39.3602","16.0408","94","42.5","8252","7776","16028","229","159","388","8481","7935","16416","2.4"
"78092","Papasidero","CALABRIA","Cosenza","CS","87020","39.864","15.9112","208","54.6","386","411","797","9","2","11","395","413","808","1.4"
"78093","Parenti","CALABRIA","Cosenza","CS","87040","39.1627","16.4114","798","37.6","1114","1115","2229","7","13","20","1121","1128","2249","0.9"
"78094","Paterno Calabro","CALABRIA","Cosenza","CS","87040","39.2271","16.2641","680","23.8","647","696","1343","11","12","23","658","708","1366","1.7"
"78095","Pedace","CALABRIA","Cosenza","CS","87050","39.2754","16.337","598","51.5","965","978","1943","34","21","55","999","999","1998","2.8"
"78096","Pedivigliano","CALABRIA","Cosenza","CS","87050","39.1099","16.3039","580","16.6","450","412","862","9","7","16","459","419","878","1.8"
"78097","Piane Crati","CALABRIA","Cosenza","CS","87050","39.2362","16.3221","609","2.3","721","680","1401","7","6","13","728","686","1414","0.9"
"78098","Pietrafitta","CALABRIA","Cosenza","CS","87050","39.2618","16.3406","700","9.2","684","673","1357","14","6","20","698","679","1377","1.5"
"78099","Pietrapaola","CALABRIA","Cosenza","CS","87060","39.4862","16.8147","375","52.2","579","559","1138","26","9","35","605","568","1173","3.0"
"78100","Plataci","CALABRIA","Cosenza","CS","87070","39.9011","16.4298","930","50.4","398","413","811","11","8","19","409","421","830","2.3"
"78101","Praia a Mare","CALABRIA","Cosenza","CS","87028","39.8934","15.7831","5","22.9","3339","3027","6366","75","55","130","3414","3082","6496","2.0"
"78102","Rende","CALABRIA","Cosenza","CS","87036","39.3324","16.1835","474","54.8","16716","16039","32755","461","339","800","17177","16378","33555","2.4"
"78103","Rocca Imperiale","CALABRIA","Cosenza","CS","87074","40.1092","16.5783","204","53.8","1553","1535","3088","111","93","204","1664","1628","3292","6.2"
"78104","Roggiano Gravina","CALABRIA","Cosenza","CS","87017","39.6149","16.158","260","44.6","3597","3417","7014","112","102","214","3709","3519","7228","3.0"
"78105","Rogliano","CALABRIA","Cosenza","CS","87054","39.1786","16.3233","660","41.4","2855","2778","5633","36","28","64","2891","2806","5697","1.1"
"78106","Rose","CALABRIA","Cosenza","CS","87040","39.3973","16.2933","399","47.1","2085","2112","4197","77","42","119","2162","2154","4316","2.8"
"78107","Roseto Capo Spulico","CALABRIA","Cosenza","CS","87070","39.9883","16.602","217","30.7","920","899","1819","32","22","54","952","921","1873","2.9"
"78108","Rossano","CALABRIA","Cosenza","CS","87067","39.5763","16.6343","270","149.4","17011","16802","33813","1371","1163","2534","18382","17965","36347","7.0"
"78109","Rota Greca","CALABRIA","Cosenza","CS","87010","39.4593","16.1052","510","12.9","577","589","1166","5","7","12","582","596","1178","1.0"
"78110","Rovito","CALABRIA","Cosenza","CS","87050","39.3124","16.3216","744","10.4","1527","1519","3046","24","8","32","1551","1527","3078","1.0"
"78111","San Basile","CALABRIA","Cosenza","CS","87010","39.8092","16.1638","540","18.5","540","500","1040","18","7","25","558","507","1065","2.3"
"78112","San Benedetto Ullano","CALABRIA","Cosenza","CS","87040","39.4273","16.1236","460","19.4","791","776","1567","21","10","31","812","786","1598","1.9"
"78113","San Cosmo Albanese","CALABRIA","Cosenza","CS","87060","39.5855","16.4198","400","14.1","308","281","589","26","14","40","334","295","629","6.4"
"78114","San Demetrio Corone","CALABRIA","Cosenza","CS","87069","39.5685","16.3632","521","57.8","1809","1687","3496","87","82","169","1896","1769","3665","4.6"
"78115","San Donato di Ninea","CALABRIA","Cosenza","CS","87010","39.7106","16.0496","720","81.6","760","713","1473","15","3","18","775","716","1491","1.2"
"78116","San Fili","CALABRIA","Cosenza","CS","87037","39.3401","16.146","566","20.8","1332","1349","2681","24","10","34","1356","1359","2715","1.3"
"78117","Sangineto","CALABRIA","Cosenza","CS","87020","39.6043","15.9132","275","27.5","643","654","1297","22","18","40","665","672","1337","3.0"
"78118","San Giorgio Albanese","CALABRIA","Cosenza","CS","87060","39.5844","16.4527","428","22.6","782","720","1502","27","26","53","809","746","1555","3.4"
"78119","San Giovanni in Fiore","CALABRIA","Cosenza","CS","87055","39.2496","16.6959","1.049","279.5","9027","8508","17535","181","196","377","9208","8704","17912","2.1"
"78120","San Lorenzo Bellizzi","CALABRIA","Cosenza","CS","87070","39.8876","16.3286","830","39.0","363","378","741","2","3","5","365","381","746","0.7"
"78121","San Lorenzo del Vallo","CALABRIA","Cosenza","CS","87040","39.6662","16.2944","330","22.9","1662","1732","3394","47","24","71","1709","1756","3465","2.0"
"78122","San Lucido","CALABRIA","Cosenza","CS","87038","39.3074","16.0498","56","27.2","2943","2879","5822","70","48","118","3013","2927","5940","2.0"
"78123","San Marco Argentano","CALABRIA","Cosenza","CS","87018","39.555","16.1201","426","78.3","3570","3537","7107","96","79","175","3666","3616","7282","2.4"
"78124","San Martino di Finita","CALABRIA","Cosenza","CS","87010","39.4846","16.1405","550","23.7","603","581","1184","17","6","23","620","587","1207","1.9"
"78125","San Nicola Arcella","CALABRIA","Cosenza","CS","87020","39.8449","15.7926","110","11.5","809","845","1654","54","43","97","863","888","1751","5.5"
"78126","San Pietro in Amantea","CALABRIA","Cosenza","CS","87030","39.1355","16.1137","374","11.0","267","262","529","5","0","5","272","262","534","0.9"
"78127","San Pietro in Guarano","CALABRIA","Cosenza","CS","87047","39.3421","16.3125","625","48.1","1819","1796","3615","28","6","34","1847","1802","3649","0.9"
"78128","San Sosti","CALABRIA","Cosenza","CS","87010","39.6627","16.0257","363","43.5","1085","1057","2142","38","20","58","1123","1077","2200","2.6"
"78129","Santa Caterina Albanese","CALABRIA","Cosenza","CS","87010","39.586","16.0685","472","17.2","597","607","1204","23","17","40","620","624","1244","3.2"
"78130","Santa Domenica Talao","CALABRIA","Cosenza","CS","87020","39.8185","15.8548","304","35.9","614","631","1245","14","13","27","628","644","1272","2.1"
"78131","Sant'Agata di Esaro","CALABRIA","Cosenza","CS","87010","39.6208","15.9834","461","47.2","995","982","1977","11","2","13","1006","984","1990","0.7"
"78132","Santa Maria del Cedro","CALABRIA","Cosenza","CS","87020","39.7499","15.8374","110","18.7","2409","2361","4770","73","54","127","2482","2415","4897","2.6"
"78133","Santa Sofia d'Epiro","CALABRIA","Cosenza","CS","87048","39.566","16.3111","558","39.7","1348","1320","2668","44","36","80","1392","1356","2748","2.9"
"78134","Santo Stefano di Rogliano","CALABRIA","Cosenza","CS","87056","39.1916","16.3172","663","19.4","798","826","1624","13","3","16","811","829","1640","1.0"
"78135","San Vincenzo La Costa","CALABRIA","Cosenza","CS","87030","39.3651","16.1516","493","16.3","1055","1055","2110","28","20","48","1083","1075","2158","2.2"
"78136","Saracena","CALABRIA","Cosenza","CS","87010","39.7792","16.1571","606","111.5","1980","1932","3912","35","17","52","2015","1949","3964","1.3"
"78137","Scala Coeli","CALABRIA","Cosenza","CS","87060","39.4447","16.8901","370","67.0","581","532","1113","17","11","28","598","543","1141","2.5"
"78138","Scalea","CALABRIA","Cosenza","CS","87029","39.8141","15.7913","25","22.0","4845","4813","9658","276","218","494","5121","5031","10152","4.9"
"78139","Scigliano","CALABRIA","Cosenza","CS","87057","39.1291","16.2934","659","17.3","673","620","1293","13","2","15","686","622","1308","1.1"
"78140","Serra d'Aiello","CALABRIA","Cosenza","CS","87030","39.0845","16.1257","373","3.8","294","246","540","2","7","9","296","253","549","1.6"
"78141","Serra Pedace","CALABRIA","Cosenza","CS","87050","39.2788","16.3458","726","59.2","507","481","988","11","3","14","518","484","1002","1.4"
"78142","Spezzano Albanese","CALABRIA","Cosenza","CS","87019","39.6697","16.3113","320","33.3","3454","3432","6886","154","117","271","3608","3549","7157","3.8"
"78143","Spezzano della Sila","CALABRIA","Cosenza","CS","87058","39.3007","16.338","800","79.6","2176","2181","4357","81","52","133","2257","2233","4490","3.0"
"78144","Spezzano Piccolo","CALABRIA","Cosenza","CS","87050","39.2854","16.3415","743","48.7","1014","977","1991","47","46","93","1061","1023","2084","4.5"
"78145","Tarsia","CALABRIA","Cosenza","CS","87040","39.6202","16.268","192","49.4","1040","1017","2057","37","45","82","1077","1062","2139","3.8"
"78146","Terranova da Sibari","CALABRIA","Cosenza","CS","87010","39.6575","16.3388","313","43.1","2446","2416","4862","74","63","137","2520","2479","4999","2.7"
"78147","Terravecchia","CALABRIA","Cosenza","CS","87060","39.4649","16.9472","472","20.3","510","508","1018","1","0","1","511","508","1019","0.1"
"78148","Torano Castello","CALABRIA","Cosenza","CS","87010","39.505","16.1471","370","30.1","2265","2207","4472","53","48","101","2318","2255","4573","2.2"
"78149","Tortora","CALABRIA","Cosenza","CS","87020","39.9421","15.8038","300","57.9","2917","2848","5765","145","87","232","3062","2935","5997","3.9"
"78150","Trebisacce","CALABRIA","Cosenza","CS","87075","39.867","16.5317","73","26.7","4262","4005","8267","241","226","467","4503","4231","8734","5.3"
"78151","Trenta","CALABRIA","Cosenza","CS","87050","39.2815","16.3233","618","4.7","1373","1311","2684","22","16","38","1395","1327","2722","1.4"
"78152","Vaccarizzo Albanese","CALABRIA","Cosenza","CS","87060","39.5843","16.4329","448","8.5","554","526","1080","48","56","104","602","582","1184","8.8"
"78153","Verbicaro","CALABRIA","Cosenza","CS","87020","39.7556","15.9125","428","32.6","1627","1566","3193","16","3","19","1643","1569","3212","0.6"
"78154","Villapiana","CALABRIA","Cosenza","CS","87076","39.8473","16.4534","206","38.7","2441","2381","4822","187","172","359","2628","2553","5181","6.9"
"78155","Zumpano","CALABRIA","Cosenza","CS","87040","39.3109","16.2912","429","8.1","1205","1194","2399","35","34","69","1240","1228","2468","2.8"
"79002","Albi","CALABRIA","Catanzaro","CZ","88055","39.0247","16.5963","710","28.9","511","489","1000","5","5","10","516","494","1010","1.0"
"79003","Amaroni","CALABRIA","Catanzaro","CZ","88050","38.7929","16.4462","378","9.7","928","933","1861","13","11","24","941","944","1885","1.3"
"79004","Amato","CALABRIA","Catanzaro","CZ","88040","38.9415","16.4621","480","20.9","423","374","797","22","18","40","445","392","837","4.8"
"79005","Andali","CALABRIA","Catanzaro","CZ","88050","39.013","16.7696","650","17.9","403","377","780","11","4","15","414","381","795","1.9"
"79007","Argusto","CALABRIA","Catanzaro","CZ","88060","38.6802","16.438","530","7.1","270","256","526","1","2","3","271","258","529","0.6"
"79008","Badolato","CALABRIA","Catanzaro","CZ","88060","38.5695","16.5253","240","34.1","1599","1458","3057","66","60","126","1665","1518","3183","4.0"
"79009","Belcastro","CALABRIA","Catanzaro","CZ","88050","39.0206","16.7877","495","52.8","679","679","1358","21","21","42","700","700","1400","3.0"
"79011","Borgia","CALABRIA","Catanzaro","CZ","88021","38.8269","16.5111","341","42.0","3696","3593","7289","71","58","129","3767","3651","7418","1.7"
"79012","Botricello","CALABRIA","Catanzaro","CZ","88070","38.9348","16.8555","19","15.2","2361","2235","4596","154","156","310","2515","2391","4906","6.3"
"79017","Caraffa di Catanzaro","CALABRIA","Catanzaro","CZ","88050","38.8808","16.4848","358","24.7","958","957","1915","18","27","45","976","984","1960","2.3"
"79018","Cardinale","CALABRIA","Catanzaro","CZ","88062","38.6456","16.3888","562","31.2","1205","1114","2319","13","2","15","1218","1116","2334","0.6"
"79020","Carlopoli","CALABRIA","Catanzaro","CZ","88040","39.0575","16.4591","924","16.3","834","772","1606","8","8","16","842","780","1622","1.0"
"79023","Catanzaro","CALABRIA","Catanzaro","CZ","88100","38.9098","16.5877","320","111.3","45537","42092","87629","1156","579","1735","46693","42671","89364","1.9"
"79024","Cenadi","CALABRIA","Catanzaro","CZ","88067","38.7191","16.415","539","11.2","303","294","597","1","0","1","304","294","598","0.2"
"79025","Centrache","CALABRIA","Catanzaro","CZ","88067","38.7286","16.4319","458","7.9","203","200","403","9","3","12","212","203","415","2.9"
"79027","Cerva","CALABRIA","Catanzaro","CZ","88050","39.0256","16.7463","800","21.0","643","620","1263","6","0","6","649","620","1269","0.5"
"79029","Chiaravalle Centrale","CALABRIA","Catanzaro","CZ","88064","38.6819","16.4144","545","23.3","3019","2748","5767","58","58","116","3077","2806","5883","2.0"
"79030","Cicala","CALABRIA","Catanzaro","CZ","88040","39.0214","16.4854","829","9.1","517","476","993","8","7","15","525","483","1008","1.5"
"79033","Conflenti","CALABRIA","Catanzaro","CZ","88040","39.0705","16.2873","540","31.0","737","681","1418","9","10","19","746","691","1437","1.3"
"79034","Cortale","CALABRIA","Catanzaro","CZ","88020","38.8385","16.412","410","29.3","1153","1021","2174","24","19","43","1177","1040","2217","1.9"
"79036","Cropani","CALABRIA","Catanzaro","CZ","88051","38.9678","16.7814","347","43.8","2106","2076","4182","81","43","124","2187","2119","4306","2.9"
"79039","Curinga","CALABRIA","Catanzaro","CZ","88022","38.8261","16.3135","35","51.5","3309","3172","6481","120","107","227","3429","3279","6708","3.4"
"79042","Davoli","CALABRIA","Catanzaro","CZ","88060","38.6492","16.4857","401","25.7","2646","2494","5140","109","158","267","2755","2652","5407","4.9"
"79043","Decollatura","CALABRIA","Catanzaro","CZ","88041","39.0473","16.3561","765","50.4","1640","1547","3187","38","27","65","1678","1574","3252","2.0"
"79047","Falerna","CALABRIA","Catanzaro","CZ","88042","39.0025","16.1736","550","23.9","1808","1707","3515","138","148","286","1946","1855","3801","7.5"
"79048","Feroleto Antico","CALABRIA","Catanzaro","CZ","88040","38.9624","16.3876","280","22.0","1060","990","2050","21","16","37","1081","1006","2087","1.8"
"79052","Fossato Serralta","CALABRIA","Catanzaro","CZ","88050","38.9949","16.5831","722","12.3","288","305","593","13","8","21","301","313","614","3.4"
"79055","Gagliato","CALABRIA","Catanzaro","CZ","88060","38.6753","16.4612","450","7.0","262","239","501","14","9","23","276","248","524","4.4"
"79056","Gasperina","CALABRIA","Catanzaro","CZ","88060","38.7348","16.5083","489","6.9","1100","1020","2120","19","21","40","1119","1041","2160","1.9"
"79058","Gimigliano","CALABRIA","Catanzaro","CZ","88045","38.9735","16.53","600","32.4","1727","1650","3377","28","16","44","1755","1666","3421","1.3"
"79059","Girifalco","CALABRIA","Catanzaro","CZ","88024","38.8241","16.4209","456","43.1","3098","2957","6055","45","20","65","3143","2977","6120","1.1"
"79060","Gizzeria","CALABRIA","Catanzaro","CZ","88040","38.9816","16.2091","630","35.9","1923","1993","3916","264","342","606","2187","2335","4522","13.4"
"79061","Guardavalle","CALABRIA","Catanzaro","CZ","88065","38.5062","16.5013","225","60.4","2398","2236","4634","46","72","118","2444","2308","4752","2.5"
"79063","Isca sullo Ionio","CALABRIA","Catanzaro","CZ","88060","38.5999","16.5175","188","23.0","791","721","1512","43","59","102","834","780","1614","6.3"
"79065","Jacurso","CALABRIA","Catanzaro","CZ","88020","38.8461","16.3821","441","21.6","345","269","614","8","1","9","353","270","623","1.4"
"79068","Magisano","CALABRIA","Catanzaro","CZ","88050","39.0126","16.6278","565","31.7","644","607","1251","18","3","21","662","610","1272","1.7"
"79069","Maida","CALABRIA","Catanzaro","CZ","88025","38.8576","16.3639","299","58.2","2171","2063","4234","120","103","223","2291","2166","4457","5.0"
"79071","Marcedusa","CALABRIA","Catanzaro","CZ","88050","39.018","16.8473","288","15.3","214","206","420","3","2","5","217","208","425","1.2"
"79072","Marcellinara","CALABRIA","Catanzaro","CZ","88044","38.9108","16.47","337","20.6","1125","1058","2183","37","33","70","1162","1091","2253","3.1"
"79073","Martirano","CALABRIA","Catanzaro","CZ","88040","39.0802","16.2487","381","14.6","466","442","908","20","9","29","486","451","937","3.1"
"79074","Martirano Lombardo","CALABRIA","Catanzaro","CZ","88040","39.0753","16.2313","520","19.8","585","569","1154","8","5","13","593","574","1167","1.1"
"79077","Miglierina","CALABRIA","Catanzaro","CZ","88040","38.9499","16.473","575","13.9","419","353","772","16","11","27","435","364","799","3.4"
"79080","Montauro","CALABRIA","Catanzaro","CZ","88060","38.7485","16.511","393","11.5","808","710","1518","30","35","65","838","745","1583","4.1"
"79081","Montepaone","CALABRIA","Catanzaro","CZ","88060","38.7234","16.4947","367","17.0","2268","2242","4510","95","76","171","2363","2318","4681","3.7"
"79083","Motta Santa Lucia","CALABRIA","Catanzaro","CZ","88040","39.092","16.2901","590","25.7","421","414","835","18","18","36","439","432","871","4.1"
"79087","Nocera Terinese","CALABRIA","Catanzaro","CZ","88047","39.0348","16.1677","240","46.2","2368","2247","4615","67","43","110","2435","2290","4725","2.3"
"79088","Olivadi","CALABRIA","Catanzaro","CZ","88067","38.7247","16.424","485","7.1","294","271","565","15","7","22","309","278","587","3.7"
"79089","Palermiti","CALABRIA","Catanzaro","CZ","88050","38.7525","16.4538","496","18.3","638","598","1236","23","16","39","661","614","1275","3.1"
"79092","Pentone","CALABRIA","Catanzaro","CZ","88050","38.9863","16.5822","648","12.3","1129","1063","2192","14","9","23","1143","1072","2215","1.0"
"79094","Petrizzi","CALABRIA","Catanzaro","CZ","88060","38.701","16.4737","391","21.5","580","552","1132","15","20","35","595","572","1167","3.0"
"79095","Petronà","CALABRIA","Catanzaro","CZ","88050","39.0432","16.7544","889","45.5","1376","1277","2653","16","16","32","1392","1293","2685","1.2"
"79096","Pianopoli","CALABRIA","Catanzaro","CZ","88040","38.9542","16.387","250","24.4","1233","1207","2440","57","62","119","1290","1269","2559","4.7"
"79099","Platania","CALABRIA","Catanzaro","CZ","88040","39.0056","16.32","750","24.6","1119","1093","2212","17","3","20","1136","1096","2232","0.9"
"79108","San Floro","CALABRIA","Catanzaro","CZ","88021","38.8373","16.5181","260","18.2","369","316","685","7","8","15","376","324","700","2.1"
"79110","San Mango d'Aquino","CALABRIA","Catanzaro","CZ","88040","39.0598","16.1941","468","7.0","814","787","1601","22","16","38","836","803","1639","2.3"
"79114","San Pietro a Maida","CALABRIA","Catanzaro","CZ","88025","38.847","16.3458","355","16.4","2051","2034","4085","94","119","213","2145","2153","4298","5.0"
"79115","San Pietro Apostolo","CALABRIA","Catanzaro","CZ","88040","39.0035","16.4648","750","11.5","894","845","1739","8","31","39","902","876","1778","2.2"
"79116","San Sostene","CALABRIA","Catanzaro","CZ","88060","38.6393","16.4851","470","31.9","673","601","1274","21","16","37","694","617","1311","2.8"
"79117","Santa Caterina dello Ionio","CALABRIA","Catanzaro","CZ","88060","38.5338","16.5206","459","41.2","1026","1000","2026","55","61","116","1081","1061","2142","5.4"
"79118","Sant'Andrea Apostolo dello Ionio","CALABRIA","Catanzaro","CZ","88060","38.6248","16.5252","330","20.4","1026","977","2003","44","25","69","1070","1002","2072","3.3"
"79122","San Vito sullo Ionio","CALABRIA","Catanzaro","CZ","88067","38.7104","16.4098","404","17.4","946","829","1775","28","27","55","974","856","1830","3.0"
"79123","Satriano","CALABRIA","Catanzaro","CZ","88060","38.6678","16.4807","293","22.0","1670","1601","3271","31","12","43","1701","1613","3314","1.3"
"79126","Sellia","CALABRIA","Catanzaro","CZ","88050","38.9844","16.6249","560","12.7","264","223","487","17","7","24","281","230","511","4.7"
"79127","Sellia Marina","CALABRIA","Catanzaro","CZ","88050","38.906","16.7469","82","40.9","3224","3216","6440","267","280","547","3491","3496","6987","7.8"
"79129","Serrastretta","CALABRIA","Catanzaro","CZ","88040","39.0174","16.424","840","41.2","1662","1555","3217","18","14","32","1680","1569","3249","1.0"
"79130","Sersale","CALABRIA","Catanzaro","CZ","88054","39.0101","16.7287","740","53.0","2412","2258","4670","51","46","97","2463","2304","4767","2.0"
"79131","Settingiano","CALABRIA","Catanzaro","CZ","88040","38.91","16.515","270","14.3","1390","1491","2881","41","33","74","1431","1524","2955","2.5"
"79133","Simeri Crichi","CALABRIA","Catanzaro","CZ","88050","38.934","16.6624","465","46.8","2181","2178","4359","72","44","116","2253","2222","4475","2.6"
"79134","Sorbo San Basile","CALABRIA","Catanzaro","CZ","88050","39.0189","16.5683","620","58.7","429","393","822","5","0","5","434","393","827","0.6"
"79137","Soverato","CALABRIA","Catanzaro","CZ","88068","38.688","16.5484","8","7.7","4562","4067","8629","144","68","212","4706","4135","8841","2.4"
"79138","Soveria Mannelli","CALABRIA","Catanzaro","CZ","88049","39.0878","16.3706","774","20.4","1603","1500","3103","18","16","34","1621","1516","3137","1.1"
"79139","Soveria Simeri","CALABRIA","Catanzaro","CZ","88050","38.9478","16.6768","367","22.1","812","760","1572","30","41","71","842","801","1643","4.3"
"79142","Squillace","CALABRIA","Catanzaro","CZ","88069","38.7895","16.4995","344","33.8","1661","1637","3298","62","40","102","1723","1677","3400","3.0"
"79143","Stalettì","CALABRIA","Catanzaro","CZ","88069","38.7666","16.5525","382","11.9","1183","1170","2353","54","36","90","1237","1206","2443","3.7"
"79146","Taverna","CALABRIA","Catanzaro","CZ","88055","39.021","16.5787","521","132.5","1325","1346","2671","23","11","34","1348","1357","2705","1.3"
"79147","Tiriolo","CALABRIA","Catanzaro","CZ","88056","38.9502","16.5113","690","29.0","1969","1828","3797","50","50","100","2019","1878","3897","2.6"
"79148","Torre di Ruggiero","CALABRIA","Catanzaro","CZ","88060","38.6532","16.3726","566","24.8","585","543","1128","2","1","3","587","544","1131","0.3"
"79151","Vallefiorita","CALABRIA","Catanzaro","CZ","88050","38.776","16.4569","329","13.8","936","850","1786","33","30","63","969","880","1849","3.4"
"79157","Zagarise","CALABRIA","Catanzaro","CZ","88050","39.0005","16.6637","581","48.8","861","837","1698","22","13","35","883","850","1733","2.0"
"79160","Lamezia Terme","CALABRIA","Catanzaro","CZ","88046","38.9255","16.2495","216","160.2","34265","32617","66882","1811","1643","3454","36076","34260","70336","4.9"
"80001","Africo","CALABRIA","Reggio di Calabria","RC","89030","38.05","16.1343","15","51.0","1550","1619","3169","24","17","41","1574","1636","3210","1.3"
"80002","Agnana Calabra","CALABRIA","Reggio di Calabria","RC","89040","38.3023","16.2246","210","8.4","275","281","556","7","6","13","282","287","569","2.3"
"80003","Anoia","CALABRIA","Reggio di Calabria","RC","89020","38.4356","16.0805","210","10.1","1144","1064","2208","36","2","38","1180","1066","2246","1.7"
"80004","Antonimina","CALABRIA","Reggio di Calabria","RC","89040","38.2725","16.1491","327","22.5","651","671","1322","13","26","39","664","697","1361","2.9"
"80005","Ardore","CALABRIA","Reggio di Calabria","RC","89031","38.1931","16.1657","250","32.7","2410","2164","4574","68","118","186","2478","2282","4760","3.9"
"80006","Bagaladi","CALABRIA","Reggio di Calabria","RC","89060","38.051","15.8114","473","30.8","556","499","1055","15","12","27","571","511","1082","2.5"
"80007","Bagnara Calabra","CALABRIA","Reggio di Calabria","RC","89011","38.2838","15.8034","50","24.7","5260","5184","10444","120","58","178","5380","5242","10622","1.7"
"80008","Benestare","CALABRIA","Reggio di Calabria","RC","89030","38.1836","16.1394","250","18.6","1180","1207","2387","29","26","55","1209","1233","2442","2.3"
"80009","Bianco","CALABRIA","Reggio di Calabria","RC","89032","38.0875","16.1519","12","31.7","2075","1883","3958","90","77","167","2165","1960","4125","4.0"
"80010","Bivongi","CALABRIA","Reggio di Calabria","RC","89040","38.4837","16.4516","270","25.3","710","668","1378","14","6","20","724","674","1398","1.4"
"80011","Bova","CALABRIA","Reggio di Calabria","RC","89033","37.9952","15.9289","820","46.7","227","224","451","2","8","10","229","232","461","2.2"
"80012","Bovalino","CALABRIA","Reggio di Calabria","RC","89034","38.1512","16.1695","11","18.0","4166","4038","8204","254","356","610","4420","4394","8814","6.9"
"80013","Bova Marina","CALABRIA","Reggio di Calabria","RC","89035","37.9304","15.9246","20","29.5","2004","1909","3913","131","98","229","2135","2007","4142","5.5"
"80014","Brancaleone","CALABRIA","Reggio di Calabria","RC","89036","37.9715","16.0983","12","35.9","1770","1628","3398","115","111","226","1885","1739","3624","6.2"
"80015","Bruzzano Zeffirio","CALABRIA","Reggio di Calabria","RC","89030","38.0126","16.0819","82","20.9","628","551","1179","21","11","32","649","562","1211","2.6"
"80016","Calanna","CALABRIA","Reggio di Calabria","RC","89050","38.1858","15.7241","511","10.5","494","424","918","36","25","61","530","449","979","6.2"
"80017","Camini","CALABRIA","Reggio di Calabria","RC","89040","38.4311","16.4831","300","17.2","379","315","694","9","12","21","388","327","715","2.9"
"80018","Campo Calabro","CALABRIA","Reggio di Calabria","RC","89052","38.2593","16.2217","138","7.5","2191","2086","4277","68","65","133","2259","2151","4410","3.0"
"80019","Candidoni","CALABRIA","Reggio di Calabria","RC","89020","38.5055","16.0861","239","26.6","185","167","352","16","21","37","201","188","389","9.5"
"80020","Canolo","CALABRIA","Reggio di Calabria","RC","89040","38.3146","16.2008","432","28.2","407","393","800","1","0","1","408","393","801","0.1"
"80021","Caraffa del Bianco","CALABRIA","Reggio di Calabria","RC","89030","38.0923","16.0876","355","12.3","280","239","519","6","7","13","286","246","532","2.4"
"80022","Cardeto","CALABRIA","Reggio di Calabria","RC","89060","38.0839","15.7662","700","36.3","953","865","1818","4","0","4","957","865","1822","0.2"
"80023","Careri","CALABRIA","Reggio di Calabria","RC","89030","38.1708","16.0993","320","38.2","1234","1140","2374","17","19","36","1251","1159","2410","1.5"
"80024","Casignana","CALABRIA","Reggio di Calabria","RC","89030","38.1042","16.0921","342","24.5","397","351","748","19","6","25","416","357","773","3.2"
"80025","Caulonia","CALABRIA","Reggio di Calabria","RC","89041","38.3944","16.4053","300","100.7","3530","3313","6843","121","96","217","3651","3409","7060","3.1"
"80026","Ciminà","CALABRIA","Reggio di Calabria","RC","89040","38.2463","16.1408","312","48.8","295","291","586","6","3","9","301","294","595","1.5"
"80027","Cinquefrondi","CALABRIA","Reggio di Calabria","RC","89021","38.4186","16.0952","257","29.8","3240","3128","6368","74","50","124","3314","3178","6492","1.9"
"80028","Cittanova","CALABRIA","Reggio di Calabria","RC","89022","38.3537","16.0772","400","61.8","5084","4627","9711","267","366","633","5351","4993","10344","6.1"
"80029","Condofuri","CALABRIA","Reggio di Calabria","RC","89030","38.0048","15.8586","339","58.5","2437","2362","4799","124","151","275","2561","2513","5074","5.4"
"80030","Cosoleto","CALABRIA","Reggio di Calabria","RC","89050","38.2747","15.9251","440","33.8","464","432","896","12","8","20","476","440","916","2.2"
"80031","Delianuova","CALABRIA","Reggio di Calabria","RC","89012","38.2336","15.9192","600","21.0","1739","1646","3385","29","22","51","1768","1668","3436","1.5"
"80032","Feroleto della Chiesa","CALABRIA","Reggio di Calabria","RC","89050","38.4662","16.0663","159","7.6","864","852","1716","29","27","56","893","879","1772","3.2"
"80033","Ferruzzano","CALABRIA","Reggio di Calabria","RC","89030","38.0392","16.0881","470","19.1","377","339","716","13","16","29","390","355","745","3.9"
"80034","Fiumara","CALABRIA","Reggio di Calabria","RC","89050","38.2118","15.692","192","6.9","491","478","969","28","24","52","519","502","1021","5.1"
"80035","Galatro","CALABRIA","Reggio di Calabria","RC","89054","38.4593","16.1099","158","50.5","921","830","1751","19","8","27","940","838","1778","1.5"
"80036","Gerace","CALABRIA","Reggio di Calabria","RC","89040","38.275","16.1993","500","28.6","1353","1364","2717","20","35","55","1373","1399","2772","2.0"
"80037","Giffone","CALABRIA","Reggio di Calabria","RC","89020","38.4388","16.1514","594","14.5","973","969","1942","4","0","4","977","969","1946","0.2"
"80038","Gioia Tauro","CALABRIA","Reggio di Calabria","RC","89013","38.4262","15.8989","29","39.0","9094","8925","18019","517","527","1044","9611","9452","19063","5.5"
"80039","Gioiosa Ionica","CALABRIA","Reggio di Calabria","RC","89042","38.3397","16.306","120","36.0","3479","3326","6805","104","105","209","3583","3431","7014","3.0"
"80040","Grotteria","CALABRIA","Reggio di Calabria","RC","89043","38.3642","16.2659","317","37.9","1642","1590","3232","20","22","42","1662","1612","3274","1.3"
"80041","Laganadi","CALABRIA","Reggio di Calabria","RC","89050","38.1742","15.7421","499","8.3","215","187","402","9","1","10","224","188","412","2.4"
"80042","Laureana di Borrello","CALABRIA","Reggio di Calabria","RC","89023","38.4905","16.0804","270","35.4","2678","2510","5188","56","45","101","2734","2555","5289","1.9"
"80043","Locri","CALABRIA","Reggio di Calabria","RC","89044","38.2337","16.2638","7","25.6","6134","5651","11785","337","337","674","6471","5988","12459","5.4"
"80044","Mammola","CALABRIA","Reggio di Calabria","RC","89045","38.3623","16.2386","240","80.6","1540","1405","2945","18","8","26","1558","1413","2971","0.9"
"80045","Marina di Gioiosa Ionica","CALABRIA","Reggio di Calabria","RC","89046","38.3022","16.3344","10","15.9","3195","3144","6339","107","69","176","3302","3213","6515","2.7"
"80046","Maropati","CALABRIA","Reggio di Calabria","RC","89020","38.4422","16.0985","239","10.3","784","730","1514","33","36","69","817","766","1583","4.4"
"80047","Martone","CALABRIA","Reggio di Calabria","RC","89040","38.3546","16.2894","290","8.3","277","272","549","3","2","5","280","274","554","0.9"
"80048","Melicuccà","CALABRIA","Reggio di Calabria","RC","89020","38.3018","15.8824","273","17.2","477","459","936","43","22","65","520","481","1001","6.5"
"80049","Melicucco","CALABRIA","Reggio di Calabria","RC","89020","38.4329","16.0603","167","6.4","2451","2429","4880","82","83","165","2533","2512","5045","3.3"
"80050","Melito di Porto Salvo","CALABRIA","Reggio di Calabria","RC","89063","37.9207","15.784","28","35.3","5386","5152","10538","272","305","577","5658","5457","11115","5.2"
"80051","Molochio","CALABRIA","Reggio di Calabria","RC","89010","38.3101","16.0314","310","37.3","1290","1274","2564","49","30","79","1339","1304","2643","3.0"
"80052","Monasterace","CALABRIA","Reggio di Calabria","RC","89040","38.4529","16.5513","138","15.7","1668","1563","3231","79","59","138","1747","1622","3369","4.1"
"80053","Montebello Ionico","CALABRIA","Reggio di Calabria","RC","89064","37.9817","15.7588","425","55.7","3092","2966","6058","100","84","184","3192","3050","6242","2.9"
"80054","Motta San Giovanni","CALABRIA","Reggio di Calabria","RC","89065","38.001","15.695","450","46.7","2995","2883","5878","132","112","244","3127","2995","6122","4.0"
"80055","Oppido Mamertina","CALABRIA","Reggio di Calabria","RC","89014","38.2916","15.9859","321","58.6","2696","2542","5238","77","91","168","2773","2633","5406","3.1"
"80056","Palizzi","CALABRIA","Reggio di Calabria","RC","89038","37.9659","15.9876","272","52.3","1159","1087","2246","27","24","51","1186","1111","2297","2.2"
"80057","Palmi","CALABRIA","Reggio di Calabria","RC","89015","38.3576","15.8465","228","31.8","9209","8765","17974","430","317","747","9639","9082","18721","4.0"
"80058","Pazzano","CALABRIA","Reggio di Calabria","RC","89040","38.4653","16.4465","410","15.5","316","319","635","3","2","5","319","321","640","0.8"
"80059","Placanica","CALABRIA","Reggio di Calabria","RC","89040","38.414","16.4506","240","29.3","631","603","1234","12","4","16","643","607","1250","1.3"
"80060","Platì","CALABRIA","Reggio di Calabria","RC","89039","38.2186","16.0479","300","50.0","1860","1842","3702","6","3","9","1866","1845","3711","0.2"
"80061","Polistena","CALABRIA","Reggio di Calabria","RC","89024","38.4056","16.073","254","11.7","5229","4954","10183","253","306","559","5482","5260","10742","5.2"
"80062","Portigliola","CALABRIA","Reggio di Calabria","RC","89040","38.2282","16.2021","101","6.0","608","563","1171","17","17","34","625","580","1205","2.8"
"80063","Reggio di Calabria","CALABRIA","Reggio di Calabria","RC","89100","38.1113","15.6473","31","236.0","89596","83143","172739","4636","3442","8078","94232","86585","180817","4.5"
"80064","Riace","CALABRIA","Reggio di Calabria","RC","89040","38.4188","16.4803","300","16.1","874","817","1691","55","47","102","929","864","1793","5.7"
"80065","Rizziconi","CALABRIA","Reggio di Calabria","RC","89016","38.4139","15.9593","87","39.7","3807","3684","7491","144","171","315","3951","3855","7806","4.0"
"80066","Roccaforte del Greco","CALABRIA","Reggio di Calabria","RC","89060","38.0463","15.8975","971","54.0","291","253","544","1","5","6","292","258","550","1.1"
"80067","Roccella Ionica","CALABRIA","Reggio di Calabria","RC","89047","38.3269","16.4057","16","37.5","3287","2994","6281","102","51","153","3389","3045","6434","2.4"
"80068","Roghudi","CALABRIA","Reggio di Calabria","RC","89060","38.0495","15.9347","55","36.5","504","527","1031","60","81","141","564","608","1172","12.0"
"80069","Rosarno","CALABRIA","Reggio di Calabria","RC","89025","38.4873","15.9761","67","39.5","7102","6938","14040","184","156","340","7286","7094","14380","2.4"
"80070","Samo","CALABRIA","Reggio di Calabria","RC","89030","38.0733","16.0561","280","50.1","436","424","860","7","4","11","443","428","871","1.3"
"80071","San Giorgio Morgeto","CALABRIA","Reggio di Calabria","RC","89017","38.3859","16.1068","512","35.1","1667","1479","3146","5","7","12","1672","1486","3158","0.4"
"80072","San Giovanni di Gerace","CALABRIA","Reggio di Calabria","RC","89040","38.3658","16.2775","310","13.3","281","249","530","6","1","7","287","250","537","1.3"
"80073","San Lorenzo","CALABRIA","Reggio di Calabria","RC","89069","38.0105","15.8316","787","64.2","1292","1211","2503","78","104","182","1370","1315","2685","6.8"
"80074","San Luca","CALABRIA","Reggio di Calabria","RC","89030","38.1547","15.9935","250","104.1","2008","2026","4034","6","4","10","2014","2030","4044","0.2"
"80075","San Pietro di Caridà","CALABRIA","Reggio di Calabria","RC","89020","38.5233","16.1338","325","47.8","647","590","1237","18","10","28","665","600","1265","2.2"
"80076","San Procopio","CALABRIA","Reggio di Calabria","RC","89020","38.2819","15.8899","352","10.7","265","269","534","4","1","5","269","270","539","0.9"
"80077","San Roberto","CALABRIA","Reggio di Calabria","RC","89050","38.2112","15.7365","280","34.3","896","883","1779","29","25","54","925","908","1833","2.9"
"80078","Santa Cristina d'Aspromonte","CALABRIA","Reggio di Calabria","RC","89056","38.2555","15.9702","514","23.1","491","481","972","20","25","45","511","506","1017","4.4"
"80079","Sant'Agata del Bianco","CALABRIA","Reggio di Calabria","RC","89030","38.0929","16.083","405","18.9","343","319","662","8","9","17","351","328","679","2.5"
"80080","Sant'Alessio in Aspromonte","CALABRIA","Reggio di Calabria","RC","89050","38.1731","15.7581","567","4.2","158","149","307","9","7","16","167","156","323","5.0"
"80081","Sant'Eufemia d'Aspromonte","CALABRIA","Reggio di Calabria","RC","89027","38.2647","15.8538","450","32.9","1968","1856","3824","120","109","229","2088","1965","4053","5.7"
"80082","Sant'Ilario dello Ionio","CALABRIA","Reggio di Calabria","RC","89040","38.2197","16.1959","128","13.8","661","606","1267","25","40","65","686","646","1332","4.9"
"80083","Santo Stefano in Aspromonte","CALABRIA","Reggio di Calabria","RC","89057","38.1689","15.7897","714","17.7","567","611","1178","36","33","69","603","644","1247","5.5"
"80084","Scido","CALABRIA","Reggio di Calabria","RC","89010","38.2461","15.9337","456","17.7","496","451","947","15","14","29","511","465","976","3.0"
"80085","Scilla","CALABRIA","Reggio di Calabria","RC","89058","38.2397","15.7879","72","43.7","2547","2437","4984","92","39","131","2639","2476","5115","2.6"
"80086","Seminara","CALABRIA","Reggio di Calabria","RC","89028","38.3352","15.8709","290","33.6","1436","1340","2776","25","19","44","1461","1359","2820","1.6"
"80087","Serrata","CALABRIA","Reggio di Calabria","RC","89020","38.5125","16.1034","277","21.7","458","422","880","17","17","34","475","439","914","3.7"
"80088","Siderno","CALABRIA","Reggio di Calabria","RC","89048","38.2694","16.2983","10","31.5","8451","8088","16539","182","158","340","8633","8246","16879","2.0"
"80089","Sinopoli","CALABRIA","Reggio di Calabria","RC","89020","38.265","15.8777","500","25.8","1065","1067","2132","13","9","22","1078","1076","2154","1.0"
"80090","Staiti","CALABRIA","Reggio di Calabria","RC","89030","38.0081","16.0464","550","16.0","147","119","266","8","5","13","155","124","279","4.7"
"80091","Stignano","CALABRIA","Reggio di Calabria","RC","89040","38.3886","16.4818","343","17.3","627","610","1237","46","57","103","673","667","1340","7.7"
"80092","Stilo","CALABRIA","Reggio di Calabria","RC","89049","38.4773","16.4688","400","78.5","1303","1364","2667","13","7","20","1316","1371","2687","0.7"
"80093","Taurianova","CALABRIA","Reggio di Calabria","RC","89029","38.3534","16.0177","210","47.9","7665","7228","14893","228","189","417","7893","7417","15310","2.7"
"80094","Terranova Sappo Minulio","CALABRIA","Reggio di Calabria","RC","89010","38.3222","16.0064","250","9.0","264","268","532","8","9","17","272","277","549","3.1"
"80095","Varapodio","CALABRIA","Reggio di Calabria","RC","89010","38.3144","15.9841","231","29.0","1099","1062","2161","30","32","62","1129","1094","2223","2.8"
"80096","Villa San Giovanni","CALABRIA","Reggio di Calabria","RC","89018","38.2167","15.6362","15","12.2","6555","6274","12829","325","241","566","6880","6515","13395","4.2"
"80097","San Ferdinando","CALABRIA","Reggio di Calabria","RC","89026","38.4827","15.9191","6","14.0","2110","2009","4119","105","75","180","2215","2084","4299","4.2"
"81001","Alcamo","SICILIA","Trapani","TP","91011","37.9784","12.9686","258","130.8","22729","21492","44221","561","532","1093","23290","22024","45314","2.4"
"81002","Buseto Palizzolo","SICILIA","Trapani","TP","91012","38.0021","12.7169","249","72.7","1597","1401","2998","22","11","33","1619","1412","3031","1.1"
"81003","Calatafimi-Segesta","SICILIA","Trapani","TP","91013","37.9411","12.844","338","154.8","3521","3338","6859","52","27","79","3573","3365","6938","1.1"
"81004","Campobello di Mazara","SICILIA","Trapani","TP","91021","37.6323","12.7484","110","65.8","5802","5308","11110","186","284","470","5988","5592","11580","4.1"
"81005","Castellammare del Golfo","SICILIA","Trapani","TP","91014","38.0265","12.8809","26","127.2","7255","6848","14103","292","208","500","7547","7056","14603","3.4"
"81006","Castelvetrano","SICILIA","Trapani","TP","91022","37.6779","12.7915","187","207.1","16074","14820","30894","467","463","930","16541","15283","31824","2.9"
"81007","Custonaci","SICILIA","Trapani","TP","91015","38.0788","12.6751","186","69.6","2649","2599","5248","82","62","144","2731","2661","5392","2.7"
"81008","Erice","SICILIA","Trapani","TP","91016","38.0381","12.5874","751","47.3","14246","13432","27678","212","122","334","14458","13554","28012","1.2"
"81009","Favignana","SICILIA","Trapani","TP","91023","37.9311","12.3286","6","37.5","2021","2113","4134","34","17","51","2055","2130","4185","1.2"
"81010","Gibellina","SICILIA","Trapani","TP","91024","37.8198","12.9551","233","45.0","2213","1982","4195","34","35","69","2247","2017","4264","1.6"
"81011","Marsala","SICILIA","Trapani","TP","91025","37.798","12.437","12","241.7","40649","38287","78936","663","619","1282","41312","38906","80218","1.6"
"81012","Mazara del Vallo","SICILIA","Trapani","TP","91026","37.6551","12.59","8","275.7","24351","23408","47759","1064","1172","2236","25415","24580","49995","4.5"
"81013","Paceco","SICILIA","Trapani","TP","91027","37.9799","12.5592","36","58.4","5823","5472","11295","111","81","192","5934","5553","11487","1.7"
"81014","Pantelleria","SICILIA","Trapani","TP","91017","36.8282","11.9405","5","83.0","3592","3514","7106","193","194","387","3785","3708","7493","5.2"
"81015","Partanna","SICILIA","Trapani","TP","91028","37.7248","12.8872","414","82.4","5534","5029","10563","115","176","291","5649","5205","10854","2.7"
"81016","Poggioreale","SICILIA","Trapani","TP","91020","37.7638","13.0361","189","37.5","743","752","1495","21","18","39","764","770","1534","2.5"
"81017","Salaparuta","SICILIA","Trapani","TP","91020","37.7545","12.9781","171","41.7","901","779","1680","15","26","41","916","805","1721","2.4"
"81018","Salemi","SICILIA","Trapani","TP","91018","37.819","12.7989","446","181.7","5579","5082","10661","79","131","210","5658","5213","10871","1.9"
"81019","Santa Ninfa","SICILIA","Trapani","TP","91029","37.772","12.8791","410","63.8","2583","2429","5012","51","32","83","2634","2461","5095","1.6"
"81020","San Vito Lo Capo","SICILIA","Trapani","TP","91010","38.175","12.7335","6","59.7","2175","2111","4286","72","57","129","2247","2168","4415","2.9"
"81021","Trapani","SICILIA","Trapani","TP","91100","38.0188","12.5174","3","272.0","35268","32589","67857","774","610","1384","36042","33199","69241","2.0"
"81022","Valderice","SICILIA","Trapani","TP","91019","38.0369","12.6121","240","52.9","6043","5739","11782","100","69","169","6143","5808","11951","1.4"
"81023","Vita","SICILIA","Trapani","TP","91010","37.8723","12.821","480","8.9","1111","1016","2127","7","5","12","1118","1021","2139","0.6"
"81024","Petrosino","SICILIA","Trapani","TP","91020","37.711","12.4879","13","44.6","3835","3720","7555","63","142","205","3898","3862","7760","2.6"
"82001","Alia","SICILIA","Palermo","PA","90021","37.782","13.7137","726","45.7","1977","1782","3759","27","20","47","2004","1802","3806","1.2"
"82002","Alimena","SICILIA","Palermo","PA","90020","37.6901","14.113","740","59.4","1124","981","2105","30","17","47","1154","998","2152","2.2"
"82003","Aliminusa","SICILIA","Palermo","PA","90020","37.865","13.7827","450","13.7","638","640","1278","8","5","13","646","645","1291","1.0"
"82004","Altavilla Milicia","SICILIA","Palermo","PA","90010","38.0394","13.5476","73","23.8","3653","3645","7298","71","60","131","3724","3705","7429","1.8"
"82005","Altofonte","SICILIA","Palermo","PA","90030","38.0445","13.2981","350","35.3","5224","4995","10219","26","21","47","5250","5016","10266","0.5"
"82006","Bagheria","SICILIA","Palermo","PA","90011","38.0789","13.5124","78","29.7","27703","26234","53937","212","108","320","27915","26342","54257","0.6"
"82007","Balestrate","SICILIA","Palermo","PA","90041","38.0513","13.0074","35","3.9","3237","3061","6298","76","39","115","3313","3100","6413","1.8"
"82008","Baucina","SICILIA","Palermo","PA","90020","37.9268","13.5356","550","24.3","996","979","1975","19","20","39","1015","999","2014","1.9"
"82009","Belmonte Mezzagno","SICILIA","Palermo","PA","90031","38.048","13.3875","356","29.2","5605","5503","11108","28","13","41","5633","5516","11149","0.4"
"82010","Bisacquino","SICILIA","Palermo","PA","90032","37.7006","13.2583","744","64.7","2501","2306","4807","17","5","22","2518","2311","4829","0.5"
"82011","Bolognetta","SICILIA","Palermo","PA","90030","37.9632","13.4573","350","27.6","1943","1923","3866","31","35","66","1974","1958","3932","1.7"
"82012","Bompietro","SICILIA","Palermo","PA","90020","37.7471","14.1003","685","42.4","776","665","1441","26","7","33","802","672","1474","2.2"
"82013","Borgetto","SICILIA","Palermo","PA","90042","38.0481","13.1386","290","26.0","3518","3403","6921","52","48","100","3570","3451","7021","1.4"
"82014","Caccamo","SICILIA","Palermo","PA","90012","37.9314","13.6652","521","187.8","4225","4038","8263","16","16","32","4241","4054","8295","0.4"
"82015","Caltavuturo","SICILIA","Palermo","PA","90022","37.8197","13.891","635","97.2","2122","2008","4130","24","17","41","2146","2025","4171","1.0"
"82016","Campofelice di Fitalia","SICILIA","Palermo","PA","90030","37.8267","13.4862","734","35.3","277","270","547","1","0","1","278","270","548","0.2"
"82017","Campofelice di Roccella","SICILIA","Palermo","PA","90010","37.9916","13.8851","54","14.8","3414","3359","6773","84","61","145","3498","3420","6918","2.1"
"82018","Campofiorito","SICILIA","Palermo","PA","90030","37.7523","13.2678","666","21.4","676","641","1317","6","9","15","682","650","1332","1.1"
"82019","Camporeale","SICILIA","Palermo","PA","90043","37.898","13.0949","425","38.6","1746","1662","3408","19","21","40","1765","1683","3448","1.2"
"82020","Capaci","SICILIA","Palermo","PA","90040","38.1713","13.2392","51","6.1","5547","5381","10928","61","41","102","5608","5422","11030","0.9"
"82021","Carini","SICILIA","Palermo","PA","90044","38.1312","13.1813","170","76.9","17795","17499","35294","231","156","387","18026","17655","35681","1.1"
"82022","Castelbuono","SICILIA","Palermo","PA","90013","37.933","14.0888","423","60.5","4593","4354","8947","131","83","214","4724","4437","9161","2.3"
"82023","Casteldaccia","SICILIA","Palermo","PA","90014","38.055","13.5312","79","34.0","5457","5298","10755","76","53","129","5533","5351","10884","1.2"
"82024","Castellana Sicula","SICILIA","Palermo","PA","90020","37.782","14.0433","765","72.5","1832","1676","3508","24","17","41","1856","1693","3549","1.2"
"82025","Castronovo di Sicilia","SICILIA","Palermo","PA","90030","38.0482","13.1461","660","199.9","1639","1509","3148","13","14","27","1652","1523","3175","0.9"
"82026","Cefalà Diana","SICILIA","Palermo","PA","90030","37.9151","13.4635","563","9.0","514","484","998","4","5","9","518","489","1007","0.9"
"82027","Cefalù","SICILIA","Palermo","PA","90015","38.0332","14.0174","16","65.8","7164","6880","14044","206","104","310","7370","6984","14354","2.2"
"82028","Cerda","SICILIA","Palermo","PA","90010","37.9035","13.8149","274","43.8","2669","2544","5213","86","92","178","2755","2636","5391","3.3"
"82029","Chiusa Sclafani","SICILIA","Palermo","PA","90033","37.6785","13.2716","658","57.4","1582","1365","2947","5","5","10","1587","1370","2957","0.3"
"82030","Ciminna","SICILIA","Palermo","PA","90023","37.8964","13.5602","530","56.3","1979","1841","3820","17","8","25","1996","1849","3845","0.7"
"82031","Cinisi","SICILIA","Palermo","PA","90045","38.1551","13.1088","75","33.2","6006","5835","11841","114","76","190","6120","5911","12031","1.6"
"82032","Collesano","SICILIA","Palermo","PA","90016","37.9233","13.939","468","108.4","2086","1938","4024","41","30","71","2127","1968","4095","1.7"
"82033","Contessa Entellina","SICILIA","Palermo","PA","90030","37.7295","13.1834","571","136.4","935","901","1836","14","15","29","949","916","1865","1.6"
"82034","Corleone","SICILIA","Palermo","PA","90034","37.8138","13.2988","550","229.1","5761","5442","11203","48","35","83","5809","5477","11286","0.7"
"82035","Ficarazzi","SICILIA","Palermo","PA","90010","38.0897","13.4707","23","3.6","5759","5663","11422","37","25","62","5796","5688","11484","0.5"
"82036","Gangi","SICILIA","Palermo","PA","90024","37.7966","14.2059","1.011","127.2","3640","3366","7006","33","24","57","3673","3390","7063","0.8"
"82037","Geraci Siculo","SICILIA","Palermo","PA","90010","37.8519","14.1527","1.077","113.0","992","913","1905","11","9","20","1003","922","1925","1.0"
"82038","Giardinello","SICILIA","Palermo","PA","90040","38.0886","13.157","275","12.5","1097","1115","2212","24","22","46","1121","1137","2258","2.0"
"82039","Giuliana","SICILIA","Palermo","PA","90030","37.6704","13.2376","710","24.2","1013","1007","2020","7","5","12","1020","1012","2032","0.6"
"82040","Godrano","SICILIA","Palermo","PA","90030","37.8508","13.4165","698","38.9","577","563","1140","7","6","13","584","569","1153","1.1"
"82041","Gratteri","SICILIA","Palermo","PA","90010","37.9655","13.9745","657","38.5","530","472","1002","10","7","17","540","479","1019","1.7"
"82042","Isnello","SICILIA","Palermo","PA","90010","37.9424","14.0053","530","50.2","842","750","1592","5","1","6","847","751","1598","0.4"
"82043","Isola delle Femmine","SICILIA","Palermo","PA","90040","38.1896","13.2519","6","3.5","3483","3508","6991","58","51","109","3541","3559","7100","1.5"
"82044","Lascari","SICILIA","Palermo","PA","90010","37.9977","13.9445","76","10.4","1775","1671","3446","36","18","54","1811","1689","3500","1.5"
"82045","Lercara Friddi","SICILIA","Palermo","PA","90025","37.7467","13.5984","660","37.3","3606","3244","6850","53","32","85","3659","3276","6935","1.2"
"82046","Marineo","SICILIA","Palermo","PA","90035","37.9527","13.4141","531","33.3","3405","3306","6711","36","32","68","3441","3338","6779","1.0"
"82047","Mezzojuso","SICILIA","Palermo","PA","90030","37.863","13.4687","534","49.4","1519","1427","2946","45","29","74","1564","1456","3020","2.5"
"82048","Misilmeri","SICILIA","Palermo","PA","90036","38.0299","13.4482","129","69.2","13852","13509","27361","93","116","209","13945","13625","27570","0.8"
"82049","Monreale","SICILIA","Palermo","PA","90046","38.0815","13.289","310","529.2","19100","18641","37741","175","102","277","19275","18743","38018","0.7"
"82050","Montelepre","SICILIA","Palermo","PA","90040","38.0914","13.1798","343","9.9","3221","3052","6273","80","68","148","3301","3120","6421","2.3"
"82051","Montemaggiore Belsito","SICILIA","Palermo","PA","90020","37.8483","13.7619","517","31.8","1837","1697","3534","17","15","32","1854","1712","3566","0.9"
"82052","Palazzo Adriano","SICILIA","Palermo","PA","90030","37.6815","13.3791","696","129.3","1172","1048","2220","5","2","7","1177","1050","2227","0.3"
"82053","Palermo","SICILIA","Palermo","PA","90100","38.1157","13.3613","14","158.9","334608","303309","637917","9782","9862","19644","344390","313171","657561","3.0"
"82054","Partinico","SICILIA","Palermo","PA","90047","38.0467","13.1184","175","110.3","15708","14986","30694","366","341","707","16074","15327","31401","2.3"
"82055","Petralia Soprana","SICILIA","Palermo","PA","90026","37.7965","14.1085","1.147","56.9","1731","1667","3398","30","15","45","1761","1682","3443","1.3"
"82056","Petralia Sottana","SICILIA","Palermo","PA","90027","37.8086","14.09","1.000","178.0","1571","1369","2940","26","9","35","1597","1378","2975","1.2"
"82057","Piana degli Albanesi","SICILIA","Palermo","PA","90037","37.9475","13.301","720","64.9","3042","2775","5817","101","92","193","3143","2867","6010","3.2"
"82058","Polizzi Generosa","SICILIA","Palermo","PA","90028","37.812","14.0049","920","134.3","1848","1732","3580","20","7","27","1868","1739","3607","0.7"
"82059","Pollina","SICILIA","Palermo","PA","90010","37.993","14.1467","730","49.9","1492","1475","2967","23","8","31","1515","1483","2998","1.0"
"82060","Prizzi","SICILIA","Palermo","PA","90038","37.7221","13.4283","966","95.0","2608","2421","5029","16","10","26","2624","2431","5055","0.5"
"82061","Roccamena","SICILIA","Palermo","PA","90040","37.8398","13.1556","480","33.3","782","729","1511","27","24","51","809","753","1562","3.3"
"82062","Roccapalumba","SICILIA","Palermo","PA","90020","37.8046","13.6375","530","31.4","1357","1251","2608","14","12","26","1371","1263","2634","1.0"
"82063","San Cipirello","SICILIA","Palermo","PA","90040","37.9634","13.1759","394","20.9","2783","2588","5371","56","51","107","2839","2639","5478","2.0"
"82064","San Giuseppe Jato","SICILIA","Palermo","PA","90048","37.9691","13.1818","467","29.5","4340","4048","8388","79","44","123","4419","4092","8511","1.4"
"82065","San Mauro Castelverde","SICILIA","Palermo","PA","90010","37.9155","14.1922","1.050","114.2","938","896","1834","9","4","13","947","900","1847","0.7"
"82066","Santa Cristina Gela","SICILIA","Palermo","PA","90030","37.9848","13.3281","674","38.6","448","453","901","15","9","24","463","462","925","2.6"
"82067","Santa Flavia","SICILIA","Palermo","PA","90017","38.0817","13.5253","45","14.5","5449","5246","10695","36","20","56","5485","5266","10751","0.5"
"82068","Sciara","SICILIA","Palermo","PA","90020","37.9175","13.76","210","31.2","1397","1331","2728","24","35","59","1421","1366","2787","2.1"
"82069","Sclafani Bagni","SICILIA","Palermo","PA","90020","37.8212","13.8548","755","135.1","224","224","448","1","1","2","225","225","450","0.4"
"82070","Termini Imerese","SICILIA","Palermo","PA","90018","37.984","13.6962","77","77.6","13859","13149","27008","119","90","209","13978","13239","27217","0.8"
"82071","Terrasini","SICILIA","Palermo","PA","90049","38.1515","13.0827","33","19.4","5925","5833","11758","135","92","227","6060","5925","11985","1.9"
"82072","Torretta","SICILIA","Palermo","PA","90040","38.1316","13.2368","325","25.4","2092","1992","4084","35","22","57","2127","2014","4141","1.4"
"82073","Trabia","SICILIA","Palermo","PA","90019","37.9915","13.6579","50","20.5","4615","4682","9297","29","18","47","4644","4700","9344","0.5"
"82074","Trappeto","SICILIA","Palermo","PA","90040","38.0687","13.0425","25","4.1","1601","1556","3157","34","20","54","1635","1576","3211","1.7"
"82075","Ustica","SICILIA","Palermo","PA","90010","38.7099","13.1913","49","8.1","629","619","1248","25","14","39","654","633","1287","3.0"
"82076","Valledolmo","SICILIA","Palermo","PA","90029","37.7472","13.8277","746","25.8","1928","1758","3686","35","26","61","1963","1784","3747","1.6"
"82077","Ventimiglia di Sicilia","SICILIA","Palermo","PA","90020","37.9226","13.5727","540","26.7","1034","1007","2041","23","16","39","1057","1023","2080","1.9"
"82078","Vicari","SICILIA","Palermo","PA","90020","37.8262","13.5706","700","85.7","1506","1393","2899","32","17","49","1538","1410","2948","1.7"
"82079","Villabate","SICILIA","Palermo","PA","90039","38.0757","13.4434","47","3.8","9950","9500","19450","165","204","369","10115","9704","19819","1.9"
"82080","Villafrati","SICILIA","Palermo","PA","90030","37.9054","13.4893","450","25.6","1701","1613","3314","34","29","63","1735","1642","3377","1.9"
"82081","Scillato","SICILIA","Palermo","PA","90020","37.856","13.9053","218","30.9","313","305","618","6","3","9","319","308","627","1.4"
"82082","Blufi","SICILIA","Palermo","PA","90020","37.7523","14.077","725","20.6","564","500","1064","12","7","19","576","507","1083","1.8"
"83001","Alcara li Fusi","SICILIA","Messina","ME","98070","38.0213","14.701","400","62.4","1070","980","2050","17","5","22","1087","985","2072","1.1"
"83002","Alì","SICILIA","Messina","ME","98020","38.0274","15.4193","450","16.7","402","413","815","5","3","8","407","416","823","1.0"
"83003","Alì Terme","SICILIA","Messina","ME","98021","38.0037","15.4222","9","6.2","1292","1194","2486","48","33","81","1340","1227","2567","3.2"
"83004","Antillo","SICILIA","Messina","ME","98030","37.9759","15.2464","480","43.4","481","495","976","11","5","16","492","500","992","1.6"
"83005","Barcellona Pozzo di Gotto","SICILIA","Messina","ME","98051","38.1473","15.2128","60","58.9","20281","19066","39347","1123","1162","2285","21404","20228","41632","5.5"
"83006","Basicò","SICILIA","Messina","ME","98060","38.0604","15.0623","520","12.0","353","313","666","9","4","13","362","317","679","1.9"
"83007","Brolo","SICILIA","Messina","ME","98061","38.1564","14.8279","8","7.9","2922","2725","5647","94","85","179","3016","2810","5826","3.1"
"83008","Capizzi","SICILIA","Messina","ME","98031","37.8486","14.4772","1.100","69.9","1723","1617","3340","6","1","7","1729","1618","3347","0.2"
"83009","Capo d'Orlando","SICILIA","Messina","ME","98071","38.1585","14.7427","8","14.6","6764","6087","12851","257","152","409","7021","6239","13260","3.1"
"83010","Capri Leone","SICILIA","Messina","ME","98070","38.0859","14.7298","400","6.6","2257","2153","4410","69","37","106","2326","2190","4516","2.3"
"83011","Caronia","SICILIA","Messina","ME","98072","37.9808","14.4956","304","226.6","1794","1606","3400","40","23","63","1834","1629","3463","1.8"
"83012","Casalvecchio Siculo","SICILIA","Messina","ME","98032","37.9575","15.3218","420","33.4","440","461","901","3","3","6","443","464","907","0.7"
"83013","Castel di Lucio","SICILIA","Messina","ME","98070","37.8877","14.3132","753","28.4","684","667","1351","12","3","15","696","670","1366","1.1"
"83014","Castell'Umberto","SICILIA","Messina","ME","98070","38.0857","14.8061","660","11.4","1711","1546","3257","23","15","38","1734","1561","3295","1.2"
"83015","Castelmola","SICILIA","Messina","ME","98030","37.8667","15.2604","529","16.4","512","500","1012","34","27","61","546","527","1073","5.7"
"83016","Castroreale","SICILIA","Messina","ME","98053","38.1006","15.2126","394","54.7","1282","1189","2471","45","32","77","1327","1221","2548","3.0"
"83017","Cesarò","SICILIA","Messina","ME","98033","37.8431","14.7127","1.150","215.8","1324","1229","2553","10","9","19","1334","1238","2572","0.7"
"83018","Condrò","SICILIA","Messina","ME","98040","38.1739","15.327","58","5.2","240","227","467","9","5","14","249","232","481","2.9"
"83019","Falcone","SICILIA","Messina","ME","98060","38.1168","15.0854","3","9.3","1402","1347","2749","71","54","125","1473","1401","2874","4.3"
"83020","Ficarra","SICILIA","Messina","ME","98062","38.1098","14.8287","450","18.6","792","756","1548","15","3","18","807","759","1566","1.1"
"83021","Fiumedinisi","SICILIA","Messina","ME","98022","38.0263","15.3821","200","36.0","781","743","1524","21","14","35","802","757","1559","2.2"
"83022","Floresta","SICILIA","Messina","ME","98030","37.9858","14.9075","1.275","31.1","258","239","497","11","8","19","269","247","516","3.7"
"83023","Fondachelli-Fantina","SICILIA","Messina","ME","98050","38.0257","15.176","703","42.0","533","510","1043","25","22","47","558","532","1090","4.3"
"83024","Forza d'Agrò","SICILIA","Messina","ME","98030","37.9242","15.2956","420","11.2","430","395","825","34","19","53","464","414","878","6.0"
"83025","Francavilla di Sicilia","SICILIA","Messina","ME","98034","37.9015","15.1359","330","82.1","2005","1840","3845","39","17","56","2044","1857","3901","1.4"
"83026","Frazzanò","SICILIA","Messina","ME","98070","38.0715","14.743","563","6.9","380","358","738","12","5","17","392","363","755","2.3"
"83027","Furci Siculo","SICILIA","Messina","ME","98023","37.9614","15.3818","9","17.9","1693","1606","3299","70","59","129","1763","1665","3428","3.8"
"83028","Furnari","SICILIA","Messina","ME","98054","38.1038","15.1234","145","13.5","1733","1715","3448","117","100","217","1850","1815","3665","5.9"
"83029","Gaggi","SICILIA","Messina","ME","98030","37.8602","15.2212","106","7.3","1524","1495","3019","68","51","119","1592","1546","3138","3.8"
"83030","Galati Mamertino","SICILIA","Messina","ME","98070","38.0325","14.7727","790","39.1","1483","1296","2779","12","3","15","1495","1299","2794","0.5"
"83031","Gallodoro","SICILIA","Messina","ME","98030","37.902","15.2937","388","6.9","179","181","360","17","4","21","196","185","381","5.5"
"83032","Giardini-Naxos","SICILIA","Messina","ME","98035","37.8223","15.2634","5","5.4","4564","4211","8775","314","179","493","4878","4390","9268","5.3"
"83033","Gioiosa Marea","SICILIA","Messina","ME","98063","38.1748","14.8962","30","26.3","3524","3373","6897","124","93","217","3648","3466","7114","3.1"
"83034","Graniti","SICILIA","Messina","ME","98036","37.8911","15.2258","350","10.0","731","744","1475","28","19","47","759","763","1522","3.1"
"83035","Gualtieri Sicaminò","SICILIA","Messina","ME","98040","38.163","15.3175","80","14.4","942","840","1782","32","20","52","974","860","1834","2.8"
"83036","Itala","SICILIA","Messina","ME","98025","38.0509","15.4369","210","10.7","849","788","1637","17","9","26","866","797","1663","1.6"
"83037","Leni","SICILIA","Messina","ME","98050","38.5583","14.8265","202","8.6","312","322","634","30","38","68","342","360","702","9.7"
"83038","Letojanni","SICILIA","Messina","ME","98037","37.8886","15.3102","5","6.8","1287","1244","2531","108","60","168","1395","1304","2699","6.2"
"83039","Librizzi","SICILIA","Messina","ME","98064","38.0971","14.9583","501","23.4","917","839","1756","10","5","15","927","844","1771","0.8"
"83040","Limina","SICILIA","Messina","ME","98030","37.9414","15.2727","552","9.8","477","416","893","6","1","7","483","417","900","0.8"
"83041","Lipari","SICILIA","Messina","ME","98055","38.4648","14.9541","44","88.6","5443","5598","11041","328","273","601","5771","5871","11642","5.2"
"83042","Longi","SICILIA","Messina","ME","98070","38.0273","14.7531","616","42.1","792","749","1541","13","8","21","805","757","1562","1.3"
"83043","Malfa","SICILIA","Messina","ME","98050","38.5748","14.8163","90","8.9","437","444","881","43","64","107","480","508","988","10.8"
"83044","Malvagna","SICILIA","Messina","ME","98030","37.918","15.0557","710","6.9","422","363","785","6","3","9","428","366","794","1.1"
"83045","Mandanici","SICILIA","Messina","ME","98020","38.0038","15.3169","417","11.7","319","296","615","11","3","14","330","299","629","2.2"
"83046","Mazzarrà Sant'Andrea","SICILIA","Messina","ME","98056","38.0896","15.1354","110","6.6","756","696","1452","41","74","115","797","770","1567","7.3"
"83047","Merì","SICILIA","Messina","ME","98040","38.1662","15.2495","64","1.9","1135","1121","2256","75","65","140","1210","1186","2396","5.8"
"83048","Messina","SICILIA","Messina","ME","98100","38.1938","15.554","3","211.2","121381","110774","232155","5531","5576","11107","126912","116350","243262","4.6"
"83049","Milazzo","SICILIA","Messina","ME","98057","38.2259","15.2386","1","24.2","16123","15214","31337","487","322","809","16610","15536","32146","2.5"
"83050","Militello Rosmarino","SICILIA","Messina","ME","98070","38.0455","14.6759","420","29.7","672","631","1303","20","11","31","692","642","1334","2.3"
"83051","Mirto","SICILIA","Messina","ME","98070","38.0843","14.7505","428","9.4","523","467","990","6","4","10","529","471","1000","1.0"
"83052","Mistretta","SICILIA","Messina","ME","98073","37.9152","14.3559","900","126.8","2611","2315","4926","64","24","88","2675","2339","5014","1.8"
"83053","Moio Alcantara","SICILIA","Messina","ME","98030","37.8998","15.0499","538","8.4","384","357","741","7","8","15","391","365","756","2.0"
"83054","Monforte San Giorgio","SICILIA","Messina","ME","98041","38.1565","15.3829","287","32.3","1463","1352","2815","39","26","65","1502","1378","2880","2.3"
"83055","Mongiuffi Melia","SICILIA","Messina","ME","98030","37.9105","15.2774","375","24.3","330","313","643","5","5","10","335","318","653","1.5"
"83056","Montagnareale","SICILIA","Messina","ME","98060","38.1322","14.9465","328","16.2","828","783","1611","15","5","20","843","788","1631","1.2"
"83057","Montalbano Elicona","SICILIA","Messina","ME","98065","38.0229","15.0164","920","67.4","1230","1113","2343","55","22","77","1285","1135","2420","3.2"
"83058","Motta Camastra","SICILIA","Messina","ME","98030","37.8944","15.1701","453","25.3","424","431","855","11","16","27","435","447","882","3.1"
"83059","Motta d'Affermo","SICILIA","Messina","ME","98070","37.9891","14.3036","660","14.6","422","403","825","3","0","3","425","403","828","0.4"
"83060","Naso","SICILIA","Messina","ME","98074","38.1203","14.7863","490","36.6","2087","1866","3953","40","22","62","2127","1888","4015","1.5"
"83061","Nizza di Sicilia","SICILIA","Messina","ME","98026","37.9924","15.4114","9","13.2","1883","1765","3648","45","30","75","1928","1795","3723","2.0"
"83062","Novara di Sicilia","SICILIA","Messina","ME","98058","38.016","15.1308","650","48.8","710","635","1345","26","42","68","736","677","1413","4.8"
"83063","Oliveri","SICILIA","Messina","ME","98060","38.123","15.06","2","10.3","1070","1023","2093","42","22","64","1112","1045","2157","3.0"
"83064","Pace del Mela","SICILIA","Messina","ME","98042","38.1784","15.3074","114","12.1","3148","3043","6191","112","85","197","3260","3128","6388","3.1"
"83065","Pagliara","SICILIA","Messina","ME","98020","37.9863","15.3601","200","14.6","636","563","1199","14","17","31","650","580","1230","2.5"
"83066","Patti","SICILIA","Messina","ME","98066","38.1386","14.9666","157","50.2","6671","6226","12897","236","192","428","6907","6418","13325","3.2"
"83067","Pettineo","SICILIA","Messina","ME","98070","37.9356","14.2745","300","30.5","743","678","1421","9","3","12","752","681","1433","0.8"
"83068","Piraino","SICILIA","Messina","ME","98060","38.1616","14.8609","415","17.2","1985","1895","3880","56","28","84","2041","1923","3964","2.1"
"83069","Raccuja","SICILIA","Messina","ME","98067","38.0583","14.9095","640","25.1","592","512","1104","22","13","35","614","525","1139","3.1"
"83070","Reitano","SICILIA","Messina","ME","98070","37.9727","14.343","396","13.9","391","394","785","26","18","44","417","412","829","5.3"
"83071","Roccafiorita","SICILIA","Messina","ME","98030","37.9305","15.2686","723","1.1","123","100","223","3","2","5","126","102","228","2.2"
"83072","Roccalumera","SICILIA","Messina","ME","98027","37.9695","15.3887","7","8.8","2082","1873","3955","87","63","150","2169","1936","4105","3.7"
"83073","Roccavaldina","SICILIA","Messina","ME","98040","38.1827","15.3749","320","6.5","576","551","1127","14","8","22","590","559","1149","1.9"
"83074","Roccella Valdemone","SICILIA","Messina","ME","98030","37.9339","15.0107","812","41.0","359","339","698","6","7","13","365","346","711","1.8"
"83075","Rodì Milici","SICILIA","Messina","ME","98059","38.11","15.1692","177","36.2","1058","981","2039","43","48","91","1101","1029","2130","4.3"
"83076","Rometta","SICILIA","Messina","ME","98043","38.1711","15.4149","560","32.5","3243","3198","6441","63","37","100","3306","3235","6541","1.5"
"83077","San Filippo del Mela","SICILIA","Messina","ME","98044","38.1692","15.2743","123","9.8","3519","3355","6874","98","93","191","3617","3448","7065","2.7"
"83078","San Fratello","SICILIA","Messina","ME","98075","38.0128","14.5975","675","67.1","2017","1913","3930","9","3","12","2026","1916","3942","0.3"
"83079","San Marco d'Alunzio","SICILIA","Messina","ME","98070","38.0737","14.6979","540","26.1","1066","997","2063","16","4","20","1082","1001","2083","1.0"
"83080","San Pier Niceto","SICILIA","Messina","ME","98045","38.1583","15.3511","260","36.3","1450","1390","2840","40","31","71","1490","1421","2911","2.4"
"83081","San Piero Patti","SICILIA","Messina","ME","98068","38.0504","14.9662","448","41.6","1567","1429","2996","55","31","86","1622","1460","3082","2.8"
"83082","San Salvatore di Fitalia","SICILIA","Messina","ME","98070","38.0706","14.7771","603","14.9","747","619","1366","10","2","12","757","621","1378","0.9"
"83083","Santa Domenica Vittoria","SICILIA","Messina","ME","98030","37.9169","14.9626","1.027","20.0","528","526","1054","8","5","13","536","531","1067","1.2"
"83084","Sant'Agata di Militello","SICILIA","Messina","ME","98076","38.0689","14.6356","30","33.5","6536","5928","12464","207","132","339","6743","6060","12803","2.6"
"83085","Sant'Alessio Siculo","SICILIA","Messina","ME","98030","37.9221","15.347","15","6.2","765","660","1425","45","27","72","810","687","1497","4.8"
"83086","Santa Lucia del Mela","SICILIA","Messina","ME","98046","38.1422","15.2807","215","82.9","2426","2258","4684","44","16","60","2470","2274","4744","1.3"
"83087","Santa Marina Salina","SICILIA","Messina","ME","98050","38.5619","14.8738","25","8.7","373","424","797","42","53","95","415","477","892","10.7"
"83088","Sant'Angelo di Brolo","SICILIA","Messina","ME","98060","38.1141","14.8827","314","30.2","1715","1551","3266","25","6","31","1740","1557","3297","0.9"
"83089","Santa Teresa di Riva","SICILIA","Messina","ME","98028","37.9456","15.3677","6","8.1","4597","4292","8889","220","131","351","4817","4423","9240","3.8"
"83090","San Teodoro","SICILIA","Messina","ME","98030","37.8469","14.6999","1.150","13.9","737","677","1414","5","2","7","742","679","1421","0.5"
"83091","Santo Stefano di Camastra","SICILIA","Messina","ME","98077","38.0141","14.348","70","21.9","2333","2130","4463","156","55","211","2489","2185","4674","4.5"
"83092","Saponara","SICILIA","Messina","ME","98047","38.1943","15.4338","160","26.0","2051","1975","4026","38","14","52","2089","1989","4078","1.3"
"83093","Savoca","SICILIA","Messina","ME","98038","37.9491","15.3424","303","8.8","882","812","1694","46","26","72","928","838","1766","4.1"
"83094","Scaletta Zanclea","SICILIA","Messina","ME","98029","38.0457","15.4636","12","5.1","1165","1060","2225","14","10","24","1179","1070","2249","1.1"
"83095","Sinagra","SICILIA","Messina","ME","98069","38.0835","14.8502","260","23.9","1360","1343","2703","33","24","57","1393","1367","2760","2.1"
"83096","Spadafora","SICILIA","Messina","ME","98048","38.2227","15.3794","6","10.3","2587","2422","5009","43","39","82","2630","2461","5091","1.6"
"83097","Taormina","SICILIA","Messina","ME","98039","37.8516","15.2853","204","13.2","5336","5093","10429","380","275","655","5716","5368","11084","5.9"
"83098","Torregrotta","SICILIA","Messina","ME","98040","38.1907","15.3523","44","4.2","3740","3413","7153","132","141","273","3872","3554","7426","3.7"
"83099","Tortorici","SICILIA","Messina","ME","98078","38.0305","14.8246","468","70.2","3390","3305","6695","29","8","37","3419","3313","6732","0.5"
"83100","Tripi","SICILIA","Messina","ME","98060","38.0468","15.0968","450","54.4","476","429","905","17","11","28","493","440","933","3.0"
"83101","Tusa","SICILIA","Messina","ME","98079","37.9835","14.2363","614","40.9","1573","1463","3036","9","6","15","1582","1469","3051","0.5"
"83102","Ucria","SICILIA","Messina","ME","98060","38.0435","14.8793","710","26.2","589","509","1098","5","2","7","594","511","1105","0.6"
"83103","Valdina","SICILIA","Messina","ME","98040","38.1936","15.3688","213","2.8","668","642","1310","24","18","42","692","660","1352","3.1"
"83104","Venetico","SICILIA","Messina","ME","98040","38.1935","15.3797","227","4.4","1947","1824","3771","52","32","84","1999","1856","3855","2.2"
"83105","Villafranca Tirrena","SICILIA","Messina","ME","98049","38.2355","15.4328","22","14.3","4433","4163","8596","95","57","152","4528","4220","8748","1.7"
"83106","Terme Vigliatore","SICILIA","Messina","ME","98050","38.1336","15.1549","24","13.4","3391","3292","6683","264","266","530","3655","3558","7213","7.3"
"83107","Acquedolci","SICILIA","Messina","ME","98070","38.0555","14.5831","15","13.0","2831","2725","5556","84","104","188","2915","2829","5744","3.3"
"83108","Torrenova","SICILIA","Messina","ME","98070","38.087","14.6784","10","13.0","2111","2005","4116","67","57","124","2178","2062","4240","2.9"
"84001","Agrigento","SICILIA","Agrigento","AG","92100","37.3111","13.5765","230","245.5","29211","27488","56699","784","840","1624","29995","28328","58323","2.8"
"84002","Alessandria della Rocca","SICILIA","Agrigento","AG","92010","37.5696","13.4535","533","61.8","1630","1446","3076","23","19","42","1653","1465","3118","1.3"
"84003","Aragona","SICILIA","Agrigento","AG","92021","37.4074","13.6189","400","75.2","4807","4458","9265","125","103","228","4932","4561","9493","2.4"
"84004","Bivona","SICILIA","Agrigento","AG","92010","37.6184","13.4405","503","87.2","1963","1874","3837","24","21","45","1987","1895","3882","1.2"
"84005","Burgio","SICILIA","Agrigento","AG","92010","37.5986","13.2908","317","40.3","1428","1311","2739","25","16","41","1453","1327","2780","1.5"
"84006","Calamonaci","SICILIA","Agrigento","AG","92010","37.5262","13.2894","307","32.6","692","669","1361","8","6","14","700","675","1375","1.0"
"84007","Caltabellotta","SICILIA","Agrigento","AG","92010","37.5757","13.2186","949","123.2","2034","1801","3835","41","31","72","2075","1832","3907","1.8"
"84008","Camastra","SICILIA","Agrigento","AG","92020","37.2562","13.8042","340","16.6","1087","1029","2116","26","21","47","1113","1050","2163","2.2"
"84009","Cammarata","SICILIA","Agrigento","AG","92022","37.6328","13.6387","682","191.9","3125","3070","6195","40","40","80","3165","3110","6275","1.3"
"84010","Campobello di Licata","SICILIA","Agrigento","AG","92023","37.2588","13.9177","316","79.9","5131","4923","10054","194","190","384","5325","5113","10438","3.7"
"84011","Canicattì","SICILIA","Agrigento","AG","92024","37.3582","13.8494","465","91.8","17402","16056","33458","736","669","1405","18138","16725","34863","4.0"
"84012","Casteltermini","SICILIA","Agrigento","AG","92025","37.541","13.6432","554","103.5","4349","3985","8334","62","26","88","4411","4011","8422","1.0"
"84013","Castrofilippo","SICILIA","Agrigento","AG","92020","37.3475","13.7496","470","17.9","1581","1414","2995","17","8","25","1598","1422","3020","0.8"
"84014","Cattolica Eraclea","SICILIA","Agrigento","AG","92011","37.4408","13.3938","180","64.1","1993","1863","3856","73","46","119","2066","1909","3975","3.0"
"84015","Cianciana","SICILIA","Agrigento","AG","92012","37.5213","13.4328","390","37.4","1782","1634","3416","42","59","101","1824","1693","3517","2.9"
"84016","Comitini","SICILIA","Agrigento","AG","92020","37.4083","13.6437","350","22.3","492","450","942","2","0","2","494","450","944","0.2"
"84017","Favara","SICILIA","Agrigento","AG","92026","37.316","13.6623","338","80.7","16773","15865","32638","186","148","334","16959","16013","32972","1.0"
"84018","Grotte","SICILIA","Agrigento","AG","92020","37.4026","13.7011","516","23.8","3020","2754","5774","37","28","65","3057","2782","5839","1.1"
"84019","Joppolo Giancaxio","SICILIA","Agrigento","AG","92010","37.3879","13.5553","275","19.1","604","563","1167","24","19","43","628","582","1210","3.6"
"84020","Lampedusa e Linosa","SICILIA","Agrigento","AG","92010","35.5074","12.6044","16","25.8","2858","3101","5959","102","44","146","2960","3145","6105","2.4"
"84021","Licata","SICILIA","Agrigento","AG","92027","37.1017","13.9373","8","181.4","19078","18034","37112","499","514","1013","19577","18548","38125","2.7"
"84022","Lucca Sicula","SICILIA","Agrigento","AG","92010","37.5788","13.3067","513","18.6","960","917","1877","15","25","40","975","942","1917","2.1"
"84023","Menfi","SICILIA","Agrigento","AG","92013","37.5992","12.9682","119","112.6","6413","6093","12506","111","94","205","6524","6187","12711","1.6"
"84024","Montallegro","SICILIA","Agrigento","AG","92010","37.3912","13.3504","100","27.2","1300","1224","2524","14","5","19","1314","1229","2543","0.7"
"84025","Montevago","SICILIA","Agrigento","AG","92010","37.7056","12.9852","380","32.7","1524","1460","2984","18","13","31","1542","1473","3015","1.0"
"84026","Naro","SICILIA","Agrigento","AG","92028","37.2948","13.7951","500","207.9","4196","3732","7928","96","79","175","4292","3811","8103","2.2"
"84027","Palma di Montechiaro","SICILIA","Agrigento","AG","92020","37.1929","13.7619","155","76.4","12311","11094","23405","130","108","238","12441","11202","23643","1.0"
"84028","Porto Empedocle","SICILIA","Agrigento","AG","92014","37.2882","13.5272","2","24.5","8473","8156","16629","129","83","212","8602","8239","16841","1.3"
"84029","Racalmuto","SICILIA","Agrigento","AG","92020","37.4088","13.7326","445","67.9","4301","3920","8221","81","43","124","4382","3963","8345","1.5"
"84030","Raffadali","SICILIA","Agrigento","AG","92015","37.4049","13.5312","420","22.1","6590","6033","12623","122","92","214","6712","6125","12837","1.7"
"84031","Ravanusa","SICILIA","Agrigento","AG","92029","37.2679","13.9733","320","49.8","6050","5708","11758","199","171","370","6249","5879","12128","3.1"
"84032","Realmonte","SICILIA","Agrigento","AG","92010","37.3087","13.4622","144","20.4","2253","2164","4417","50","20","70","2303","2184","4487","1.6"
"84033","Ribera","SICILIA","Agrigento","AG","92016","37.5032","13.2668","223","118.7","9762","9058","18820","240","242","482","10002","9300","19302","2.5"
"84034","Sambuca di Sicilia","SICILIA","Agrigento","AG","92017","37.6477","13.1111","350","95.1","3010","2923","5933","89","92","181","3099","3015","6114","3.0"
"84035","San Biagio Platani","SICILIA","Agrigento","AG","92020","37.5093","13.525","416","42.2","1831","1649","3480","11","10","21","1842","1659","3501","0.6"
"84036","San Giovanni Gemini","SICILIA","Agrigento","AG","92020","37.6262","13.6411","670","26.1","4061","3976","8037","55","35","90","4116","4011","8127","1.1"
"84037","Santa Elisabetta","SICILIA","Agrigento","AG","92020","37.4327","13.555","457","16.2","1297","1234","2531","27","50","77","1324","1284","2608","3.0"
"84038","Santa Margherita di Belice","SICILIA","Agrigento","AG","92018","37.6913","13.0226","400","66.3","3370","3088","6458","56","30","86","3426","3118","6544","1.3"
"84039","Sant'Angelo Muxaro","SICILIA","Agrigento","AG","92020","37.4807","13.5462","335","64.5","758","692","1450","10","11","21","768","703","1471","1.4"
"84040","Santo Stefano Quisquina","SICILIA","Agrigento","AG","92020","37.6255","13.4897","730","85.3","2487","2378","4865","25","7","32","2512","2385","4897","0.7"
"84041","Sciacca","SICILIA","Agrigento","AG","92019","37.5085","13.0816","60","190.3","20728","19655","40383","290","226","516","21018","19881","40899","1.3"
"84042","Siculiana","SICILIA","Agrigento","AG","92010","37.3354","13.4217","129","40.5","2352","2237","4589","29","14","43","2381","2251","4632","0.9"
"84043","Villafranca Sicula","SICILIA","Agrigento","AG","92020","37.5874","13.2892","330","17.5","740","647","1387","23","16","39","763","663","1426","2.7"
"85001","Acquaviva Platani","SICILIA","Caltanissetta","CL","93010","37.5723","13.7011","558","14.7","530","503","1033","8","0","8","538","503","1041","0.8"
"85002","Bompensiere","SICILIA","Caltanissetta","CL","93010","37.4738","13.7808","283","19.7","303","303","606","4","0","4","307","303","610","0.7"
"85003","Butera","SICILIA","Caltanissetta","CL","93011","37.1916","14.1825","402","297.1","2448","2358","4806","73","58","131","2521","2416","4937","2.7"
"85004","Caltanissetta","SICILIA","Caltanissetta","CL","93100","37.4901","14.0629","568","417.2","31572","28519","60091","894","726","1620","32466","29245","61711","2.6"
"85005","Campofranco","SICILIA","Caltanissetta","CL","93010","37.5097","13.7104","350","36.1","1662","1524","3186","22","10","32","1684","1534","3218","1.0"
"85006","Delia","SICILIA","Caltanissetta","CL","93010","37.3563","13.9268","420","12.3","2152","1873","4025","151","149","300","2303","2022","4325","6.9"
"85007","Gela","SICILIA","Caltanissetta","CL","93012","37.0742","14.2404","46","277.3","38159","36796","74955","415","298","713","38574","37094","75668","0.9"
"85008","Marianopoli","SICILIA","Caltanissetta","CL","93010","37.5992","13.9149","720","13.0","1039","953","1992","11","3","14","1050","956","2006","0.7"
"85009","Mazzarino","SICILIA","Caltanissetta","CL","93013","37.3047","14.2118","553","294.0","6385","5775","12160","95","78","173","6480","5853","12333","1.4"
"85010","Milena","SICILIA","Caltanissetta","CL","93010","37.4705","13.7366","436","24.6","1627","1532","3159","12","7","19","1639","1539","3178","0.6"
"85011","Montedoro","SICILIA","Caltanissetta","CL","93010","37.4545","13.8155","450","14.1","867","735","1602","26","15","41","893","750","1643","2.5"
"85012","Mussomeli","SICILIA","Caltanissetta","CL","93014","37.5757","13.753","726","163.9","5621","5251","10872","78","60","138","5699","5311","11010","1.3"
"85013","Niscemi","SICILIA","Caltanissetta","CL","93015","37.1486","14.3878","332","96.5","13879","13432","27311","286","378","664","14165","13810","27975","2.4"
"85014","Resuttano","SICILIA","Caltanissetta","CL","93010","37.6766","14.0299","600","38.2","1102","1028","2130","5","4","9","1107","1032","2139","0.4"
"85015","Riesi","SICILIA","Caltanissetta","CL","93016","37.2808","14.0808","330","66.7","6059","5465","11524","172","118","290","6231","5583","11814","2.5"
"85016","San Cataldo","SICILIA","Caltanissetta","CL","93017","37.4832","13.9881","625","75.1","11856","11130","22986","247","191","438","12103","11321","23424","1.9"
"85017","Santa Caterina Villarmosa","SICILIA","Caltanissetta","CL","93018","37.5894","14.0355","606","75.6","2940","2652","5592","77","58","135","3017","2710","5727","2.4"
"85018","Serradifalco","SICILIA","Caltanissetta","CL","93010","37.4566","13.8826","504","41.6","3201","2927","6128","72","65","137","3273","2992","6265","2.2"
"85019","Sommatino","SICILIA","Caltanissetta","CL","93019","37.3343","13.9945","359","34.7","3716","3405","7121","81","65","146","3797","3470","7267","2.0"
"85020","Sutera","SICILIA","Caltanissetta","CL","93010","37.5208","13.7355","590","35.5","773","654","1427","8","1","9","781","655","1436","0.6"
"85021","Vallelunga Pratameno","SICILIA","Caltanissetta","CL","93010","37.6839","13.8324","472","39.2","1911","1699","3610","18","13","31","1929","1712","3641","0.9"
"85022","Villalba","SICILIA","Caltanissetta","CL","93010","37.6558","13.8455","620","41.5","886","837","1723","6","2","8","892","839","1731","0.5"
"86001","Agira","SICILIA","Enna","EN","94011","37.6567","14.5189","650","163.1","4315","4117","8432","29","23","52","4344","4140","8484","0.6"
"86002","Aidone","SICILIA","Enna","EN","94010","37.4159","14.4455","800","209.8","2533","2335","4868","46","15","61","2579","2350","4929","1.2"
"86003","Assoro","SICILIA","Enna","EN","94010","37.6273","14.4223","850","111.5","2692","2622","5314","35","17","52","2727","2639","5366","1.0"
"86004","Barrafranca","SICILIA","Enna","EN","94012","37.3754","14.2009","450","53.6","7259","6605","13864","65","48","113","7324","6653","13977","0.8"
"86005","Calascibetta","SICILIA","Enna","EN","94010","37.5895","14.2705","691","88.2","2369","2176","4545","69","14","83","2438","2190","4628","1.8"
"86006","Catenanuova","SICILIA","Enna","EN","94010","37.571","14.6919","170","11.2","2510","2374","4884","68","47","115","2578","2421","4999","2.3"
"86007","Centuripe","SICILIA","Enna","EN","94010","37.6127","14.7754","730","173.0","2822","2695","5517","54","28","82","2876","2723","5599","1.5"
"86008","Cerami","SICILIA","Enna","EN","94010","37.8095","14.5082","970","94.9","1097","1036","2133","8","9","17","1105","1045","2150","0.8"
"86009","Enna","SICILIA","Enna","EN","94100","37.5656","14.2751","931","357.2","14258","13075","27333","356","205","561","14614","13280","27894","2.0"
"86010","Gagliano Castelferrato","SICILIA","Enna","EN","94010","37.7108","14.5347","651","55.9","1904","1784","3688","25","9","34","1929","1793","3722","0.9"
"86011","Leonforte","SICILIA","Enna","EN","94013","37.6392","14.3916","603","83.9","7102","6650","13752","74","52","126","7176","6702","13878","0.9"
"86012","Nicosia","SICILIA","Enna","EN","94014","37.7469","14.3953","724","217.8","7236","6911","14147","79","46","125","7315","6957","14272","0.9"
"86013","Nissoria","SICILIA","Enna","EN","94010","37.6536","14.4499","691","61.6","1462","1490","2952","11","6","17","1473","1496","2969","0.6"
"86014","Piazza Armerina","SICILIA","Enna","EN","94015","37.3858","14.3707","697","302.9","11128","10427","21555","388","253","641","11516","10680","22196","2.9"
"86015","Pietraperzia","SICILIA","Enna","EN","94016","37.421","14.1395","476","117.7","3829","3359","7188","23","16","39","3852","3375","7227","0.5"
"86016","Regalbuto","SICILIA","Enna","EN","94017","37.65","14.6403","520","169.3","3678","3582","7260","73","55","128","3751","3637","7388","1.7"
"86017","Sperlinga","SICILIA","Enna","EN","94010","37.7657","14.3514","750","58.8","421","403","824","5","4","9","426","407","833","1.1"
"86018","Troina","SICILIA","Enna","EN","94018","37.7848","14.6001","1.121","167.3","4936","4592","9528","66","34","100","5002","4626","9628","1.0"
"86019","Valguarnera Caropepe","SICILIA","Enna","EN","94019","37.495","14.384","590","9.3","4250","3836","8086","65","31","96","4315","3867","8182","1.2"
"86020","Villarosa","SICILIA","Enna","EN","94010","37.5865","14.1735","523","55.0","2669","2400","5069","40","21","61","2709","2421","5130","1.2"
"87001","Aci Bonaccorsi","SICILIA","Catania","CT","95020","37.5955","15.1095","365","1.7","1635","1519","3154","27","19","46","1662","1538","3200","1.4"
"87002","Aci Castello","SICILIA","Catania","CT","95021","37.5557","15.1445","15","8.7","9168","8562","17730","247","145","392","9415","8707","18122","2.2"
"87003","Aci Catena","SICILIA","Catania","CT","95022","37.6064","15.1419","170","8.5","14313","14084","28397","205","147","352","14518","14231","28749","1.2"
"87004","Acireale","SICILIA","Catania","CT","95024","37.6078","15.1667","161","40.0","26112","24500","50612","499","345","844","26611","24845","51456","1.6"
"87005","Aci Sant'Antonio","SICILIA","Catania","CT","95025","37.6063","15.126","302","14.3","8575","8472","17047","137","86","223","8712","8558","17270","1.3"
"87006","Adrano","SICILIA","Catania","CT","95031","37.6628","14.8326","560","82.5","18122","17123","35245","175","129","304","18297","17252","35549","0.9"
"87007","Belpasso","SICILIA","Catania","CT","95032","37.5898","14.9768","551","164.5","13067","12857","25924","257","197","454","13324","13054","26378","1.7"
"87008","Biancavilla","SICILIA","Catania","CT","95033","37.6412","14.8706","515","70.7","12038","11318","23356","186","161","347","12224","11479","23703","1.5"
"87009","Bronte","SICILIA","Catania","CT","95034","37.7883","14.8307","760","250.0","9874","9070","18944","165","125","290","10039","9195","19234","1.5"
"87010","Calatabiano","SICILIA","Catania","CT","95011","37.8229","15.2276","60","26.3","2725","2555","5280","77","26","103","2802","2581","5383","1.9"
"87011","Caltagirone","SICILIA","Catania","CT","95041","37.2381","14.5126","608","382.8","19312","18083","37395","383","345","728","19695","18428","38123","1.9"
"87012","Camporotondo Etneo","SICILIA","Catania","CT","95040","37.5705","15.0033","445","6.4","2199","2252","4451","18","7","25","2217","2259","4476","0.6"
"87013","Castel di Iudica","SICILIA","Catania","CT","95040","37.4945","14.6484","475","102.3","2386","2307","4693","32","23","55","2418","2330","4748","1.2"
"87014","Castiglione di Sicilia","SICILIA","Catania","CT","95012","37.8809","15.124","621","120.4","1656","1533","3189","60","49","109","1716","1582","3298","3.3"
"87015","Catania","SICILIA","Catania","CT","95100","37.508","15.0829","7","180.9","151392","135521","286913","3678","3311","6989","155070","138832","293902","2.4"
"87016","Fiumefreddo di Sicilia","SICILIA","Catania","CT","95013","37.793","15.2079","62","12.1","4891","4548","9439","158","93","251","5049","4641","9690","2.6"
"87017","Giarre","SICILIA","Catania","CT","95014","37.7271","15.1841","81","27.5","13954","13002","26956","633","525","1158","14587","13527","28114","4.1"
"87018","Grammichele","SICILIA","Catania","CT","95042","37.2148","14.6364","520","31.0","6639","6124","12763","153","148","301","6792","6272","13064","2.3"
"87019","Gravina di Catania","SICILIA","Catania","CT","95030","37.5607","15.0609","355","5.0","13674","12656","26330","142","71","213","13816","12727","26543","0.8"
"87020","Licodia Eubea","SICILIA","Catania","CT","95040","37.1346","14.6704","600","111.7","1446","1373","2819","112","116","228","1558","1489","3047","7.5"
"87021","Linguaglossa","SICILIA","Catania","CT","95015","37.8428","15.1418","550","58.4","2681","2522","5203","114","99","213","2795","2621","5416","3.9"
"87022","Maletto","SICILIA","Catania","CT","95035","37.8318","14.8662","960","40.9","2075","1885","3960","29","26","55","2104","1911","4015","1.4"
"87023","Mascali","SICILIA","Catania","CT","95016","37.7517","15.1935","28","37.7","6789","6640","13429","210","153","363","6999","6793","13792","2.6"
"87024","Mascalucia","SICILIA","Catania","CT","95030","37.5741","15.0506","420","16.2","15170","14562","29732","168","84","252","15338","14646","29984","0.8"
"87025","Militello in Val di Catania","SICILIA","Catania","CT","95043","37.2735","14.7937","413","62.1","3941","3800","7741","41","25","66","3982","3825","7807","0.8"
"87026","Milo","SICILIA","Catania","CT","95010","37.7229","15.1144","720","18.2","515","524","1039","16","10","26","531","534","1065","2.4"
"87027","Mineo","SICILIA","Catania","CT","95044","37.2963","14.6355","511","244.5","2604","2451","5055","90","71","161","2694","2522","5216","3.1"
"87028","Mirabella Imbaccari","SICILIA","Catania","CT","95040","37.3289","14.4436","518","15.4","2722","2411","5133","36","22","58","2758","2433","5191","1.1"
"87029","Misterbianco","SICILIA","Catania","CT","95045","37.5183","15.0077","213","37.5","23866","23024","46890","275","191","466","24141","23215","47356","1.0"
"87030","Motta Sant'Anastasia","SICILIA","Catania","CT","95040","37.5129","14.9698","275","35.7","5648","5395","11043","189","162","351","5837","5557","11394","3.1"
"87031","Nicolosi","SICILIA","Catania","CT","95030","37.6175","15.0241","700","42.5","3498","3438","6936","119","101","220","3617","3539","7156","3.1"
"87032","Palagonia","SICILIA","Catania","CT","95046","37.3282","14.7467","200","57.7","8277","7911","16188","182","170","352","8459","8081","16540","2.1"
"87033","Paternò","SICILIA","Catania","CT","95047","37.5598","14.9115","225","144.0","24180","23087","47267","333","270","603","24513","23357","47870","1.3"
"87034","Pedara","SICILIA","Catania","CT","95030","37.6186","15.0608","610","19.2","6372","6350","12722","114","60","174","6486","6410","12896","1.3"
"87035","Piedimonte Etneo","SICILIA","Catania","CT","95017","37.8072","15.1785","348","26.5","1966","1981","3947","75","57","132","2041","2038","4079","3.2"
"87036","Raddusa","SICILIA","Catania","CT","95040","37.4727","14.532","350","23.3","1674","1572","3246","20","14","34","1694","1586","3280","1.0"
"87037","Ramacca","SICILIA","Catania","CT","95040","37.3851","14.6935","270","305.4","5183","5163","10346","211","218","429","5394","5381","10775","4.0"
"87038","Randazzo","SICILIA","Catania","CT","95036","37.8779","14.9507","765","204.8","5718","5206","10924","108","76","184","5826","5282","11108","1.7"
"87039","Riposto","SICILIA","Catania","CT","95018","37.7321","15.2054","8","12.9","7017","6809","13826","223","132","355","7240","6941","14181","2.5"
"87040","San Cono","SICILIA","Catania","CT","95040","37.2894","14.3642","525","6.6","1382","1286","2668","59","63","122","1441","1349","2790","4.4"
"87041","San Giovanni la Punta","SICILIA","Catania","CT","95037","37.5783","15.0948","350","10.6","11232","10483","21715","205","129","334","11437","10612","22049","1.5"
"87042","San Gregorio di Catania","SICILIA","Catania","CT","95027","37.5658","15.1138","321","5.6","5888","5413","11301","123","73","196","6011","5486","11497","1.7"
"87043","San Michele di Ganzaria","SICILIA","Catania","CT","95040","37.2801","14.4267","490","25.6","1759","1668","3427","23","13","36","1782","1681","3463","1.0"
"87044","San Pietro Clarenza","SICILIA","Catania","CT","95030","37.572","15.0228","463","6.4","3540","3525","7065","26","11","37","3566","3536","7102","0.5"
"87045","Sant'Agata li Battiati","SICILIA","Catania","CT","95030","37.5535","15.0802","320","3.1","5171","4519","9690","83","56","139","5254","4575","9829","1.4"
"87046","Sant'Alfio","SICILIA","Catania","CT","95010","37.7428","15.139","531","23.6","820","769","1589","22","20","42","842","789","1631","2.6"
"87047","Santa Maria di Licodia","SICILIA","Catania","CT","95038","37.6169","14.8868","442","26.2","3623","3510","7133","107","82","189","3730","3592","7322","2.6"
"87048","Santa Venerina","SICILIA","Catania","CT","95010","37.6861","15.1349","337","18.8","4190","4027","8217","80","54","134","4270","4081","8351","1.6"
"87049","Scordia","SICILIA","Catania","CT","95048","37.2939","14.8428","150","24.3","8593","8406","16999","94","92","186","8687","8498","17185","1.1"
"87050","Trecastagni","SICILIA","Catania","CT","95039","37.6162","15.0787","586","19.0","5207","5040","10247","134","101","235","5341","5141","10482","2.2"
"87051","Tremestieri Etneo","SICILIA","Catania","CT","95030","37.5755","15.0734","400","6.5","10850","10012","20862","117","53","170","10967","10065","21032","0.8"
"87052","Valverde","SICILIA","Catania","CT","95028","37.5789","15.1232","305","5.5","3890","3711","7601","64","49","113","3954","3760","7714","1.5"
"87053","Viagrande","SICILIA","Catania","CT","95029","37.6095","15.0975","410","10.1","4037","3913","7950","104","101","205","4141","4014","8155","2.5"
"87054","Vizzini","SICILIA","Catania","CT","95049","37.1613","14.7489","586","125.8","3316","3005","6321","68","20","88","3384","3025","6409","1.4"
"87055","Zafferana Etnea","SICILIA","Catania","CT","95019","37.6897","15.1053","574","76.1","4508","4437","8945","169","135","304","4677","4572","9249","3.3"
"87056","Mazzarrone","SICILIA","Catania","CT","95040","37.0826","14.559","285","33.5","1806","1764","3570","213","206","419","2019","1970","3989","10.5"
"87057","Maniace","SICILIA","Catania","CT","95030","37.884","14.798","787","35.9","1816","1847","3663","7","1","8","1823","1848","3671","0.2"
"87058","Ragalna","SICILIA","Catania","CT","95030","37.6348","14.95","830","39.2","1779","1852","3631","31","14","45","1810","1866","3676","1.2"
"88001","Acate","SICILIA","Ragusa","RG","97011","37.0253","14.4925","199","101.4","3915","3825","7740","645","1189","1834","4560","5014","9574","19.2"
"88002","Chiaramonte Gulfi","SICILIA","Ragusa","RG","97012","37.0311","14.7032","668","126.6","3897","3809","7706","254","264","518","4151","4073","8224","6.3"
"88003","Comiso","SICILIA","Ragusa","RG","97013","36.9474","14.6037","209","64.9","14351","13324","27675","724","785","1509","15075","14109","29184","5.2"
"88004","Giarratana","SICILIA","Ragusa","RG","97010","37.0485","14.7934","520","43.5","1578","1483","3061","43","39","82","1621","1522","3143","2.6"
"88005","Ispica","SICILIA","Ragusa","RG","97014","36.7881","14.9102","170","113.5","7256","7081","14337","317","468","785","7573","7549","15122","5.2"
"88006","Modica","SICILIA","Ragusa","RG","97015","36.8669","14.757","296","290.8","27349","25441","52790","544","625","1169","27893","26066","53959","2.2"
"88007","Monterosso Almo","SICILIA","Ragusa","RG","97010","37.0904","14.7656","691","56.3","1606","1549","3155","22","6","28","1628","1555","3183","0.9"
"88008","Pozzallo","SICILIA","Ragusa","RG","97016","36.7299","14.8491","20","14.9","9294","9114","18408","280","241","521","9574","9355","18929","2.8"
"88009","Ragusa","SICILIA","Ragusa","RG","97100","36.9269","14.7255","502","442.5","34982","32207","67189","1343","1262","2605","36325","33469","69794","3.7"
"88010","Santa Croce Camerina","SICILIA","Ragusa","RG","97017","36.8285","14.5241","87","40.8","4047","3938","7985","571","896","1467","4618","4834","9452","15.5"
"88011","Scicli","SICILIA","Ragusa","RG","97018","36.7932","14.707","106","137.5","12595","11956","24551","623","748","1371","13218","12704","25922","5.3"
"88012","Vittoria","SICILIA","Ragusa","RG","97019","36.9521","14.5373","168","181.3","28767","27547","56314","1932","2760","4692","30699","30307","61006","7.7"
"89001","Augusta","SICILIA","Siracusa","SR","96011","37.228","15.2202","15","109.3","17797","17715","35512","384","273","657","18181","17988","36169","1.8"
"89002","Avola","SICILIA","Siracusa","SR","96012","36.9095","15.1349","40","74.3","15742","15167","30909","214","205","419","15956","15372","31328","1.3"
"89003","Buccheri","SICILIA","Siracusa","SR","96010","37.1269","14.8481","820","57.4","1067","972","2039","55","39","94","1122","1011","2133","4.4"
"89004","Buscemi","SICILIA","Siracusa","SR","96010","37.0862","14.885","761","51.6","550","548","1098","19","11","30","569","559","1128","2.7"
"89005","Canicattini Bagni","SICILIA","Siracusa","SR","96010","37.0303","15.068","362","15.1","3666","3385","7051","82","53","135","3748","3438","7186","1.9"
"89006","Carlentini","SICILIA","Siracusa","SR","96013","37.2698","15.0146","200","158.0","9070","8673","17743","138","77","215","9208","8750","17958","1.2"
"89007","Cassaro","SICILIA","Siracusa","SR","96010","37.1056","14.9481","550","19.4","395","383","778","24","11","35","419","394","813","4.3"
"89008","Ferla","SICILIA","Siracusa","SR","96010","37.1194","14.94","556","24.8","1313","1236","2549","41","10","51","1354","1246","2600","2.0"
"89009","Floridia","SICILIA","Siracusa","SR","96014","37.0833","15.152","111","26.2","11059","10915","21974","381","330","711","11440","11245","22685","3.1"
"89010","Francofonte","SICILIA","Siracusa","SR","96015","37.2261","14.8786","281","74.0","6508","6128","12636","154","133","287","6662","6261","12923","2.2"
"89011","Lentini","SICILIA","Siracusa","SR","96016","37.2838","14.9961","53","215.8","12435","11684","24119","224","141","365","12659","11825","24484","1.5"
"89012","Melilli","SICILIA","Siracusa","SR","96010","37.181","15.1254","310","136.1","6389","6482","12871","129","76","205","6518","6558","13076","1.6"
"89013","Noto","SICILIA","Siracusa","SR","96017","36.8924","15.0652","152","551.1","11738","11503","23241","296","167","463","12034","11670","23704","2.0"
"89014","Pachino","SICILIA","Siracusa","SR","96018","36.712","15.0926","65","50.5","10710","10398","21108","359","601","960","11069","10999","22068","4.4"
"89015","Palazzolo Acreide","SICILIA","Siracusa","SR","96010","37.0619","14.9041","670","86.3","4576","4245","8821","161","109","270","4737","4354","9091","3.0"
"89016","Rosolini","SICILIA","Siracusa","SR","96019","36.82","14.9538","154","76.2","10546","10106","20652","388","486","874","10934","10592","21526","4.1"
"89017","Siracusa","SICILIA","Siracusa","SR","96100","37.0755","15.2866","17","204.1","59252","55973","115225","1619","1541","3160","60871","57514","118385","2.7"
"89018","Solarino","SICILIA","Siracusa","SR","96010","37.1008","15.1197","165","13.0","3822","3795","7617","143","93","236","3965","3888","7853","3.0"
"89019","Sortino","SICILIA","Siracusa","SR","96010","37.158","15.0277","438","93.2","4452","4404","8856","38","13","51","4490","4417","8907","0.6"
"89020","Portopalo di Capo Passero","SICILIA","Siracusa","SR","96010","36.6817","15.1339","20","14.9","1820","1832","3652","55","42","97","1875","1874","3749","2.6"
"89021","Priolo Gargallo","SICILIA","Siracusa","SR","96010","37.1579","15.1837","30","57.6","5984","6044","12028","91","48","139","6075","6092","12167","1.1"
"90003","Alghero","SARDEGNA","Sassari","SS","7041","40.558","8.31929","7","224.4","20747","19143","39890","481","270","751","21228","19413","40641","1.8"
"90004","Anela","SARDEGNA","Sassari","SS","7010","40.4437","9.05713","446","37.0","333","336","669","2","2","4","335","338","673","0.6"
"90005","Ardara","SARDEGNA","Sassari","SS","7010","40.6216","8.80937","296","38.1","383","404","787","8","5","13","391","409","800","1.6"
"90007","Banari","SARDEGNA","Sassari","SS","7040","40.5716","8.69606","419","21.3","301","296","597","8","5","13","309","301","610","2.1"
"90008","Benetutti","SARDEGNA","Sassari","SS","7010","40.4558","9.16802","406","94.5","999","954","1953","15","3","18","1014","957","1971","0.9"
"90010","Bessude","SARDEGNA","Sassari","SS","7040","40.5531","8.72698","447","26.8","235","189","424","2","2","4","237","191","428","0.9"
"90011","Bonnanaro","SARDEGNA","Sassari","SS","7043","40.5334","8.76792","405","21.8","542","468","1010","7","4","11","549","472","1021","1.1"
"90012","Bono","SARDEGNA","Sassari","SS","7011","40.4169","9.03016","540","74.5","1821","1765","3586","29","21","50","1850","1786","3636","1.4"
"90013","Bonorva","SARDEGNA","Sassari","SS","7012","40.4169","8.76889","508","149.6","1846","1797","3643","17","9","26","1863","1806","3669","0.7"
"90015","Borutta","SARDEGNA","Sassari","SS","7040","40.5225","8.74355","471","4.8","153","130","283","1","1","2","154","131","285","0.7"
"90016","Bottidda","SARDEGNA","Sassari","SS","7010","40.3916","9.00888","396","33.8","356","368","724","9","3","12","365","371","736","1.6"
"90018","Bultei","SARDEGNA","Sassari","SS","7010","40.4563","9.06316","509","96.6","533","506","1039","4","3","7","537","509","1046","0.7"
"90019","Bulzi","SARDEGNA","Sassari","SS","7030","40.8444","8.83331","201","21.6","267","280","547","5","0","5","272","280","552","0.9"
"90020","Burgos","SARDEGNA","Sassari","SS","7010","40.3913","8.99368","561","18.3","474","467","941","3","0","3","477","467","944","0.3"
"90022","Cargeghe","SARDEGNA","Sassari","SS","7030","40.6683","8.61545","333","12.1","314","317","631","8","5","13","322","322","644","2.0"
"90023","Castelsardo","SARDEGNA","Sassari","SS","7031","40.9137","8.70859","114","45.5","2879","2795","5674","49","14","63","2928","2809","5737","1.1"
"90024","Cheremule","SARDEGNA","Sassari","SS","7040","40.4837","8.70958","540","24.1","232","220","452","2","1","3","234","221","455","0.7"
"90025","Chiaramonti","SARDEGNA","Sassari","SS","7030","40.7481","8.82661","430","98.8","879","842","1721","8","6","14","887","848","1735","0.8"
"90026","Codrongianos","SARDEGNA","Sassari","SS","7040","40.6576","8.67935","317","30.4","661","654","1315","15","16","31","676","670","1346","2.3"
"90027","Cossoine","SARDEGNA","Sassari","SS","7010","40.4299","8.7155","529","38.8","423","457","880","12","8","20","435","465","900","2.2"
"90028","Esporlatu","SARDEGNA","Sassari","SS","7010","40.3856","8.99033","473","18.3","218","193","411","0","1","1","218","194","412","0.2"
"90029","Florinas","SARDEGNA","Sassari","SS","7030","40.649","8.66095","417","36.1","756","732","1488","33","26","59","789","758","1547","3.8"
"90030","Giave","SARDEGNA","Sassari","SS","7010","40.4517","8.75143","595","46.9","281","290","571","11","4","15","292","294","586","2.6"
"90031","Illorai","SARDEGNA","Sassari","SS","7010","40.3543","9.00341","515","57.0","510","437","947","5","1","6","515","438","953","0.6"
"90032","Ittireddu","SARDEGNA","Sassari","SS","7010","40.5444","8.90232","313","23.9","264","297","561","13","6","19","277","303","580","3.3"
"90033","Ittiri","SARDEGNA","Sassari","SS","7044","40.5942","8.56606","400","111.6","4384","4358","8742","62","64","126","4446","4422","8868","1.4"
"90034","Laerru","SARDEGNA","Sassari","SS","7030","40.8178","8.83364","177","20.0","458","478","936","7","2","9","465","480","945","1.0"
"90038","Mara","SARDEGNA","Sassari","SS","7010","40.4097","8.6391","257","18.9","350","331","681","1","0","1","351","331","682","0.1"
"90039","Martis","SARDEGNA","Sassari","SS","7030","40.7787","8.80674","300","22.9","278","270","548","3","2","5","281","272","553","0.9"
"90040","Monteleone Rocca Doria","SARDEGNA","Sassari","SS","7010","40.4717","8.56013","368","13.0","66","51","117","0","0","0","66","51","117","0.0"
"90042","Mores","SARDEGNA","Sassari","SS","7013","40.5485","8.82946","366","95.1","968","900","1868","37","40","77","1005","940","1945","4.0"
"90043","Muros","SARDEGNA","Sassari","SS","7030","40.6787","8.618","308","11.2","406","416","822","9","6","15","415","422","837","1.8"
"90044","Nughedu San Nicolò","SARDEGNA","Sassari","SS","7010","40.5562","9.02049","577","68.0","427","429","856","13","5","18","440","434","874","2.1"
"90045","Nule","SARDEGNA","Sassari","SS","7010","40.4617","9.18791","650","51.8","713","713","1426","1","0","1","714","713","1427","0.1"
"90046","Nulvi","SARDEGNA","Sassari","SS","7032","40.7892","8.74297","478","67.8","1400","1414","2814","31","6","37","1431","1420","2851","1.3"
"90048","Olmedo","SARDEGNA","Sassari","SS","7040","40.6479","8.38178","68","33.7","1929","1969","3898","67","36","103","1996","2005","4001","2.6"
"90050","Osilo","SARDEGNA","Sassari","SS","7033","40.7429","8.66638","615","98.2","1613","1572","3185","13","6","19","1626","1578","3204","0.6"
"90051","Ossi","SARDEGNA","Sassari","SS","7045","40.6758","8.59751","335","30.1","2944","2878","5822","39","15","54","2983","2893","5876","0.9"
"90052","Ozieri","SARDEGNA","Sassari","SS","7014","40.5863","9.00006","390","252.5","5429","5322","10751","82","48","130","5511","5370","10881","1.2"
"90053","Padria","SARDEGNA","Sassari","SS","7015","40.3943","8.63227","304","48.0","340","336","676","8","11","19","348","347","695","2.7"
"90055","Pattada","SARDEGNA","Sassari","SS","7016","40.5777","9.12348","778","165.1","1595","1637","3232","15","6","21","1610","1643","3253","0.6"
"90056","Perfugas","SARDEGNA","Sassari","SS","7034","40.8281","8.88386","92","60.3","1191","1180","2371","28","16","44","1219","1196","2415","1.8"
"90057","Ploaghe","SARDEGNA","Sassari","SS","7017","40.6649","8.74467","425","96.1","2288","2259","4547","57","49","106","2345","2308","4653","2.3"
"90058","Porto Torres","SARDEGNA","Sassari","SS","7046","40.8334","8.40229","5","102.6","11174","10944","22118","164","109","273","11338","11053","22391","1.2"
"90059","Pozzomaggiore","SARDEGNA","Sassari","SS","7018","40.3998","8.65843","438","79.5","1340","1317","2657","37","23","60","1377","1340","2717","2.2"
"90060","Putifigari","SARDEGNA","Sassari","SS","7040","40.5605","8.46113","267","53.1","374","373","747","8","2","10","382","375","757","1.3"
"90061","Romana","SARDEGNA","Sassari","SS","7010","40.4846","8.58529","267","21.6","298","268","566","6","6","12","304","274","578","2.1"
"90064","Sassari","SARDEGNA","Sassari","SS","7100","40.7259","8.55568","225","546.1","63469","57923","121392","1341","1049","2390","64810","58972","123782","1.9"
"90065","Sedini","SARDEGNA","Sassari","SS","7035","40.8511","8.81678","306","41.5","706","658","1364","11","3","14","717","661","1378","1.0"
"90066","Semestene","SARDEGNA","Sassari","SS","7010","40.3977","8.72408","405","39.7","89","76","165","5","1","6","94","77","171","3.5"
"90067","Sennori","SARDEGNA","Sassari","SS","7036","40.8027","8.62156","277","31.4","3633","3653","7286","47","42","89","3680","3695","7375","1.2"
"90068","Siligo","SARDEGNA","Sassari","SS","7040","40.5758","8.72719","406","43.6","463","416","879","22","11","33","485","427","912","3.6"
"90069","Sorso","SARDEGNA","Sassari","SS","7037","40.7968","8.57503","136","67.1","7045","7091","14136","108","56","164","7153","7147","14300","1.1"
"90071","Thiesi","SARDEGNA","Sassari","SS","7047","40.5236","8.64906","461","63.8","1495","1421","2916","46","43","89","1541","1464","3005","3.0"
"90072","Tissi","SARDEGNA","Sassari","SS","7040","40.6779","8.56214","225","10.4","1132","1146","2278","9","2","11","1141","1148","2289","0.5"
"90073","Torralba","SARDEGNA","Sassari","SS","7048","40.5151","8.76166","430","36.8","489","483","972","22","4","26","511","487","998","2.6"
"90075","Tula","SARDEGNA","Sassari","SS","7010","40.73","8.9834","275","65.5","768","801","1569","18","11","29","786","812","1598","1.8"
"90076","Uri","SARDEGNA","Sassari","SS","7040","40.6408","8.48123","150","56.7","1461","1540","3001","11","4","15","1472","1544","3016","0.5"
"90077","Usini","SARDEGNA","Sassari","SS","7049","40.6638","8.54183","200","30.7","2092","2173","4265","30","26","56","2122","2199","4321","1.3"
"90078","Villanova Monteleone","SARDEGNA","Sassari","SS","7019","40.5007","8.47436","567","202.6","1206","1158","2364","10","1","11","1216","1159","2375","0.5"
"90079","Valledoria","SARDEGNA","Sassari","SS","7039","40.9293","8.82897","16","24.5","1950","2056","4006","60","25","85","2010","2081","4091","2.1"
"90082","Viddalba","SARDEGNA","Sassari","SS","7030","40.9128","8.89044","30","48.8","813","844","1657","20","17","37","833","861","1694","2.2"
"90086","Tergu","SARDEGNA","Sassari","SS","7030","40.8648","8.71233","280","36.5","302","300","602","7","5","12","309","305","614","2.0"
"90087","Santa Maria Coghinas","SARDEGNA","Sassari","SS","7030","40.9075","8.87659","21","22.0","702","702","1404","17","9","26","719","711","1430","1.8"
"90088","Erula","SARDEGNA","Sassari","SS","7030","40.7897","8.94339","457","40.2","365","394","759","6","1","7","371","395","766","0.9"
"90089","Stintino","SARDEGNA","Sassari","SS","7040","40.9401","8.22359","9","58.5","702","775","1477","17","7","24","719","782","1501","1.6"
"91001","Aritzo","SARDEGNA","Nuoro","NU","8031","39.9534","9.20098","796","75.6","659","668","1327","1","0","1","660","668","1328","0.1"
"91003","Atzara","SARDEGNA","Nuoro","NU","8030","39.9929","9.07649","540","35.8","580","616","1196","10","4","14","590","620","1210","1.2"
"91004","Austis","SARDEGNA","Nuoro","NU","8030","40.0708","9.08689","737","50.7","444","425","869","7","0","7","451","425","876","0.8"
"91007","Belvì","SARDEGNA","Nuoro","NU","8030","39.9655","9.18506","660","18.1","332","320","652","6","7","13","338","327","665","2.0"
"91008","Birori","SARDEGNA","Nuoro","NU","8010","40.2657","8.81516","464","17.4","274","280","554","3","4","7","277","284","561","1.2"
"91009","Bitti","SARDEGNA","Nuoro","NU","8021","40.4805","9.38873","548","215.9","1554","1411","2965","28","26","54","1582","1437","3019","1.8"
"91010","Bolotana","SARDEGNA","Nuoro","NU","8011","40.3278","8.95582","472","108.5","1473","1330","2803","26","17","43","1499","1347","2846","1.5"
"91011","Borore","SARDEGNA","Nuoro","NU","8016","40.2155","8.80357","394","42.7","1112","1053","2165","15","10","25","1127","1063","2190","1.1"
"91012","Bortigali","SARDEGNA","Nuoro","NU","8012","40.3079","8.82525","505","67.5","723","659","1382","21","14","35","744","673","1417","2.5"
"91016","Desulo","SARDEGNA","Nuoro","NU","8032","40.0132","9.23182","888","74.7","1254","1210","2464","1","0","1","1255","1210","2465","0.0"
"91017","Dorgali","SARDEGNA","Nuoro","NU","8022","40.2907","9.59344","390","224.8","4212","4194","8406","57","61","118","4269","4255","8524","1.4"
"91018","Dualchi","SARDEGNA","Nuoro","NU","8010","40.2295","8.89577","321","23.4","336","328","664","3","1","4","339","329","668","0.6"
"91024","Fonni","SARDEGNA","Nuoro","NU","8023","40.1209","9.25415","1.000","112.3","2114","1936","4050","7","5","12","2121","1941","4062","0.3"
"91025","Gadoni","SARDEGNA","Nuoro","NU","8030","39.9142","9.18537","696","43.5","442","433","875","5","6","11","447","439","886","1.2"
"91027","Galtellì","SARDEGNA","Nuoro","NU","8020","40.3846","9.61256","35","56.8","1232","1221","2453","13","6","19","1245","1227","2472","0.8"
"91028","Gavoi","SARDEGNA","Nuoro","NU","8020","40.1631","9.1944","790","38.2","1399","1356","2755","18","17","35","1417","1373","2790","1.3"
"91033","Irgoli","SARDEGNA","Nuoro","NU","8020","40.4088","9.63331","26","74.9","1120","1187","2307","23","15","38","1143","1202","2345","1.6"
"91038","Lei","SARDEGNA","Nuoro","NU","8010","40.3077","8.92004","456","19.0","275","277","552","4","10","14","279","287","566","2.5"
"91040","Loculi","SARDEGNA","Nuoro","NU","8020","40.4069","9.60931","27","38.3","244","267","511","2","2","4","246","269","515","0.8"
"91041","Lodè","SARDEGNA","Nuoro","NU","8020","40.582","9.56735","345","120.7","910","979","1889","5","0","5","915","979","1894","0.3"
"91043","Lula","SARDEGNA","Nuoro","NU","8020","40.471","9.48974","516","148.6","723","759","1482","9","4","13","732","763","1495","0.9"
"91044","Macomer","SARDEGNA","Nuoro","NU","8015","40.2662","8.77731","563","122.6","5287","5041","10328","101","82","183","5388","5123","10511","1.7"
"91046","Mamoiada","SARDEGNA","Nuoro","NU","8024","40.2116","9.2839","644","49.0","1313","1238","2551","4","4","8","1317","1242","2559","0.3"
"91047","Meana Sardo","SARDEGNA","Nuoro","NU","8030","39.9451","9.07255","588","73.9","951","938","1889","16","8","24","967","946","1913","1.3"
"91050","Noragugume","SARDEGNA","Nuoro","NU","8010","40.2251","8.91871","288","26.8","173","163","336","2","0","2","175","163","338","0.6"
"91051","Nuoro","SARDEGNA","Nuoro","NU","8100","40.3202","9.32505","549","192.3","18908","17204","36112","330","232","562","19238","17436","36674","1.5"
"91055","Oliena","SARDEGNA","Nuoro","NU","8025","40.2766","9.40188","379","165.4","3711","3601","7312","33","10","43","3744","3611","7355","0.6"
"91056","Ollolai","SARDEGNA","Nuoro","NU","8020","40.1692","9.17586","920","27.3","702","669","1371","2","0","2","704","669","1373","0.1"
"91057","Olzai","SARDEGNA","Nuoro","NU","8020","40.1841","9.14404","428","69.9","443","432","875","10","18","28","453","450","903","3.1"
"91058","Onanì","SARDEGNA","Nuoro","NU","8020","40.4846","9.44157","482","71.6","213","210","423","4","3","7","217","213","430","1.6"
"91059","Onifai","SARDEGNA","Nuoro","NU","8020","40.4054","9.65082","29","43.0","364","360","724","8","10","18","372","370","742","2.4"
"91060","Oniferi","SARDEGNA","Nuoro","NU","8020","40.2715","9.16931","478","35.6","461","452","913","5","7","12","466","459","925","1.3"
"91061","Orani","SARDEGNA","Nuoro","NU","8026","40.2485","9.17686","521","130.5","1494","1504","2998","6","3","9","1500","1507","3007","0.3"
"91062","Orgosolo","SARDEGNA","Nuoro","NU","8027","40.1923","9.38951","620","223.7","2121","2223","4344","3","0","3","2124","2223","4347","0.1"
"91063","Orosei","SARDEGNA","Nuoro","NU","8028","40.3768","9.69675","19","90.4","3215","3188","6403","190","201","391","3405","3389","6794","5.8"
"91064","Orotelli","SARDEGNA","Nuoro","NU","8020","40.3019","9.10968","406","61.2","1077","1064","2141","11","0","11","1088","1064","2152","0.5"
"91066","Ortueri","SARDEGNA","Nuoro","NU","8036","40.0353","8.98704","585","39.0","610","649","1259","3","0","3","613","649","1262","0.2"
"91067","Orune","SARDEGNA","Nuoro","NU","8020","40.4129","9.36657","750","128.6","1301","1253","2554","5","2","7","1306","1255","2561","0.3"
"91068","Osidda","SARDEGNA","Nuoro","NU","8020","40.5236","9.22102","650","25.8","112","106","218","5","7","12","117","113","230","5.2"
"91070","Ottana","SARDEGNA","Nuoro","NU","8020","40.2343","9.04256","185","45.2","1187","1178","2365","10","9","19","1197","1187","2384","0.8"
"91071","Ovodda","SARDEGNA","Nuoro","NU","8020","40.0949","9.16189","710","40.8","776","833","1609","12","6","18","788","839","1627","1.1"
"91073","Posada","SARDEGNA","Nuoro","NU","8020","40.6304","9.71489","22","33.5","1277","1322","2599","76","62","138","1353","1384","2737","5.0"
"91077","Sarule","SARDEGNA","Nuoro","NU","8020","40.223","9.13455","626","52.7","919","833","1752","6","12","18","925","845","1770","1.0"
"91083","Silanus","SARDEGNA","Nuoro","NU","8017","40.2897","8.88896","432","48.0","1105","1088","2193","6","1","7","1111","1089","2200","0.3"
"91084","Sindia","SARDEGNA","Nuoro","NU","8018","40.2962","8.65818","510","58.3","923","858","1781","17","13","30","940","871","1811","1.7"
"91085","Siniscola","SARDEGNA","Nuoro","NU","8029","40.5766","9.69357","39","200.0","5504","5553","11057","200","212","412","5704","5765","11469","3.6"
"91086","Sorgono","SARDEGNA","Nuoro","NU","8038","40.0233","9.09029","688","56.2","852","853","1705","25","23","48","877","876","1753","2.7"
"91090","Teti","SARDEGNA","Nuoro","NU","8030","40.0964","9.12022","714","43.9","326","357","683","3","4","7","329","361","690","1.0"
"91091","Tiana","SARDEGNA","Nuoro","NU","8020","40.0666","9.14963","564","19.4","256","259","515","4","2","6","260","261","521","1.2"
"91093","Tonara","SARDEGNA","Nuoro","NU","8039","40.0243","9.17076","900","52.1","1060","1025","2085","21","10","31","1081","1035","2116","1.5"
"91094","Torpè","SARDEGNA","Nuoro","NU","8020","40.6588","9.61187","24","92.3","1369","1428","2797","55","39","94","1424","1467","2891","3.3"
"91104","Lodine","SARDEGNA","Nuoro","NU","8020","40.1484","9.21819","884","7.7","184","174","358","0","0","0","184","174","358","0.0"
"92002","Armungia","SARDEGNA","Cagliari","CA","9040","39.5206","9.37832","366","54.8","239","249","488","0","1","1","239","250","489","0.2"
"92003","Assemini","SARDEGNA","Cagliari","CA","9032","39.2915","8.99776","6","117.5","13305","12875","26180","242","198","440","13547","13073","26620","1.7"
"92004","Ballao","SARDEGNA","Cagliari","CA","9040","39.5485","9.36199","90","46.7","420","455","875","2","0","2","422","455","877","0.2"
"92005","Barrali","SARDEGNA","Cagliari","CA","9040","39.4751","9.10688","140","11.5","549","585","1134","3","2","5","552","587","1139","0.4"
"92008","Burcei","SARDEGNA","Cagliari","CA","9040","39.3455","9.36053","648","95.0","1419","1470","2889","5","2","7","1424","1472","2896","0.2"
"92009","Cagliari","SARDEGNA","Cagliari","CA","9100","39.2238","9.12166","6","85.6","78489","66852","145341","2570","1972","4542","81059","68824","149883","3.0"
"92011","Capoterra","SARDEGNA","Cagliari","CA","9012","39.1789","8.97098","54","68.3","11420","11516","22936","194","125","319","11614","11641","23255","1.4"
"92015","Decimomannu","SARDEGNA","Cagliari","CA","9033","39.3112","8.96622","10","28.1","3833","3896","7729","57","45","102","3890","3941","7831","1.3"
"92016","Decimoputzu","SARDEGNA","Cagliari","CA","9010","39.3384","8.92006","17","44.8","2102","2117","4219","48","48","96","2150","2165","4315","2.2"
"92017","Dolianova","SARDEGNA","Cagliari","CA","9041","39.3772","9.17579","212","84.6","4569","4727","9296","56","52","108","4625","4779","9404","1.1"
"92018","Domus de Maria","SARDEGNA","Cagliari","CA","9010","38.9425","8.86446","66","96.8","797","849","1646","20","9","29","817","858","1675","1.7"
"92020","Donori","SARDEGNA","Cagliari","CA","9040","39.4313","9.12486","142","35.2","1052","1059","2111","7","1","8","1059","1060","2119","0.4"
"92024","Gesico","SARDEGNA","Cagliari","CA","9040","39.6132","9.10817","300","25.6","422","453","875","11","0","11","433","453","886","1.2"
"92027","Goni","SARDEGNA","Cagliari","CA","9040","39.578","9.28677","383","18.7","241","261","502","1","1","2","242","262","504","0.4"
"92030","Guamaggiore","SARDEGNA","Cagliari","CA","9040","39.5697","9.07395","199","16.8","524","506","1030","10","10","20","534","516","1050","1.9"
"92031","Guasila","SARDEGNA","Cagliari","CA","9040","39.5595","9.04375","211","43.6","1356","1336","2692","40","43","83","1396","1379","2775","3.0"
"92036","Mandas","SARDEGNA","Cagliari","CA","9040","39.6524","9.13075","457","45.0","1120","1110","2230","7","1","8","1127","1111","2238","0.4"
"92037","Maracalagonis","SARDEGNA","Cagliari","CA","9040","39.2861","9.22467","86","101.6","3641","3808","7449","40","34","74","3681","3842","7523","1.0"
"92038","Monastir","SARDEGNA","Cagliari","CA","9023","39.3866","9.04347","83","31.8","2282","2182","4464","19","22","41","2301","2204","4505","0.9"
"92039","Muravera","SARDEGNA","Cagliari","CA","9043","39.4209","9.5756","11","94.7","2528","2538","5066","61","35","96","2589","2573","5162","1.9"
"92042","Nuraminis","SARDEGNA","Cagliari","CA","9024","39.4416","9.01272","93","45.3","1293","1295","2588","10","8","18","1303","1303","2606","0.7"
"92044","Ortacesus","SARDEGNA","Cagliari","CA","9040","39.5391","9.08425","162","23.6","441","472","913","14","6","20","455","478","933","2.1"
"92048","Pimentel","SARDEGNA","Cagliari","CA","9020","39.4876","9.06489","154","15.0","558","593","1151","24","18","42","582","611","1193","3.5"
"92050","Pula","SARDEGNA","Cagliari","CA","9010","39.013","9.0014","15","138.8","3448","3521","6969","97","75","172","3545","3596","7141","2.4"
"92051","Quartu Sant'Elena","SARDEGNA","Cagliari","CA","9045","39.2413","9.18365","6","96.3","34919","33088","68007","681","608","1289","35600","33696","69296","1.9"
"92053","Samatzai","SARDEGNA","Cagliari","CA","9020","39.4835","9.03453","162","31.1","846","854","1700","15","5","20","861","859","1720","1.2"
"92054","San Basilio","SARDEGNA","Cagliari","CA","9040","39.5385","9.19757","420","44.8","618","658","1276","5","0","5","623","658","1281","0.4"
"92058","San Nicolò Gerrei","SARDEGNA","Cagliari","CA","9040","39.4962","9.30514","365","62.6","421","424","845","1","0","1","422","424","846","0.1"
"92059","San Sperate","SARDEGNA","Cagliari","CA","9026","39.361","9.00476","41","26.2","3951","3959","7910","34","28","62","3985","3987","7972","0.8"
"92061","Sant'Andrea Frius","SARDEGNA","Cagliari","CA","9040","39.4768","9.16991","300","36.4","872","949","1821","8","5","13","880","954","1834","0.7"
"92064","San Vito","SARDEGNA","Cagliari","CA","9040","39.4368","9.54433","13","231.6","1884","1866","3750","42","30","72","1926","1896","3822","1.9"
"92066","Sarroch","SARDEGNA","Cagliari","CA","9018","39.0655","9.01084","47","67.9","2551","2608","5159","25","14","39","2576","2622","5198","0.8"
"92068","Selargius","SARDEGNA","Cagliari","CA","9047","39.2597","9.16294","11","26.7","14603","13731","28334","204","146","350","14807","13877","28684","1.2"
"92069","Selegas","SARDEGNA","Cagliari","CA","9040","39.5682","9.1029","234","20.5","734","688","1422","4","7","11","738","695","1433","0.8"
"92070","Senorbì","SARDEGNA","Cagliari","CA","9040","39.5367","9.13022","199","34.4","2364","2306","4670","65","46","111","2429","2352","4781","2.3"
"92071","Serdiana","SARDEGNA","Cagliari","CA","9040","39.3731","9.15721","171","55.7","1273","1305","2578","15","27","42","1288","1332","2620","1.6"
"92074","Sestu","SARDEGNA","Cagliari","CA","9028","39.3008","9.09194","44","48.3","9763","9901","19664","139","90","229","9902","9991","19893","1.2"
"92075","Settimo San Pietro","SARDEGNA","Cagliari","CA","9040","39.2932","9.1895","70","23.2","3242","3250","6492","28","12","40","3270","3262","6532","0.6"
"92078","Siliqua","SARDEGNA","Cagliari","CA","9010","39.3","8.81136","66","190.3","1993","1960","3953","21","23","44","2014","1983","3997","1.1"
"92079","Silius","SARDEGNA","Cagliari","CA","9040","39.5169","9.29109","565","38.4","580","679","1259","2","10","12","582","689","1271","0.9"
"92080","Sinnai","SARDEGNA","Cagliari","CA","9048","39.3029","9.19801","134","223.4","8313","8254","16567","94","69","163","8407","8323","16730","1.0"
"92081","Siurgus Donigala","SARDEGNA","Cagliari","CA","9040","39.5959","9.18355","452","76.5","1061","1002","2063","13","4","17","1074","1006","2080","0.8"
"92082","Soleminis","SARDEGNA","Cagliari","CA","9040","39.3456","9.17978","200","13.0","920","929","1849","7","2","9","927","931","1858","0.5"
"92083","Suelli","SARDEGNA","Cagliari","CA","9040","39.5609","9.13105","254","19.2","557","570","1127","6","2","8","563","572","1135","0.7"
"92084","Teulada","SARDEGNA","Cagliari","CA","9019","38.9688","8.77001","50","245.6","1809","1921","3730","29","14","43","1838","1935","3773","1.1"
"92088","Ussana","SARDEGNA","Cagliari","CA","9020","39.3952","9.07553","97","32.9","2106","2109","4215","33","37","70","2139","2146","4285","1.6"
"92090","Uta","SARDEGNA","Cagliari","CA","9010","39.2878","8.95986","6","134.5","3785","3898","7683","97","79","176","3882","3977","7859","2.2"
"92091","Vallermosa","SARDEGNA","Cagliari","CA","9010","39.3653","8.80025","70","61.8","937","983","1920","15","9","24","952","992","1944","1.2"
"92097","Villaputzu","SARDEGNA","Cagliari","CA","9040","39.4392","9.57675","8","181.3","2371","2407","4778","35","23","58","2406","2430","4836","1.2"
"92098","Villasalto","SARDEGNA","Cagliari","CA","9040","39.4927","9.39292","502","130.7","574","547","1121","6","0","6","580","547","1127","0.5"
"92099","Villa San Pietro","SARDEGNA","Cagliari","CA","9010","39.0339","8.99617","37","39.6","986","993","1979","14","16","30","1000","1009","2009","1.5"
"92100","Villasimius","SARDEGNA","Cagliari","CA","9049","39.1458","9.51699","41","58.0","1605","1659","3264","92","64","156","1697","1723","3420","4.6"
"92101","Villasor","SARDEGNA","Cagliari","CA","9034","39.381","8.93865","25","86.6","3403","3333","6736","54","67","121","3457","3400","6857","1.8"
"92102","Villaspeciosa","SARDEGNA","Cagliari","CA","9010","39.3132","8.9266","12","27.4","1196","1189","2385","14","8","22","1210","1197","2407","0.9"
"92105","Quartucciu","SARDEGNA","Cagliari","CA","9044","39.2537","9.17475","16","27.9","6443","6244","12687","88","50","138","6531","6294","12825","1.1"
"92106","Castiadas","SARDEGNA","Cagliari","CA","9040","39.2367","9.50119","60","102.7","713","757","1470","21","16","37","734","773","1507","2.5"
"92108","Elmas","SARDEGNA","Cagliari","CA","9030","39.268","9.04851","7","13.7","4453","4336","8789","75","85","160","4528","4421","8949","1.8"
"92109","Monserrato","SARDEGNA","Cagliari","CA","9042","39.256","9.14536","8","6.4","10544","9668","20212","123","114","237","10667","9782","20449","1.2"
"92110","Escalaplano","SARDEGNA","Cagliari","CA","8043","39.6253","9.35274","338","93.9","1070","1191","2261","7","0","7","1077","1191","2268","0.3"
"92111","Escolca","SARDEGNA","Cagliari","CA","8030","39.6988","9.1214","416","14.7","308","315","623","1","0","1","309","315","624","0.2"
"92112","Esterzili","SARDEGNA","Cagliari","CA","8030","39.7792","9.28341","731","100.8","377","342","719","1","1","2","378","343","721","0.3"
"92113","Gergei","SARDEGNA","Cagliari","CA","8030","39.6989","9.09838","374","36.1","628","660","1288","7","3","10","635","663","1298","0.8"
"92114","Isili","SARDEGNA","Cagliari","CA","8033","39.7751","9.13455","523","67.9","1421","1363","2784","28","30","58","1449","1393","2842","2.0"
"92115","Nuragus","SARDEGNA","Cagliari","CA","8030","39.7759","9.03615","359","19.9","479","453","932","6","4","10","485","457","942","1.1"
"92116","Nurallao","SARDEGNA","Cagliari","CA","8030","39.7902","9.07992","390","34.8","669","686","1355","2","0","2","671","686","1357","0.1"
"92117","Nurri","SARDEGNA","Cagliari","CA","8035","39.7148","9.23115","590","73.9","1071","1142","2213","12","8","20","1083","1150","2233","0.9"
"92118","Orroli","SARDEGNA","Cagliari","CA","8030","39.6908","9.2538","530","75.7","1177","1210","2387","7","3","10","1184","1213","2397","0.4"
"92119","Sadali","SARDEGNA","Cagliari","CA","8030","39.8139","9.27163","705","49.9","434","450","884","16","18","34","450","468","918","3.7"
"92120","Serri","SARDEGNA","Cagliari","CA","8030","39.7012","9.14742","617","19.1","337","332","669","2","5","7","339","337","676","1.0"
"92121","Seulo","SARDEGNA","Cagliari","CA","8030","39.8711","9.23491","799","58.9","425","469","894","2","1","3","427","470","897","0.3"
"92122","Villanova Tulo","SARDEGNA","Cagliari","CA","8030","39.7794","9.21383","571","40.3","548","606","1154","4","0","4","552","606","1158","0.3"
"93001","Andreis","FRIULI-VENEZIA GIULIA","Pordenone","PN","33080","46.2013","12.6129","455","26.9","141","132","273","7","2","9","148","134","282","3.2"
"93002","Arba","FRIULI-VENEZIA GIULIA","Pordenone","PN","33090","46.1472","12.7869","210","14.7","596","576","1172","68","69","137","664","645","1309","10.5"
"93003","Arzene","FRIULI-VENEZIA GIULIA","Pordenone","PN","33098","46.0003","12.8523","60","12.1","800","774","1574","105","98","203","905","872","1777","11.4"
"93004","Aviano","FRIULI-VENEZIA GIULIA","Pordenone","PN","33081","46.0694","12.5883","159","113.6","4122","3956","8078","500","447","947","4622","4403","9025","10.5"
"93005","Azzano Decimo","FRIULI-VENEZIA GIULIA","Pordenone","PN","33082","45.8813","12.7145","14","51.5","7098","6862","13960","804","790","1594","7902","7652","15554","10.2"
"93006","Barcis","FRIULI-VENEZIA GIULIA","Pordenone","PN","33080","46.1907","12.5593","409","103.0","115","135","250","7","4","11","122","139","261","4.2"
"93007","Brugnera","FRIULI-VENEZIA GIULIA","Pordenone","PN","33070","45.902","12.5265","16","29.2","4012","4028","8040","597","617","1214","4609","4645","9254","13.1"
"93008","Budoia","FRIULI-VENEZIA GIULIA","Pordenone","PN","33070","46.0483","12.5347","140","37.9","1155","1148","2303","142","107","249","1297","1255","2552","9.8"
"93009","Caneva","FRIULI-VENEZIA GIULIA","Pordenone","PN","33070","45.9681","12.448","57","42.6","3109","2996","6105","227","172","399","3336","3168","6504","6.1"
"93010","Casarsa della Delizia","FRIULI-VENEZIA GIULIA","Pordenone","PN","33072","45.9573","12.8424","44","20.4","3782","3661","7443","469","528","997","4251","4189","8440","11.8"
"93011","Castelnovo del Friuli","FRIULI-VENEZIA GIULIA","Pordenone","PN","33090","46.2005","12.9022","234","22.6","408","422","830","43","40","83","451","462","913","9.1"
"93012","Cavasso Nuovo","FRIULI-VENEZIA GIULIA","Pordenone","PN","33092","46.194","12.7691","300","10.5","775","695","1470","74","62","136","849","757","1606","8.5"
"93013","Chions","FRIULI-VENEZIA GIULIA","Pordenone","PN","33083","45.8463","12.7158","16","33.4","2327","2262","4589","294","305","599","2621","2567","5188","11.5"
"93014","Cimolais","FRIULI-VENEZIA GIULIA","Pordenone","PN","33080","46.2891","12.4385","652","101.2","207","203","410","7","4","11","214","207","421","2.6"
"93015","Claut","FRIULI-VENEZIA GIULIA","Pordenone","PN","33080","46.2683","12.5144","613","165.8","492","488","980","17","8","25","509","496","1005","2.5"
"93016","Clauzetto","FRIULI-VENEZIA GIULIA","Pordenone","PN","33090","46.2277","12.9174","558","28.9","186","186","372","10","8","18","196","194","390","4.6"
"93017","Cordenons","FRIULI-VENEZIA GIULIA","Pordenone","PN","33084","45.9858","12.7036","42","56.8","8727","8407","17134","588","481","1069","9315","8888","18203","5.9"
"93018","Cordovado","FRIULI-VENEZIA GIULIA","Pordenone","PN","33075","45.8453","12.8805","15","12.1","1289","1273","2562","103","83","186","1392","1356","2748","6.8"
"93019","Erto e Casso","FRIULI-VENEZIA GIULIA","Pordenone","PN","33080","46.2763","12.3725","830","52.5","190","192","382","3","2","5","193","194","387","1.3"
"93020","Fanna","FRIULI-VENEZIA GIULIA","Pordenone","PN","33092","46.1848","12.7511","274","10.1","746","705","1451","53","52","105","799","757","1556","6.7"
"93021","Fiume Veneto","FRIULI-VENEZIA GIULIA","Pordenone","PN","33080","45.9274","12.7322","20","35.8","5420","5235","10655","406","425","831","5826","5660","11486","7.2"
"93022","Fontanafredda","FRIULI-VENEZIA GIULIA","Pordenone","PN","33074","45.9738","12.567","52","46.5","5238","5217","10455","567","515","1082","5805","5732","11537","9.4"
"93024","Frisanco","FRIULI-VENEZIA GIULIA","Pordenone","PN","33080","46.2256","12.6811","500","61.7","298","304","602","25","18","43","323","322","645","6.7"
"93025","Maniago","FRIULI-VENEZIA GIULIA","Pordenone","PN","33085","46.1651","12.7066","283","69.2","5386","5241","10627","622","569","1191","6008","5810","11818","10.1"
"93026","Meduno","FRIULI-VENEZIA GIULIA","Pordenone","PN","33092","46.2331","12.7865","313","31.3","784","785","1569","59","46","105","843","831","1674","6.3"
"93027","Montereale Valcellina","FRIULI-VENEZIA GIULIA","Pordenone","PN","33086","46.1629","12.6612","318","67.8","2156","2010","4166","190","161","351","2346","2171","4517","7.8"
"93028","Morsano al Tagliamento","FRIULI-VENEZIA GIULIA","Pordenone","PN","33075","45.8585","12.9295","14","32.2","1394","1314","2708","89","68","157","1483","1382","2865","5.5"
"93029","Pasiano di Pordenone","FRIULI-VENEZIA GIULIA","Pordenone","PN","33087","45.849","12.6254","13","45.5","3245","3200","6445","662","736","1398","3907","3936","7843","17.8"
"93030","Pinzano al Tagliamento","FRIULI-VENEZIA GIULIA","Pordenone","PN","33094","46.1844","12.9488","206","21.8","730","668","1398","88","81","169","818","749","1567","10.8"
"93031","Polcenigo","FRIULI-VENEZIA GIULIA","Pordenone","PN","33070","46.0318","12.4958","42","49.1","1534","1418","2952","124","100","224","1658","1518","3176","7.1"
"93032","Porcia","FRIULI-VENEZIA GIULIA","Pordenone","PN","33080","45.9574","12.6184","29","29.6","7219","6869","14088","580","583","1163","7799","7452","15251","7.6"
"93033","Pordenone","FRIULI-VENEZIA GIULIA","Pordenone","PN","33170","45.9626","12.6551","24","38.2","22650","20202","42852","4036","3695","7731","26686","23897","50583","15.3"
"93034","Prata di Pordenone","FRIULI-VENEZIA GIULIA","Pordenone","PN","33080","45.902","12.6007","18","22.9","3439","3433","6872","768","811","1579","4207","4244","8451","18.7"
"93035","Pravisdomini","FRIULI-VENEZIA GIULIA","Pordenone","PN","33076","45.8189","12.6941","11","16.1","1386","1370","2756","344","371","715","1730","1741","3471","20.6"
"93036","Roveredo in Piano","FRIULI-VENEZIA GIULIA","Pordenone","PN","33080","46.0103","12.6199","99","15.9","2767","2617","5384","204","191","395","2971","2808","5779","6.8"
"93037","Sacile","FRIULI-VENEZIA GIULIA","Pordenone","PN","33077","45.9521","12.4986","25","33.3","9004","8753","17757","1152","988","2140","10156","9741","19897","10.8"
"93038","San Giorgio della Richinvelda","FRIULI-VENEZIA GIULIA","Pordenone","PN","33095","46.0456","12.868","86","48.0","1989","2032","4021","228","281","509","2217","2313","4530","11.2"
"93039","San Martino al Tagliamento","FRIULI-VENEZIA GIULIA","Pordenone","PN","33098","46.0206","12.8641","71","17.8","686","664","1350","68","78","146","754","742","1496","9.8"
"93040","San Quirino","FRIULI-VENEZIA GIULIA","Pordenone","PN","33080","46.0367","12.6801","116","51.2","2061","1989","4050","126","98","224","2187","2087","4274","5.2"
"93041","San Vito al Tagliamento","FRIULI-VENEZIA GIULIA","Pordenone","PN","33078","45.918","12.8573","30","60.7","7024","6552","13576","749","686","1435","7773","7238","15011","9.6"
"93042","Sequals","FRIULI-VENEZIA GIULIA","Pordenone","PN","33090","46.1647","12.8313","232","27.6","1042","990","2032","99","90","189","1141","1080","2221","8.5"
"93043","Sesto al Reghena","FRIULI-VENEZIA GIULIA","Pordenone","PN","33079","45.8484","12.8154","13","40.5","2952","2983","5935","205","179","384","3157","3162","6319","6.1"
"93044","Spilimbergo","FRIULI-VENEZIA GIULIA","Pordenone","PN","33097","46.1173","12.8993","132","72.4","5409","5141","10550","681","671","1352","6090","5812","11902","11.4"
"93045","Tramonti di Sopra","FRIULI-VENEZIA GIULIA","Pordenone","PN","33090","46.3088","12.7897","420","125.1","179","168","347","7","4","11","186","172","358","3.1"
"93046","Tramonti di Sotto","FRIULI-VENEZIA GIULIA","Pordenone","PN","33090","46.2834","12.796","366","85.2","191","198","389","11","10","21","202","208","410","5.1"
"93047","Travesio","FRIULI-VENEZIA GIULIA","Pordenone","PN","33090","46.1978","12.8682","226","28.8","879","805","1684","66","64","130","945","869","1814","7.2"
"93048","Valvasone","FRIULI-VENEZIA GIULIA","Pordenone","PN","33098","45.9949","12.8684","59","17.9","1050","992","2042","77","71","148","1127","1063","2190","6.8"
"93049","Vito d'Asio","FRIULI-VENEZIA GIULIA","Pordenone","PN","33090","46.2282","12.9395","320","53.8","385","394","779","26","13","39","411","407","818","4.8"
"93050","Vivaro","FRIULI-VENEZIA GIULIA","Pordenone","PN","33099","46.0782","12.7769","138","37.6","628","635","1263","67","69","136","695","704","1399","9.7"
"93051","Zoppola","FRIULI-VENEZIA GIULIA","Pordenone","PN","33080","45.9635","12.7688","36","45.3","3820","3850","7670","358","391","749","4178","4241","8419","8.9"
"93052","Vajont","FRIULI-VENEZIA GIULIA","Pordenone","PN","33080","46.1476","12.6985","290","1.6","699","721","1420","137","158","295","836","879","1715","17.2"
"94001","Acquaviva d'Isernia","MOLISE","Isernia","IS","86080","41.6725","14.1485","730","13.7","218","233","451","2","2","4","220","235","455","0.9"
"94002","Agnone","MOLISE","Isernia","IS","86081","41.8087","14.3739","830","96.3","2626","2517","5143","63","34","97","2689","2551","5240","1.9"
"94003","Bagnoli del Trigno","MOLISE","Isernia","IS","86091","41.7024","14.4574","660","36.7","373","357","730","25","17","42","398","374","772","5.4"
"94004","Belmonte del Sannio","MOLISE","Isernia","IS","86080","41.8217","14.4216","864","20.2","421","360","781","16","13","29","437","373","810","3.6"
"94005","Cantalupo nel Sannio","MOLISE","Isernia","IS","86092","41.5215","14.3931","588","15.5","340","373","713","9","7","16","349","380","729","2.2"
"94006","Capracotta","MOLISE","Isernia","IS","86082","41.8348","14.2677","1.421","42.4","462","463","925","7","18","25","469","481","950","2.6"
"94007","Carovilli","MOLISE","Isernia","IS","86083","41.7135","14.294","860","41.7","719","706","1425","2","1","3","721","707","1428","0.2"
"94008","Carpinone","MOLISE","Isernia","IS","86093","41.5922","14.324","636","32.5","638","579","1217","6","3","9","644","582","1226","0.7"
"94009","Castel del Giudice","MOLISE","Isernia","IS","86080","41.8546","14.2321","800","14.7","170","171","341","9","5","14","179","176","355","3.9"
"94010","Castelpetroso","MOLISE","Isernia","IS","86090","41.5601","14.3462","872","22.6","812","795","1607","29","26","55","841","821","1662","3.3"
"94011","Castelpizzuto","MOLISE","Isernia","IS","86090","41.5206","14.2927","836","15.3","74","82","156","3","0","3","77","82","159","1.9"
"94012","Castel San Vincenzo","MOLISE","Isernia","IS","86071","41.6549","14.057","749","22.4","271","264","535","9","1","10","280","265","545","1.8"
"94013","Castelverrino","MOLISE","Isernia","IS","86080","41.7673","14.3977","600","6.2","53","66","119","4","1","5","57","67","124","4.0"
"94014","Cerro al Volturno","MOLISE","Isernia","IS","86072","41.6545","14.1033","572","23.7","683","634","1317","16","8","24","699","642","1341","1.8"
"94015","Chiauci","MOLISE","Isernia","IS","86097","41.6796","14.3833","868","15.7","133","134","267","1","0","1","134","134","268","0.4"
"94016","Civitanova del Sannio","MOLISE","Isernia","IS","86094","41.6662","14.4051","655","55.9","479","447","926","24","5","29","503","452","955","3.0"
"94017","Colli a Volturno","MOLISE","Isernia","IS","86073","41.6007","14.103","408","24.3","694","648","1342","19","21","40","713","669","1382","2.9"
"94018","Conca Casale","MOLISE","Isernia","IS","86070","41.4989","14.013","657","14.5","105","107","212","2","0","2","107","107","214","0.9"
"94019","Filignano","MOLISE","Isernia","IS","86074","41.5449","14.0574","460","32.0","325","318","643","25","21","46","350","339","689","6.7"
"94020","Forlì del Sannio","MOLISE","Isernia","IS","86084","41.6954","14.1793","610","32.4","379","341","720","10","5","15","389","346","735","2.0"
"94021","Fornelli","MOLISE","Isernia","IS","86070","41.6062","14.1399","530","23.1","960","936","1896","18","11","29","978","947","1925","1.5"
"94022","Frosolone","MOLISE","Isernia","IS","86095","41.5993","14.4496","894","49.6","1599","1590","3189","44","22","66","1643","1612","3255","2.0"
"94023","Isernia","MOLISE","Isernia","IS","86170","41.596","14.2332","423","68.8","10953","10408","21361","395","269","664","11348","10677","22025","3.0"
"94024","Longano","MOLISE","Isernia","IS","86090","41.5216","14.2477","700","27.1","346","332","678","10","9","19","356","341","697","2.7"
"94025","Macchia d'Isernia","MOLISE","Isernia","IS","86070","41.5615","14.1698","360","17.9","477","471","948","14","17","31","491","488","979","3.2"
"94026","Macchiagodena","MOLISE","Isernia","IS","86096","41.5601","14.4079","864","34.3","933","883","1816","15","13","28","948","896","1844","1.5"
"94027","Miranda","MOLISE","Isernia","IS","86080","41.6473","14.2434","860","22.3","524","508","1032","13","19","32","537","527","1064","3.0"
"94028","Montaquila","MOLISE","Isernia","IS","86070","41.5641","14.1117","460","25.3","1172","1209","2381","35","35","70","1207","1244","2451","2.9"
"94029","Montenero Val Cocchiara","MOLISE","Isernia","IS","86080","41.7151","14.0681","950","21.9","270","280","550","5","3","8","275","283","558","1.4"
"94030","Monteroduni","MOLISE","Isernia","IS","86075","41.5216","14.1765","468","37.0","1183","1057","2240","20","7","27","1203","1064","2267","1.2"
"94031","Pesche","MOLISE","Isernia","IS","86090","41.6103","14.2817","732","12.7","712","736","1448","66","63","129","778","799","1577","8.2"
"94032","Pescolanciano","MOLISE","Isernia","IS","86097","41.6822","14.3362","819","34.0","444","427","871","4","3","7","448","430","878","0.8"
"94033","Pescopennataro","MOLISE","Isernia","IS","86080","41.877","14.2935","1.190","18.8","152","144","296","1","3","4","153","147","300","1.3"
"94034","Pettoranello del Molise","MOLISE","Isernia","IS","86090","41.5733","14.2777","737","15.5","216","226","442","6","11","17","222","237","459","3.7"
"94035","Pietrabbondante","MOLISE","Isernia","IS","86085","41.747","14.3832","1.027","27.3","410","410","820","4","2","6","414","412","826","0.7"
"94036","Pizzone","MOLISE","Isernia","IS","86071","41.6751","14.0368","730","33.1","160","172","332","2","1","3","162","173","335","0.9"
"94037","Poggio Sannita","MOLISE","Isernia","IS","86086","41.7807","14.4147","705","20.6","395","355","750","11","3","14","406","358","764","1.8"
"94038","Pozzilli","MOLISE","Isernia","IS","86077","41.511","14.0636","235","33.8","1139","1095","2234","18","23","41","1157","1118","2275","1.8"
"94039","Rionero Sannitico","MOLISE","Isernia","IS","86087","41.7108","14.1419","1.051","29.0","537","566","1103","16","10","26","553","576","1129","2.3"
"94040","Roccamandolfi","MOLISE","Isernia","IS","86092","41.4952","14.3521","850","53.8","499","478","977","7","3","10","506","481","987","1.0"
"94041","Roccasicura","MOLISE","Isernia","IS","86080","41.6959","14.2304","758","29.0","285","254","539","8","12","20","293","266","559","3.6"
"94042","Rocchetta a Volturno","MOLISE","Isernia","IS","86070","41.6298","14.0726","540","24.0","515","511","1026","24","14","38","539","525","1064","3.6"
"94043","San Pietro Avellana","MOLISE","Isernia","IS","86088","41.791","14.1831","960","44.9","278","250","528","3","6","9","281","256","537","1.7"
"94044","Sant'Agapito","MOLISE","Isernia","IS","86070","41.5419","14.2226","547","15.8","713","652","1365","15","7","22","728","659","1387","1.6"
"94045","Santa Maria del Molise","MOLISE","Isernia","IS","86096","41.5519","14.3684","650","17.1","302","315","617","12","6","18","314","321","635","2.8"
"94046","Sant'Angelo del Pesco","MOLISE","Isernia","IS","86080","41.8813","14.2552","805","15.5","186","179","365","3","0","3","189","179","368","0.8"
"94047","Sant'Elena Sannita","MOLISE","Isernia","IS","86095","41.5753","14.4667","780","14.1","137","121","258","2","0","2","139","121","260","0.8"
"94048","Scapoli","MOLISE","Isernia","IS","86070","41.6156","14.0583","611","16.9","367","367","734","16","8","24","383","375","758","3.2"
"94049","Sessano del Molise","MOLISE","Isernia","IS","86097","41.64","14.3297","796","24.8","391","343","734","6","4","10","397","347","744","1.3"
"94050","Sesto Campano","MOLISE","Isernia","IS","86078","41.4197","14.0777","323","36.6","1160","1133","2293","30","8","38","1190","1141","2331","1.6"
"94051","Vastogirardi","MOLISE","Isernia","IS","86089","41.7738","14.2596","1.200","60.7","365","343","708","9","11","20","374","354","728","2.7"
"94052","Venafro","MOLISE","Isernia","IS","86079","41.4819","14.0402","222","45.1","5615","5292","10907","171","158","329","5786","5450","11236","2.9"
"95001","Abbasanta","SARDEGNA","Oristano","OR","9071","40.1269","8.8167","315","39.9","1385","1391","2776","27","25","52","1412","1416","2828","1.8"
"95002","Aidomaggiore","SARDEGNA","Oristano","OR","9070","40.1709","8.8563","250","41.3","237","210","447","14","11","25","251","221","472","5.3"
"95003","Albagiara","SARDEGNA","Oristano","OR","9090","39.7869","8.86191","215","9.0","143","132","275","1","1","2","144","133","277","0.7"
"95004","Ales","SARDEGNA","Oristano","OR","9091","39.7699","8.8115","194","21.7","731","767","1498","8","9","17","739","776","1515","1.1"
"95005","Allai","SARDEGNA","Oristano","OR","9080","39.9584","8.86231","60","27.4","177","191","368","2","0","2","179","191","370","0.5"
"95006","Arborea","SARDEGNA","Oristano","OR","9092","39.7735","8.58239","7","115.5","2004","1995","3999","28","21","49","2032","2016","4048","1.2"
"95007","Ardauli","SARDEGNA","Oristano","OR","9081","40.0802","8.91167","421","20.6","488","442","930","10","6","16","498","448","946","1.7"
"95008","Assolo","SARDEGNA","Oristano","OR","9080","39.8097","8.92096","255","16.3","207","220","427","7","0","7","214","220","434","1.6"
"95009","Asuni","SARDEGNA","Oristano","OR","9080","39.8711","8.94802","233","21.2","178","177","355","1","1","2","179","178","357","0.6"
"95010","Baradili","SARDEGNA","Oristano","OR","9090","39.7226","8.89745","165","5.6","43","47","90","0","0","0","43","47","90","0.0"
"95011","Baratili San Pietro","SARDEGNA","Oristano","OR","9070","39.9928","8.55451","11","6.1","657","658","1315","9","5","14","666","663","1329","1.1"
"95012","Baressa","SARDEGNA","Oristano","OR","9090","39.7142","8.87578","165","12.6","348","371","719","3","1","4","351","372","723","0.6"
"95013","Bauladu","SARDEGNA","Oristano","OR","9070","40.0218","8.67011","38","24.2","353","346","699","1","3","4","354","349","703","0.6"
"95014","Bidonì","SARDEGNA","Oristano","OR","9080","40.1132","8.93592","250","11.7","71","76","147","0","0","0","71","76","147","0.0"
"95015","Bonarcado","SARDEGNA","Oristano","OR","9070","40.0981","8.65503","283","28.5","793","821","1614","8","5","13","801","826","1627","0.8"
"95016","Boroneddu","SARDEGNA","Oristano","OR","9080","40.1129","8.87178","216","4.7","77","80","157","6","2","8","83","82","165","4.8"
"95017","Busachi","SARDEGNA","Oristano","OR","9082","40.0332","8.89933","379","59.3","723","652","1375","4","0","4","727","652","1379","0.3"
"95018","Cabras","SARDEGNA","Oristano","OR","9072","39.9291","8.53055","6","102.2","4473","4474","8947","58","27","85","4531","4501","9032","0.9"
"95019","Cuglieri","SARDEGNA","Oristano","OR","9073","40.1878","8.56521","483","120.5","1404","1372","2776","26","9","35","1430","1381","2811","1.2"
"95020","Fordongianus","SARDEGNA","Oristano","OR","9083","39.9935","8.81236","35","39.4","463","469","932","6","1","7","469","470","939","0.7"
"95021","Ghilarza","SARDEGNA","Oristano","OR","9074","40.1243","8.83834","290","53.5","2347","2174","4521","53","41","94","2400","2215","4615","2.0"
"95022","Gonnoscodina","SARDEGNA","Oristano","OR","9090","39.7016","8.83726","112","8.9","238","259","497","3","5","8","241","264","505","1.6"
"95023","Gonnosnò","SARDEGNA","Oristano","OR","9090","39.7617","8.87143","195","15.5","407","392","799","1","0","1","408","392","800","0.1"
"95024","Gonnostramatza","SARDEGNA","Oristano","OR","9093","39.6852","8.8316","96","17.5","480","456","936","6","1","7","486","457","943","0.7"
"95025","Marrubiu","SARDEGNA","Oristano","OR","9094","39.7523","8.64102","7","61.2","2392","2486","4878","27","16","43","2419","2502","4921","0.9"
"95026","Masullas","SARDEGNA","Oristano","OR","9090","39.7019","8.78371","129","18.9","529","597","1126","3","0","3","532","597","1129","0.3"
"95027","Milis","SARDEGNA","Oristano","OR","9070","40.0487","8.63701","72","18.7","811","765","1576","11","4","15","822","769","1591","0.9"
"95028","Mogorella","SARDEGNA","Oristano","OR","9080","39.8633","8.85726","265","17.2","225","234","459","3","1","4","228","235","463","0.9"
"95029","Mogoro","SARDEGNA","Oristano","OR","9095","39.6823","8.7751","132","48.9","2162","2167","4329","15","10","25","2177","2177","4354","0.6"
"95030","Morgongiori","SARDEGNA","Oristano","OR","9090","39.7456","8.77061","351","45.3","376","391","767","5","5","10","381","396","777","1.3"
"95031","Narbolia","SARDEGNA","Oristano","OR","9070","40.0489","8.57746","57","40.5","871","888","1759","24","18","42","895","906","1801","2.3"
"95032","Neoneli","SARDEGNA","Oristano","OR","9080","40.0613","8.94412","554","48.0","355","354","709","4","0","4","359","354","713","0.6"
"95033","Norbello","SARDEGNA","Oristano","OR","9070","40.1367","8.83233","315","26.1","567","600","1167","3","8","11","570","608","1178","0.9"
"95034","Nughedu Santa Vittoria","SARDEGNA","Oristano","OR","9080","40.1021","8.95356","496","28.6","268","236","504","4","0","4","272","236","508","0.8"
"95035","Nurachi","SARDEGNA","Oristano","OR","9070","39.9738","8.53894","6","15.9","907","870","1777","12","1","13","919","871","1790","0.7"
"95036","Nureci","SARDEGNA","Oristano","OR","9080","39.8245","8.97457","335","12.9","176","169","345","2","1","3","178","170","348","0.9"
"95037","Ollastra","SARDEGNA","Oristano","OR","9088","39.953","8.73462","23","21.5","632","610","1242","11","2","13","643","612","1255","1.0"
"95038","Oristano","SARDEGNA","Oristano","OR","9170","39.9062","8.58839","9","84.6","16132","14517","30649","305","201","506","16437","14718","31155","1.6"
"95039","Palmas Arborea","SARDEGNA","Oristano","OR","9090","39.8755","8.64509","4","39.3","729","742","1471","10","1","11","739","743","1482","0.7"
"95040","Pau","SARDEGNA","Oristano","OR","9090","39.7921","8.80282","315","14.1","147","146","293","5","2","7","152","148","300","2.3"
"95041","Paulilatino","SARDEGNA","Oristano","OR","9070","40.0823","8.76237","280","103.8","1158","1165","2323","14","10","24","1172","1175","2347","1.0"
"95042","Pompu","SARDEGNA","Oristano","OR","9093","39.7247","8.79668","147","5.1","139","139","278","0","0","0","139","139","278","0.0"
"95043","Riola Sardo","SARDEGNA","Oristano","OR","9070","39.9976","8.53838","9","48.2","1047","1079","2126","11","9","20","1058","1088","2146","0.9"
"95044","Ruinas","SARDEGNA","Oristano","OR","9085","39.9111","8.89703","359","30.4","356","365","721","5","2","7","361","367","728","1.0"
"95045","Samugheo","SARDEGNA","Oristano","OR","9086","39.955","8.9479","370","81.3","1606","1569","3175","6","2","8","1612","1571","3183","0.3"
"95046","San Nicolò d'Arcidano","SARDEGNA","Oristano","OR","9097","39.6829","8.64562","13","28.4","1352","1365","2717","50","44","94","1402","1409","2811","3.3"
"95047","Santa Giusta","SARDEGNA","Oristano","OR","9096","39.876","8.61089","10","69.2","2402","2383","4785","22","4","26","2424","2387","4811","0.5"
"95048","Villa Sant'Antonio","SARDEGNA","Oristano","OR","9080","39.8602","8.90127","249","19.1","197","185","382","0","0","0","197","185","382","0.0"
"95049","Santu Lussurgiu","SARDEGNA","Oristano","OR","9075","40.1423","8.65703","503","99.7","1215","1206","2421","12","7","19","1227","1213","2440","0.8"
"95050","San Vero Milis","SARDEGNA","Oristano","OR","9070","40.0147","8.59836","10","72.2","1241","1272","2513","7","6","13","1248","1278","2526","0.5"
"95051","Scano di Montiferro","SARDEGNA","Oristano","OR","9078","40.217","8.58653","380","60.5","812","750","1562","15","3","18","827","753","1580","1.1"
"95052","Sedilo","SARDEGNA","Oristano","OR","9076","40.1704","8.91697","283","68.9","1115","1068","2183","19","14","33","1134","1082","2216","1.5"
"95053","Seneghe","SARDEGNA","Oristano","OR","9070","40.0809","8.61125","305","57.8","902","922","1824","17","6","23","919","928","1847","1.2"
"95054","Senis","SARDEGNA","Oristano","OR","9080","39.8238","8.9402","256","16.1","252","223","475","1","3","4","253","226","479","0.8"
"95055","Sennariolo","SARDEGNA","Oristano","OR","9078","40.2131","8.55541","274","15.7","100","78","178","3","2","5","103","80","183","2.7"
"95056","Siamaggiore","SARDEGNA","Oristano","OR","9070","39.9494","8.63916","8","13.2","467","498","965","3","2","5","470","500","970","0.5"
"95057","Siamanna","SARDEGNA","Oristano","OR","9080","39.9201","8.7604","49","28.3","402","416","818","5","1","6","407","417","824","0.7"
"95058","Simala","SARDEGNA","Oristano","OR","9090","39.7209","8.82715","155","13.4","178","179","357","0","0","0","178","179","357","0.0"
"95059","Simaxis","SARDEGNA","Oristano","OR","9088","39.9302","8.69309","17","27.8","1130","1143","2273","27","9","36","1157","1152","2309","1.6"
"95060","Sini","SARDEGNA","Oristano","OR","9090","39.7544","8.89925","255","8.7","253","257","510","5","0","5","258","257","515","1.0"
"95061","Siris","SARDEGNA","Oristano","OR","9090","39.7127","8.77343","161","6.0","106","117","223","1","0","1","107","117","224","0.4"
"95062","Solarussa","SARDEGNA","Oristano","OR","9077","39.9561","8.67517","12","31.9","1207","1236","2443","20","4","24","1227","1240","2467","1.0"
"95063","Sorradile","SARDEGNA","Oristano","OR","9080","40.1069","8.93325","337","28.3","222","195","417","0","0","0","222","195","417","0.0"
"95064","Tadasuni","SARDEGNA","Oristano","OR","9080","40.1102","8.88436","180","4.6","89","89","178","4","2","6","93","91","184","3.3"
"95065","Terralba","SARDEGNA","Oristano","OR","9098","39.7186","8.63388","9","34.9","5146","5161","10307","84","49","133","5230","5210","10440","1.3"
"95066","Tramatza","SARDEGNA","Oristano","OR","9070","40.0032","8.64874","22","16.8","473","480","953","23","21","44","496","501","997","4.4"
"95067","Tresnuraghes","SARDEGNA","Oristano","OR","9079","40.2468","8.51842","257","31.6","633","566","1199","13","3","16","646","569","1215","1.3"
"95068","Ulà Tirso","SARDEGNA","Oristano","OR","9080","40.0461","8.90315","348","18.8","292","283","575","5","0","5","297","283","580","0.9"
"95069","Uras","SARDEGNA","Oristano","OR","9099","39.6983","8.70125","23","39.4","1488","1450","2938","15","7","22","1503","1457","2960","0.7"
"95070","Usellus","SARDEGNA","Oristano","OR","9090","39.8136","8.84971","289","35.1","415","437","852","2","0","2","417","437","854","0.2"
"95071","Villanova Truschedu","SARDEGNA","Oristano","OR","9084","39.9886","8.75276","56","16.6","166","153","319","3","1","4","169","154","323","1.2"
"95072","Villaurbana","SARDEGNA","Oristano","OR","9080","39.885","8.77923","84","58.5","870","853","1723","5","3","8","875","856","1731","0.5"
"95073","Villa Verde","SARDEGNA","Oristano","OR","9090","39.796","8.82219","204","17.3","169","164","333","2","0","2","171","164","335","0.6"
"95074","Zeddiani","SARDEGNA","Oristano","OR","9070","39.9881","8.59599","9","11.9","558","583","1141","14","3","17","572","586","1158","1.5"
"95075","Zerfaliu","SARDEGNA","Oristano","OR","9070","39.9581","8.70635","15","15.5","601","562","1163","8","1","9","609","563","1172","0.8"
"95076","Siapiccia","SARDEGNA","Oristano","OR","9080","39.9281","8.76321","64","17.9","170","199","369","1","0","1","171","199","370","0.3"
"95077","Curcuris","SARDEGNA","Oristano","OR","9090","39.7461","8.83007","130","8.1","161","148","309","4","1","5","165","149","314","1.6"
"95078","Soddì","SARDEGNA","Oristano","OR","9080","40.1307","8.87832","250","5.5","61","52","113","2","1","3","63","53","116","2.6"
"95079","Bosa","SARDEGNA","Oristano","OR","8013","40.2998","8.49816","2","135.7","4052","3848","7900","83","43","126","4135","3891","8026","1.6"
"95080","Flussio","SARDEGNA","Oristano","OR","8010","40.2669","8.53869","305","6.9","237","212","449","3","2","5","240","214","454","1.1"
"95081","Genoni","SARDEGNA","Oristano","OR","8030","39.7956","9.00989","447","43.9","459","423","882","2","1","3","461","424","885","0.3"
"95082","Laconi","SARDEGNA","Oristano","OR","8034","39.8517","9.05296","550","124.9","1025","967","1992","14","2","16","1039","969","2008","0.8"
"95083","Magomadas","SARDEGNA","Oristano","OR","8010","40.2648","8.5205","263","9.0","329","297","626","7","10","17","336","307","643","2.6"
"95084","Modolo","SARDEGNA","Oristano","OR","8019","40.2749","8.52976","134","2.5","90","73","163","2","0","2","92","73","165","1.2"
"95085","Montresta","SARDEGNA","Oristano","OR","8010","40.3757","8.49897","410","23.8","268","262","530","3","2","5","271","264","535","0.9"
"95086","Sagama","SARDEGNA","Oristano","OR","8010","40.261","8.57794","333","11.7","101","92","193","0","0","0","101","92","193","0.0"
"95087","Suni","SARDEGNA","Oristano","OR","8010","40.2818","8.54875","340","47.3","599","515","1114","10","6","16","609","521","1130","1.4"
"95088","Tinnura","SARDEGNA","Oristano","OR","8010","40.2693","8.56386","328","3.8","138","129","267","1","0","1","139","129","268","0.4"
"96001","Ailoche","PIEMONTE","Biella","BI","13861","45.6975","8.22317","569","10.3","168","158","326","4","0","4","172","158","330","1.2"
"96002","Andorno Micca","PIEMONTE","Biella","BI","13811","45.6072","8.05589","544","12.1","1649","1512","3161","120","126","246","1769","1638","3407","7.2"
"96003","Benna","PIEMONTE","Biella","BI","13871","45.5091","8.12831","277","9.4","573","573","1146","24","20","44","597","593","1190","3.7"
"96004","Biella","PIEMONTE","Biella","BI","13900","45.5629","8.05834","420","46.7","21892","19007","40899","1678","1241","2919","23570","20248","43818","6.7"
"96005","Bioglio","PIEMONTE","Biella","BI","13841","45.6138","8.12986","513","17.8","469","483","952","24","10","34","493","493","986","3.4"
"96006","Borriana","PIEMONTE","Biella","BI","13872","45.5062","8.03899","307","5.3","454","407","861","12","7","19","466","414","880","2.2"
"96007","Brusnengo","PIEMONTE","Biella","BI","13862","45.5914","8.25279","295","10.4","1107","952","2059","61","48","109","1168","1000","2168","5.0"
"96008","Callabiana","PIEMONTE","Biella","BI","13821","45.6315","8.09311","743","7.3","67","79","146","3","0","3","70","79","149","2.0"
"96009","Camandona","PIEMONTE","Biella","BI","13821","45.6452","8.08854","792","9.5","177","166","343","10","6","16","187","172","359","4.5"
"96010","Camburzano","PIEMONTE","Biella","BI","13891","45.5441","8.00252","419","3.8","615","584","1199","24","4","28","639","588","1227","2.3"
"96011","Campiglia Cervo","PIEMONTE","Biella","BI","13812","45.6633","7.99835","775","11.7","82","85","167","2","3","5","84","88","172","2.9"
"96012","Candelo","PIEMONTE","Biella","BI","13878","45.542","8.1117","340","15.1","3996","3737","7733","138","81","219","4134","3818","7952","2.8"
"96013","Caprile","PIEMONTE","Biella","BI","13864","45.6906","8.2166","559","11.3","91","105","196","7","3","10","98","108","206","4.9"
"96014","Casapinta","PIEMONTE","Biella","BI","13866","45.6112","8.19723","432","2.9","239","201","440","8","6","14","247","207","454","3.1"
"96015","Castelletto Cervo","PIEMONTE","Biella","BI","13851","45.5181","8.22556","216","15.0","408","420","828","29","23","52","437","443","880","5.9"
"96016","Cavaglià","PIEMONTE","Biella","BI","13881","45.403","8.09326","271","25.5","1744","1633","3377","123","125","248","1867","1758","3625","6.8"
"96017","Cerreto Castello","PIEMONTE","Biella","BI","13852","45.5646","8.15945","280","2.7","307","287","594","19","15","34","326","302","628","5.4"
"96018","Cerrione","PIEMONTE","Biella","BI","13882","45.4665","8.0697","250","27.9","1443","1348","2791","54","49","103","1497","1397","2894","3.6"
"96019","Coggiola","PIEMONTE","Biella","BI","13863","45.6837","8.1895","460","23.7","985","907","1892","60","44","104","1045","951","1996","5.2"
"96020","Cossato","PIEMONTE","Biella","BI","13836","45.5668","8.17554","253","27.8","7375","6658","14033","447","330","777","7822","6988","14810","5.2"
"96021","Crevacuore","PIEMONTE","Biella","BI","13864","45.6855","8.24658","377","8.4","791","741","1532","38","40","78","829","781","1610","4.8"
"96022","Crosa","PIEMONTE","Biella","BI","13853","45.6096","8.18651","420","1.0","161","139","300","23","21","44","184","160","344","12.8"
"96023","Curino","PIEMONTE","Biella","BI","13865","45.6307","8.23648","390","21.4","217","219","436","13","4","17","230","223","453","3.8"
"96024","Donato","PIEMONTE","Biella","BI","13893","45.5289","7.90782","711","11.8","351","354","705","11","3","14","362","357","719","1.9"
"96025","Dorzano","PIEMONTE","Biella","BI","13881","45.4258","8.09675","296","4.9","244","250","494","7","7","14","251","257","508","2.8"
"96026","Gaglianico","PIEMONTE","Biella","BI","13894","45.5386","8.07355","353","4.5","1959","1696","3655","132","112","244","2091","1808","3899","6.3"
"96027","Gifflenga","PIEMONTE","Biella","BI","13874","45.4943","8.22982","187","2.3","63","60","123","4","3","7","67","63","130","5.4"
"96028","Graglia","PIEMONTE","Biella","BI","13895","45.556","7.97387","596","20.3","796","753","1549","24","15","39","820","768","1588","2.5"
"96029","Lessona","PIEMONTE","Biella","BI","13853","45.5877","8.19254","360","11.7","1217","1171","2388","59","44","103","1276","1215","2491","4.1"
"96030","Magnano","PIEMONTE","Biella","BI","13887","45.4629","8.00202","543","10.5","169","185","354","12","12","24","181","197","378","6.3"
"96031","Massazza","PIEMONTE","Biella","BI","13873","45.4907","8.16553","226","11.7","253","249","502","19","21","40","272","270","542","7.4"
"96032","Masserano","PIEMONTE","Biella","BI","13866","45.5933","8.22643","341","27.2","1057","994","2051","84","67","151","1141","1061","2202","6.9"
"96033","Mezzana Mortigliengo","PIEMONTE","Biella","BI","13831","45.6355","8.18718","420","4.2","279","252","531","19","11","30","298","263","561","5.3"
"96034","Miagliano","PIEMONTE","Biella","BI","13816","45.6129","8.04416","520","0.7","317","285","602","23","13","36","340","298","638","5.6"
"96035","Mongrando","PIEMONTE","Biella","BI","13888","45.5274","8.01044","355","16.7","1957","1861","3818","96","63","159","2053","1924","3977","4.0"
"96037","Mottalciata","PIEMONTE","Biella","BI","13874","45.5055","8.20801","203","18.5","713","663","1376","27","28","55","740","691","1431","3.8"
"96038","Muzzano","PIEMONTE","Biella","BI","13895","45.5607","7.9905","565","5.9","317","284","601","7","6","13","324","290","614","2.1"
"96039","Netro","PIEMONTE","Biella","BI","13896","45.5391","7.9444","606","12.6","481","480","961","26","28","54","507","508","1015","5.3"
"96040","Occhieppo Inferiore","PIEMONTE","Biella","BI","13897","45.555","8.02113","416","4.1","1996","1772","3768","121","91","212","2117","1863","3980","5.3"
"96041","Occhieppo Superiore","PIEMONTE","Biella","BI","13898","45.5635","8.00733","532","5.2","1437","1313","2750","44","27","71","1481","1340","2821","2.5"
"96042","Pettinengo","PIEMONTE","Biella","BI","13843","45.6131","8.10481","664","11.5","761","724","1485","19","20","39","780","744","1524","2.6"
"96043","Piatto","PIEMONTE","Biella","BI","13844","45.585","8.13666","383","3.6","269","276","545","2","0","2","271","276","547","0.4"
"96044","Piedicavallo","PIEMONTE","Biella","BI","13812","45.6893","7.95339","1.050","17.9","94","105","199","3","1","4","97","106","203","2.0"
"96046","Pollone","PIEMONTE","Biella","BI","13814","45.5818","8.00283","630","16.4","1057","1005","2062","62","29","91","1119","1034","2153","4.2"
"96047","Ponderano","PIEMONTE","Biella","BI","13875","45.5379","8.05491","357","7.2","1916","1842","3758","97","72","169","2013","1914","3927","4.3"
"96048","Portula","PIEMONTE","Biella","BI","13833","45.6749","8.17938","634","11.1","647","621","1268","57","40","97","704","661","1365","7.1"
"96049","Pralungo","PIEMONTE","Biella","BI","13899","45.5943","8.03463","554","7.2","1299","1273","2572","42","25","67","1341","1298","2639","2.5"
"96050","Pray","PIEMONTE","Biella","BI","13867","45.6753","8.21748","496","9.3","1157","1004","2161","77","69","146","1234","1073","2307","6.3"
"96051","Quaregna","PIEMONTE","Biella","BI","13854","45.579","8.16608","260","5.9","683","653","1336","36","18","54","719","671","1390","3.9"
"96052","Quittengo","PIEMONTE","Biella","BI","13812","45.6565","8.01209","800","8.0","102","100","202","7","5","12","109","105","214","5.6"
"96053","Ronco Biellese","PIEMONTE","Biella","BI","13845","45.5832","8.10282","460","3.8","707","735","1442","39","33","72","746","768","1514","4.8"
"96054","Roppolo","PIEMONTE","Biella","BI","13883","45.4203","8.06859","307","8.7","457","423","880","27","14","41","484","437","921","4.5"
"96055","Rosazza","PIEMONTE","Biella","BI","13815","45.6754","7.97567","882","8.8","41","44","85","1","1","2","42","45","87","2.3"
"96056","Sagliano Micca","PIEMONTE","Biella","BI","13816","45.6235","8.04555","589","14.9","810","733","1543","64","47","111","874","780","1654","6.7"
"96057","Sala Biellese","PIEMONTE","Biella","BI","13884","45.5091","7.95536","626","8.1","293","270","563","30","34","64","323","304","627","10.2"
"96058","Salussola","PIEMONTE","Biella","BI","13885","45.4467","8.11232","289","42.8","959","1014","1973","29","13","42","988","1027","2015","2.1"
"96059","Sandigliano","PIEMONTE","Biella","BI","13876","45.5212","8.07586","323","10.2","1361","1328","2689","43","30","73","1404","1358","2762","2.6"
"96060","San Paolo Cervo","PIEMONTE","Biella","BI","13812","45.6537","8.01021","795","8.4","74","65","139","1","2","3","75","67","142","2.1"
"96061","Selve Marcone","PIEMONTE","Biella","BI","13841","45.6244","8.08888","760","2.2","54","46","100","0","0","0","54","46","100","0.0"
"96062","Soprana","PIEMONTE","Biella","BI","13834","45.6479","8.1896","450","5.5","368","346","714","28","12","40","396","358","754","5.3"
"96063","Sordevolo","PIEMONTE","Biella","BI","13817","45.5754","7.97327","627","13.8","678","621","1299","19","12","31","697","633","1330","2.3"
"96064","Sostegno","PIEMONTE","Biella","BI","13868","45.6531","8.2705","397","18.1","387","341","728","16","7","23","403","348","751","3.1"
"96065","Strona","PIEMONTE","Biella","BI","13823","45.6216","8.16811","450","3.8","539","540","1079","48","30","78","587","570","1157","6.7"
"96066","Tavigliano","PIEMONTE","Biella","BI","13811","45.6248","8.05319","659","10.9","446","473","919","22","19","41","468","492","960","4.3"
"96067","Ternengo","PIEMONTE","Biella","BI","13844","45.5901","8.11496","425","2.0","151","136","287","5","6","11","156","142","298","3.7"
"96068","Tollegno","PIEMONTE","Biella","BI","13818","45.5916","8.05225","495","3.4","1285","1228","2513","68","64","132","1353","1292","2645","5.0"
"96069","Torrazzo","PIEMONTE","Biella","BI","13884","45.4983","7.95287","622","5.8","112","103","215","5","4","9","117","107","224","4.0"
"96070","Trivero","PIEMONTE","Biella","BI","13835","45.6708","8.16783","739","29.9","2950","2766","5716","249","179","428","3199","2945","6144","7.0"
"96071","Valdengo","PIEMONTE","Biella","BI","13855","45.5714","8.13731","320","7.7","1245","1218","2463","39","30","69","1284","1248","2532","2.7"
"96072","Vallanzengo","PIEMONTE","Biella","BI","13847","45.6009","8.14691","410","3.9","118","113","231","5","3","8","123","116","239","3.3"
"96073","Valle Mosso","PIEMONTE","Biella","BI","13825","45.6348","8.14367","434","8.9","1664","1483","3147","187","192","379","1851","1675","3526","10.7"
"96074","Valle San Nicolao","PIEMONTE","Biella","BI","13847","45.6072","8.14122","464","14.9","507","522","1029","28","29","57","535","551","1086","5.2"
"96075","Veglio","PIEMONTE","Biella","BI","13824","45.6413","8.11476","734","6.8","237","230","467","51","48","99","288","278","566","17.5"
"96076","Verrone","PIEMONTE","Biella","BI","13871","45.5056","8.11942","277","8.5","610","626","1236","12","5","17","622","631","1253","1.4"
"96077","Vigliano Biellese","PIEMONTE","Biella","BI","13856","45.562","8.1173","312","8.4","4119","3730","7849","202","129","331","4321","3859","8180","4.0"
"96078","Villa del Bosco","PIEMONTE","Biella","BI","13868","45.6166","8.28223","293","3.7","201","158","359","3","1","4","204","159","363","1.1"
"96079","Villanova Biellese","PIEMONTE","Biella","BI","13877","45.482","8.19279","232","7.7","91","94","185","3","2","5","94","96","190","2.6"
"96080","Viverone","PIEMONTE","Biella","BI","13886","45.4276","8.05118","287","12.4","665","630","1295","79","49","128","744","679","1423","9.0"
"96081","Zimone","PIEMONTE","Biella","BI","13887","45.4487","8.03563","410","2.9","213","196","409","8","8","16","221","204","425","3.8"
"96082","Zubiena","PIEMONTE","Biella","BI","13888","45.4914","7.99211","492","12.6","603","621","1224","19","8","27","622","629","1251","2.2"
"96083","Zumaglia","PIEMONTE","Biella","BI","13848","45.5953","8.08624","573","2.6","571","530","1101","15","13","28","586","543","1129","2.5"
"96084","Mosso","PIEMONTE","Biella","BI","13822","45.647","8.13507","625","18.3","796","711","1507","75","61","136","871","772","1643","8.3"
"97001","Abbadia Lariana","LOMBARDIA","Lecco","LC","23821","45.8949","9.33634","204","17.1","1561","1520","3081","96","72","168","1657","1592","3249","5.2"
"97002","Airuno","LOMBARDIA","Lecco","LC","23881","45.7537","9.42521","222","4.3","1327","1258","2585","192","202","394","1519","1460","2979","13.2"
"97003","Annone di Brianza","LOMBARDIA","Lecco","LC","23841","45.803","9.33161","265","5.8","1100","1062","2162","66","64","130","1166","1126","2292","5.7"
"97004","Ballabio","LOMBARDIA","Lecco","LC","23811","45.8962","9.42516","661","15.0","1807","1900","3707","154","157","311","1961","2057","4018","7.7"
"97005","Barzago","LOMBARDIA","Lecco","LC","23890","45.7552","9.31678","358","3.6","1184","1189","2373","93","111","204","1277","1300","2577","7.9"
"97006","Barzanò","LOMBARDIA","Lecco","LC","23891","45.7341","9.31594","370","3.6","2475","2373","4848","146","177","323","2621","2550","5171","6.2"
"97007","Barzio","LOMBARDIA","Lecco","LC","23816","45.9437","9.46569","769","21.4","665","570","1235","29","33","62","694","603","1297","4.8"
"97008","Bellano","LOMBARDIA","Lecco","LC","23822","46.041","9.30221","202","11.3","1622","1526","3148","60","56","116","1682","1582","3264","3.6"
"97009","Bosisio Parini","LOMBARDIA","Lecco","LC","23842","45.8045","9.2951","270","6.6","1672","1646","3318","96","90","186","1768","1736","3504","5.3"
"97010","Brivio","LOMBARDIA","Lecco","LC","23883","45.7411","9.44741","208","7.9","2132","2109","4241","197","248","445","2329","2357","4686","9.5"
"97011","Bulciago","LOMBARDIA","Lecco","LC","23892","45.7538","9.28938","305","3.1","1306","1281","2587","151","210","361","1457","1491","2948","12.2"
"97012","Calco","LOMBARDIA","Lecco","LC","23885","45.7248","9.41592","283","4.6","2317","2293","4610","252","251","503","2569","2544","5113","9.8"
"97013","Calolziocorte","LOMBARDIA","Lecco","LC","23801","45.8004","9.4319","241","9.0","6574","6232","12806","594","609","1203","7168","6841","14009","8.6"
"97014","Carenno","LOMBARDIA","Lecco","LC","23802","45.8028","9.46241","635","7.9","720","684","1404","52","40","92","772","724","1496","6.1"
"97015","Casargo","LOMBARDIA","Lecco","LC","23831","46.0415","9.38934","804","20.3","413","410","823","17","9","26","430","419","849","3.1"
"97016","Casatenovo","LOMBARDIA","Lecco","LC","23880","45.6972","9.31203","340","12.7","6146","5783","11929","404","331","735","6550","6114","12664","5.8"
"97017","Cassago Brianza","LOMBARDIA","Lecco","LC","23893","45.7389","9.29246","334","3.6","2020","2034","4054","151","201","352","2171","2235","4406","8.0"
"97018","Cassina Valsassina","LOMBARDIA","Lecco","LC","23817","45.9334","9.47986","849","2.6","219","233","452","9","9","18","228","242","470","3.8"
"97019","Castello di Brianza","LOMBARDIA","Lecco","LC","23884","45.759","9.3454","350","3.6","1139","1171","2310","80","85","165","1219","1256","2475","6.7"
"97020","Cernusco Lombardone","LOMBARDIA","Lecco","LC","23870","45.6926","9.40209","267","3.8","1765","1618","3383","233","235","468","1998","1853","3851","12.2"
"97021","Cesana Brianza","LOMBARDIA","Lecco","LC","23861","45.8159","9.29854","300","3.4","1159","1122","2281","35","32","67","1194","1154","2348","2.9"
"97022","Civate","LOMBARDIA","Lecco","LC","23862","45.829","9.34451","269","9.1","1863","1860","3723","147","149","296","2010","2009","4019","7.4"
"97023","Colico","LOMBARDIA","Lecco","LC","23823","46.1272","9.3776","218","35.3","3520","3432","6952","277","244","521","3797","3676","7473","7.0"
"97024","Colle Brianza","LOMBARDIA","Lecco","LC","23886","45.763","9.36401","558","8.4","805","840","1645","52","39","91","857","879","1736","5.2"
"97025","Cortenova","LOMBARDIA","Lecco","LC","23813","46.0001","9.38235","483","11.6","609","583","1192","45","28","73","654","611","1265","5.8"
"97026","Costa Masnaga","LOMBARDIA","Lecco","LC","23845","45.7657","9.27617","318","5.6","2199","2167","4366","185","200","385","2384","2367","4751","8.1"
"97027","Crandola Valsassina","LOMBARDIA","Lecco","LC","23832","46.023","9.37864","780","9.1","132","133","265","5","3","8","137","136","273","2.9"
"97028","Cremella","LOMBARDIA","Lecco","LC","23894","45.7397","9.30203","383","1.9","828","810","1638","62","62","124","890","872","1762","7.0"
"97029","Cremeno","LOMBARDIA","Lecco","LC","23814","45.9345","9.47196","792","13.2","687","707","1394","24","20","44","711","727","1438","3.1"
"97030","Dervio","LOMBARDIA","Lecco","LC","23824","46.0763","9.30746","238","11.7","1308","1221","2529","80","72","152","1388","1293","2681","5.7"
"97031","Dolzago","LOMBARDIA","Lecco","LC","23843","45.7657","9.33996","298","2.2","1108","1092","2200","60","47","107","1168","1139","2307","4.6"
"97032","Dorio","LOMBARDIA","Lecco","LC","23824","46.1017","9.31834","210","12.7","174","154","328","7","2","9","181","156","337","2.7"
"97033","Ello","LOMBARDIA","Lecco","LC","23848","45.7869","9.36567","411","2.4","637","567","1204","20","18","38","657","585","1242","3.1"
"97034","Erve","LOMBARDIA","Lecco","LC","23805","45.82","9.45129","559","6.2","380","373","753","7","4","11","387","377","764","1.4"
"97035","Esino Lario","LOMBARDIA","Lecco","LC","23825","45.9959","9.33368","910","18.7","369","357","726","11","13","24","380","370","750","3.2"
"97036","Galbiate","LOMBARDIA","Lecco","LC","23851","45.8165","9.37696","371","16.1","4132","4013","8145","232","210","442","4364","4223","8587","5.1"
"97037","Garbagnate Monastero","LOMBARDIA","Lecco","LC","23846","45.7734","9.30135","299","3.5","1121","1115","2236","94","100","194","1215","1215","2430","8.0"
"97038","Garlate","LOMBARDIA","Lecco","LC","23852","45.8061","9.40176","205","2.1","1219","1164","2383","99","135","234","1318","1299","2617","8.9"
"97039","Imbersago","LOMBARDIA","Lecco","LC","23898","45.7062","9.44602","249","3.1","1146","1119","2265","81","62","143","1227","1181","2408","5.9"
"97040","Introbio","LOMBARDIA","Lecco","LC","23815","45.9725","9.45227","586","25.6","890","888","1778","122","103","225","1012","991","2003","11.2"
"97041","Introzzo","LOMBARDIA","Lecco","LC","23835","46.0803","9.34182","704","3.8","69","48","117","3","2","5","72","50","122","4.1"
"97042","Lecco","LOMBARDIA","Lecco","LC","23900","45.8566","9.39767","214","45.9","22663","20407","43070","1924","1711","3635","24587","22118","46705","7.8"
"97043","Lierna","LOMBARDIA","Lecco","LC","23827","45.9592","9.30167","202","11.3","1009","1050","2059","92","81","173","1101","1131","2232","7.8"
"97044","Lomagna","LOMBARDIA","Lecco","LC","23871","45.6639","9.37753","255","3.9","2228","2213","4441","236","222","458","2464","2435","4899","9.3"
"97045","Malgrate","LOMBARDIA","Lecco","LC","23864","45.8489","9.37437","231","2.0","1955","1806","3761","228","227","455","2183","2033","4216","10.8"
"97046","Mandello del Lario","LOMBARDIA","Lecco","LC","23826","45.9139","9.31774","214","41.8","5148","4947","10095","284","199","483","5432","5146","10578","4.6"
"97047","Margno","LOMBARDIA","Lecco","LC","23832","46.0304","9.38067","730","3.7","186","179","365","8","2","10","194","181","375","2.7"
"97048","Merate","LOMBARDIA","Lecco","LC","23807","45.6984","9.40655","292","11.1","6918","6436","13354","649","580","1229","7567","7016","14583","8.4"
"97049","Missaglia","LOMBARDIA","Lecco","LC","23873","45.7092","9.33604","326","11.5","4032","3928","7960","303","316","619","4335","4244","8579","7.2"
"97050","Moggio","LOMBARDIA","Lecco","LC","23817","45.9305","9.4895","890","13.4","239","234","473","16","14","30","255","248","503","6.0"
"97051","Molteno","LOMBARDIA","Lecco","LC","23847","45.7782","9.30836","292","3.2","1687","1657","3344","116","127","243","1803","1784","3587","6.8"
"97052","Monte Marenzo","LOMBARDIA","Lecco","LC","23804","45.7683","9.45667","440","3.1","921","922","1843","62","66","128","983","988","1971","6.5"
"97053","Montevecchia","LOMBARDIA","Lecco","LC","23874","45.7054","9.38111","479","5.9","1200","1169","2369","59","52","111","1259","1221","2480","4.5"
"97054","Monticello Brianza","LOMBARDIA","Lecco","LC","23876","45.708","9.31416","406","4.7","1968","1872","3840","195","182","377","2163","2054","4217","8.9"
"97055","Morterone","LOMBARDIA","Lecco","LC","23811","45.8779","9.47828","1.070","13.5","17","17","34","0","0","0","17","17","34","0.0"
"97056","Nibionno","LOMBARDIA","Lecco","LC","23895","45.7487","9.26982","306","3.6","1692","1607","3299","156","175","331","1848","1782","3630","9.1"
"97057","Oggiono","LOMBARDIA","Lecco","LC","23848","45.79","9.34551","268","7.9","4077","3877","7954","358","438","796","4435","4315","8750","9.1"
"97058","Olgiate Molgora","LOMBARDIA","Lecco","LC","23887","45.7352","9.40641","287","7.3","2811","2749","5560","322","308","630","3133","3057","6190","10.2"
"97059","Olginate","LOMBARDIA","Lecco","LC","23854","45.7929","9.41333","206","7.9","3298","3121","6419","291","392","683","3589","3513","7102","9.6"
"97060","Oliveto Lario","LOMBARDIA","Lecco","LC","23865","45.9253","9.27077","208","16.1","547","563","1110","49","33","82","596","596","1192","6.9"
"97061","Osnago","LOMBARDIA","Lecco","LC","23875","45.6789","9.39159","249","4.4","2167","2087","4254","276","277","553","2443","2364","4807","11.5"
"97062","Paderno d'Adda","LOMBARDIA","Lecco","LC","23877","45.6803","9.44438","266","3.6","1774","1744","3518","174","189","363","1948","1933","3881","9.4"
"97063","Pagnona","LOMBARDIA","Lecco","LC","23833","46.0602","9.40297","790","9.0","203","198","401","1","0","1","204","198","402","0.2"
"97064","Parlasco","LOMBARDIA","Lecco","LC","23837","46.0185","9.34404","679","3.0","66","75","141","0","0","0","66","75","141","0.0"
"97065","Pasturo","LOMBARDIA","Lecco","LC","23818","45.9503","9.44485","641","22.1","873","873","1746","111","104","215","984","977","1961","11.0"
"97066","Perego","LOMBARDIA","Lecco","LC","23888","45.7368","9.35967","374","4.3","832","801","1633","60","72","132","892","873","1765","7.5"
"97067","Perledo","LOMBARDIA","Lecco","LC","23828","46.0158","9.29492","395","12.5","493","449","942","50","33","83","543","482","1025","8.1"
"97068","Pescate","LOMBARDIA","Lecco","LC","23855","45.8275","9.39519","214","2.1","1022","979","2001","88","99","187","1110","1078","2188","8.5"
"97069","Premana","LOMBARDIA","Lecco","LC","23834","46.0516","9.4229","1.000","33.7","1113","1165","2278","8","2","10","1121","1167","2288","0.4"
"97070","Primaluna","LOMBARDIA","Lecco","LC","23819","45.9862","9.4298","558","22.8","978","982","1960","111","116","227","1089","1098","2187","10.4"
"97071","Robbiate","LOMBARDIA","Lecco","LC","23899","45.6909","9.44197","265","4.7","2820","2781","5601","251","249","500","3071","3030","6101","8.2"
"97072","Rogeno","LOMBARDIA","Lecco","LC","23849","45.782","9.27336","292","4.8","1473","1500","2973","103","121","224","1576","1621","3197","7.0"
"97073","Rovagnate","LOMBARDIA","Lecco","LC","23888","45.7383","9.36924","342","4.6","1344","1323","2667","117","127","244","1461","1450","2911","8.4"
"97074","Santa Maria Hoè","LOMBARDIA","Lecco","LC","23889","45.7442","9.37398","371","2.8","989","1065","2054","72","81","153","1061","1146","2207","6.9"
"97075","Sirone","LOMBARDIA","Lecco","LC","23844","45.771","9.31942","273","3.2","1133","1069","2202","90","99","189","1223","1168","2391","7.9"
"97076","Sirtori","LOMBARDIA","Lecco","LC","23896","45.7383","9.33151","457","4.3","1359","1337","2696","102","122","224","1461","1459","2920","7.7"
"97077","Sueglio","LOMBARDIA","Lecco","LC","23835","46.0864","9.33226","775","4.2","75","69","144","3","0","3","78","69","147","2.0"
"97078","Suello","LOMBARDIA","Lecco","LC","23867","45.819","9.30886","275","2.6","819","820","1639","23","24","47","842","844","1686","2.8"
"97079","Taceno","LOMBARDIA","Lecco","LC","23837","46.0232","9.36403","507","3.7","213","262","475","36","30","66","249","292","541","12.2"
"97080","Torre de' Busi","LOMBARDIA","Lecco","LC","23806","45.7736","9.47581","472","9.2","974","992","1966","22","19","41","996","1011","2007","2.0"
"97081","Tremenico","LOMBARDIA","Lecco","LC","23836","46.075","9.36661","754","8.9","104","81","185","1","0","1","105","81","186","0.5"
"97082","Valgreghentino","LOMBARDIA","Lecco","LC","23857","45.7699","9.41175","304","6.3","1657","1639","3296","58","56","114","1715","1695","3410","3.3"
"97083","Valmadrera","LOMBARDIA","Lecco","LC","23868","45.8461","9.3572","234","12.6","5406","5070","10476","535","601","1136","5941","5671","11612","9.8"
"97084","Varenna","LOMBARDIA","Lecco","LC","23829","46.0091","9.28512","220","11.2","366","362","728","15","22","37","381","384","765","4.8"
"97085","Vendrogno","LOMBARDIA","Lecco","LC","23838","46.0342","9.3292","731","11.7","163","144","307","3","9","12","166","153","319","3.8"
"97086","Vercurago","LOMBARDIA","Lecco","LC","23808","45.8122","9.42209","225","2.1","1390","1284","2674","93","66","159","1483","1350","2833","5.6"
"97087","Verderio Inferiore","LOMBARDIA","Lecco","LC","23879","45.6616","9.4341","249","3.9","1395","1379","2774","83","95","178","1478","1474","2952","6.0"
"97088","Verderio Superiore","LOMBARDIA","Lecco","LC","23878","45.6685","9.43978","250","2.6","1292","1266","2558","76","73","149","1368","1339","2707","5.5"
"97089","Vestreno","LOMBARDIA","Lecco","LC","23822","46.0838","9.32568","587","2.7","133","151","284","12","11","23","145","162","307","7.5"
"97090","Viganò","LOMBARDIA","Lecco","LC","23897","45.7234","9.32458","390","1.6","979","932","1911","47","54","101","1026","986","2012","5.0"
"98001","Abbadia Cerreto","LOMBARDIA","Lodi","LO","26834","45.3133","9.59171","64","6.1","143","137","280","6","11","17","149","148","297","5.7"
"98002","Bertonico","LOMBARDIA","Lodi","LO","26821","45.2346","9.66879","63","20.2","478","533","1011","71","86","157","549","619","1168","13.4"
"98003","Boffalora d'Adda","LOMBARDIA","Lodi","LO","26811","45.3589","9.49522","78","8.1","776","791","1567","70","68","138","846","859","1705","8.1"
"98004","Borghetto Lodigiano","LOMBARDIA","Lodi","LO","26812","45.2125","9.49803","68","23.6","1957","1892","3849","268","262","530","2225","2154","4379","12.1"
"98005","Borgo San Giovanni","LOMBARDIA","Lodi","LO","26851","45.2776","9.43601","77","7.7","964","1022","1986","117","110","227","1081","1132","2213","10.3"
"98006","Brembio","LOMBARDIA","Lodi","LO","26822","45.2108","9.57215","67","16.9","1180","1157","2337","163","147","310","1343","1304","2647","11.7"
"98007","Camairago","LOMBARDIA","Lodi","LO","26823","45.2059","9.72603","59","12.9","289","303","592","33","42","75","322","345","667","11.2"
"98008","Casaletto Lodigiano","LOMBARDIA","Lodi","LO","26852","45.2931","9.36226","80","9.9","1325","1298","2623","84","72","156","1409","1370","2779","5.6"
"98009","Casalmaiocco","LOMBARDIA","Lodi","LO","26831","45.3519","9.36682","88","4.7","1426","1441","2867","112","90","202","1538","1531","3069","6.6"
"98010","Casalpusterlengo","LOMBARDIA","Lodi","LO","26841","45.1759","9.65557","60","25.6","6695","6371","13066","862","924","1786","7557","7295","14852","12.0"
"98011","Caselle Landi","LOMBARDIA","Lodi","LO","26842","45.1033","9.79279","44","26.0","795","762","1557","47","48","95","842","810","1652","5.8"
"98012","Caselle Lurani","LOMBARDIA","Lodi","LO","26853","45.2791","9.35866","80","7.6","1298","1409","2707","197","196","393","1495","1605","3100","12.7"
"98013","Castelnuovo Bocca d'Adda","LOMBARDIA","Lodi","LO","26843","45.113","9.86776","49","20.4","788","768","1556","66","78","144","854","846","1700","8.5"
"98014","Castiglione d'Adda","LOMBARDIA","Lodi","LO","26823","45.2182","9.69184","60","13.1","2282","2264","4546","128","144","272","2410","2408","4818","5.6"
"98015","Castiraga Vidardo","LOMBARDIA","Lodi","LO","26866","45.2694","9.39819","65","5.3","1247","1214","2461","91","72","163","1338","1286","2624","6.2"
"98016","Cavacurta","LOMBARDIA","Lodi","LO","26844","45.1903","9.7433","60","7.1","399","383","782","43","28","71","442","411","853","8.3"
"98017","Cavenago d'Adda","LOMBARDIA","Lodi","LO","26824","45.2835","9.60343","73","16.2","1016","990","2006","128","125","253","1144","1115","2259","11.2"
"98018","Cervignano d'Adda","LOMBARDIA","Lodi","LO","26832","45.3733","9.42609","87","4.1","986","992","1978","74","67","141","1060","1059","2119","6.7"
"98019","Codogno","LOMBARDIA","Lodi","LO","26845","45.1611","9.70095","57","20.9","7250","6650","13900","784","687","1471","8034","7337","15371","9.6"
"98020","Comazzo","LOMBARDIA","Lodi","LO","26833","45.4413","9.46414","98","12.7","972","1023","1995","97","91","188","1069","1114","2183","8.6"
"98021","Cornegliano Laudense","LOMBARDIA","Lodi","LO","26854","45.2864","9.4893","78","5.6","1316","1286","2602","113","123","236","1429","1409","2838","8.3"
"98022","Corno Giovine","LOMBARDIA","Lodi","LO","26846","45.1356","9.75888","50","9.9","559","525","1084","56","53","109","615","578","1193","9.1"
"98023","Cornovecchio","LOMBARDIA","Lodi","LO","26842","45.137","9.79921","52","6.5","101","112","213","8","5","13","109","117","226","5.8"
"98024","Corte Palasio","LOMBARDIA","Lodi","LO","26834","45.3085","9.56437","69","15.6","694","734","1428","58","64","122","752","798","1550","7.9"
"98025","Crespiatica","LOMBARDIA","Lodi","LO","26835","45.355","9.57509","76","7.0","928","948","1876","118","143","261","1046","1091","2137","12.2"
"98026","Fombio","LOMBARDIA","Lodi","LO","26861","45.1383","9.68518","57","7.5","1044","1120","2164","64","60","124","1108","1180","2288","5.4"
"98027","Galgagnano","LOMBARDIA","Lodi","LO","26832","45.3579","9.44267","86","6.0","551","563","1114","46","48","94","597","611","1208","7.8"
"98028","Graffignana","LOMBARDIA","Lodi","LO","26813","45.2096","9.45068","67","10.8","1209","1121","2330","134","140","274","1343","1261","2604","10.5"
"98029","Guardamiglio","LOMBARDIA","Lodi","LO","26862","45.1095","9.68249","49","10.3","1184","1162","2346","168","173","341","1352","1335","2687","12.7"
"98030","Livraga","LOMBARDIA","Lodi","LO","26814","45.1913","9.54491","67","12.2","1199","1184","2383","101","118","219","1300","1302","2602","8.4"
"98031","Lodi","LOMBARDIA","Lodi","LO","26900","45.3138","9.50183","87","41.4","20282","18139","38421","2544","2367","4911","22826","20506","43332","11.3"
"98032","Lodi Vecchio","LOMBARDIA","Lodi","LO","26855","45.3013","9.41634","82","16.0","3369","3177","6546","392","418","810","3761","3595","7356","11.0"
"98033","Maccastorna","LOMBARDIA","Lodi","LO","26843","45.1463","9.85481","45","5.7","20","27","47","5","8","13","25","35","60","21.7"
"98034","Mairago","LOMBARDIA","Lodi","LO","26825","45.2522","9.57993","69","11.4","655","687","1342","33","22","55","688","709","1397","3.9"
"98035","Maleo","LOMBARDIA","Lodi","LO","26847","45.1669","9.76332","58","20.0","1590","1403","2993","125","131","256","1715","1534","3249","7.9"
"98036","Marudo","LOMBARDIA","Lodi","LO","26866","45.2526","9.37529","77","4.2","667","706","1373","102","93","195","769","799","1568","12.4"
"98037","Massalengo","LOMBARDIA","Lodi","LO","26815","45.2637","9.48883","76","8.5","1887","1907","3794","201","197","398","2088","2104","4192","9.5"
"98038","Meleti","LOMBARDIA","Lodi","LO","26843","45.1192","9.83585","40","7.4","208","215","423","28","15","43","236","230","466","9.2"
"98039","Merlino","LOMBARDIA","Lodi","LO","26833","45.4332","9.43051","101","10.9","770","798","1568","103","101","204","873","899","1772","11.5"
"98040","Montanaso Lombardo","LOMBARDIA","Lodi","LO","26836","45.3351","9.46575","83","9.6","1084","1089","2173","31","27","58","1115","1116","2231","2.6"
"98041","Mulazzano","LOMBARDIA","Lodi","LO","26837","45.3739","9.39987","91","15.6","2690","2621","5311","208","214","422","2898","2835","5733","7.4"
"98042","Orio Litta","LOMBARDIA","Lodi","LO","26863","45.1581","9.5551","63","9.9","933","865","1798","107","118","225","1040","983","2023","11.1"
"98043","Ospedaletto Lodigiano","LOMBARDIA","Lodi","LO","26864","45.166","9.58251","64","8.5","794","801","1595","125","133","258","919","934","1853","13.9"
"98044","Ossago Lodigiano","LOMBARDIA","Lodi","LO","26816","45.243","9.53774","71","11.7","668","647","1315","49","48","97","717","695","1412","6.9"
"98045","Pieve Fissiraga","LOMBARDIA","Lodi","LO","26854","45.2638","9.45917","76","12.1","733","734","1467","73","64","137","806","798","1604","8.5"
"98046","Salerano sul Lambro","LOMBARDIA","Lodi","LO","26857","45.296","9.38808","77","4.3","1241","1192","2433","115","105","220","1356","1297","2653","8.3"
"98047","San Fiorano","LOMBARDIA","Lodi","LO","26848","45.1375","9.72318","56","9.0","863","872","1735","36","33","69","899","905","1804","3.8"
"98048","San Martino in Strada","LOMBARDIA","Lodi","LO","26817","45.2719","9.52705","73","13.1","1701","1708","3409","107","108","215","1808","1816","3624","5.9"
"98049","San Rocco al Porto","LOMBARDIA","Lodi","LO","26865","45.0833","9.69607","47","30.7","1613","1533","3146","159","159","318","1772","1692","3464","9.2"
"98050","Sant'Angelo Lodigiano","LOMBARDIA","Lodi","LO","26866","45.2323","9.41231","73","20.1","5668","5331","10999","831","835","1666","6499","6166","12665","13.2"
"98051","Santo Stefano Lodigiano","LOMBARDIA","Lodi","LO","26849","45.1198","9.73663","48","10.4","898","905","1803","59","40","99","957","945","1902","5.2"
"98052","Secugnago","LOMBARDIA","Lodi","LO","26826","45.2311","9.59346","68","6.7","917","885","1802","95","87","182","1012","972","1984","9.2"
"98053","Senna Lodigiana","LOMBARDIA","Lodi","LO","26856","45.1497","9.5925","62","26.9","874","877","1751","118","128","246","992","1005","1997","12.3"
"98054","Somaglia","LOMBARDIA","Lodi","LO","26867","45.1454","9.64853","57","20.9","1620","1564","3184","226","251","477","1846","1815","3661","13.0"
"98055","Sordio","LOMBARDIA","Lodi","LO","26858","45.3411","9.36192","85","2.8","1404","1435","2839","164","146","310","1568","1581","3149","9.8"
"98056","Tavazzano con Villavesco","LOMBARDIA","Lodi","LO","26838","45.329","9.40352","82","16.2","2685","2592","5277","431","391","822","3116","2983","6099","13.5"
"98057","Terranova dei Passerini","LOMBARDIA","Lodi","LO","26827","45.2155","9.66089","63","11.2","403","467","870","20","16","36","423","483","906","4.0"
"98058","Turano Lodigiano","LOMBARDIA","Lodi","LO","26828","45.2488","9.6228","68","16.2","687","705","1392","74","72","146","761","777","1538","9.5"
"98059","Valera Fratta","LOMBARDIA","Lodi","LO","26859","45.256","9.33403","78","8.2","736","749","1485","98","86","184","834","835","1669","11.0"
"98060","Villanova del Sillaro","LOMBARDIA","Lodi","LO","26818","45.2377","9.48111","69","13.8","719","758","1477","123","132","255","842","890","1732","14.7"
"98061","Zelo Buon Persico","LOMBARDIA","Lodi","LO","26839","45.4119","9.43204","95","18.7","3137","3086","6223","328","321","649","3465","3407","6872","9.4"
"99001","Bellaria-Igea Marina","EMILIA-ROMAGNA","Rimini","RN","47814","44.1333","12.4835","3","18.3","8398","8023","16421","1204","966","2170","9602","8989","18591","11.7"
"99002","Cattolica","EMILIA-ROMAGNA","Rimini","RN","47841","43.9633","12.7384","12","6.0","7867","7126","14993","876","681","1557","8743","7807","16550","9.4"
"99003","Coriano","EMILIA-ROMAGNA","Rimini","RN","47853","43.9639","12.6034","102","46.8","4697","4660","9357","380","291","671","5077","4951","10028","6.7"
"99004","Gemmano","EMILIA-ROMAGNA","Rimini","RN","47855","43.9049","12.5802","404","19.2","525","539","1064","56","32","88","581","571","1152","7.6"
"99005","Misano Adriatico","EMILIA-ROMAGNA","Rimini","RN","47843","43.9825","12.6947","3","22.4","5639","5554","11193","593","466","1059","6232","6020","12252","8.6"
"99006","Mondaino","EMILIA-ROMAGNA","Rimini","RN","47836","43.8574","12.6719","400","19.8","660","645","1305","79","57","136","739","702","1441","9.4"
"99007","Monte Colombo","EMILIA-ROMAGNA","Rimini","RN","47854","43.9213","12.5537","328","11.9","1556","1565","3121","135","99","234","1691","1664","3355","7.0"
"99008","Montefiore Conca","EMILIA-ROMAGNA","Rimini","RN","47834","43.8884","12.6114","385","22.4","1030","1028","2058","81","56","137","1111","1084","2195","6.2"
"99009","Montegridolfo","EMILIA-ROMAGNA","Rimini","RN","47837","43.8585","12.6879","290","6.8","461","471","932","60","37","97","521","508","1029","9.4"
"99010","Montescudo","EMILIA-ROMAGNA","Rimini","RN","47854","43.9197","12.5448","386","19.9","1445","1508","2953","170","128","298","1615","1636","3251","9.2"
"99011","Morciano di Romagna","EMILIA-ROMAGNA","Rimini","RN","47833","43.9112","12.6479","83","5.5","3126","2983","6109","417","366","783","3543","3349","6892","11.4"
"99012","Poggio Berni","EMILIA-ROMAGNA","Rimini","RN","47824","44.0263","12.4091","155","11.8","1612","1566","3178","98","89","187","1710","1655","3365","5.6"
"99013","Riccione","EMILIA-ROMAGNA","Rimini","RN","47838","43.9993","12.6555","12","17.1","16381","15142","31523","1776","1237","3013","18157","16379","34536","8.7"
"99014","Rimini","EMILIA-ROMAGNA","Rimini","RN","47900","44.0571","12.5646","5","134.5","65433","60450","125883","7827","5891","13718","73260","66341","139601","9.8"
"99015","Saludecio","EMILIA-ROMAGNA","Rimini","RN","47835","43.8744","12.6684","343","34.0","1357","1395","2752","152","124","276","1509","1519","3028","9.1"
"99016","San Clemente","EMILIA-ROMAGNA","Rimini","RN","47832","43.9318","12.6269","179","20.7","2341","2375","4716","281","237","518","2622","2612","5234","9.9"
"99017","San Giovanni in Marignano","EMILIA-ROMAGNA","Rimini","RN","47842","43.9402","12.7093","29","21.2","4199","4145","8344","354","275","629","4553","4420","8973","7.0"
"99018","Santarcangelo di Romagna","EMILIA-ROMAGNA","Rimini","RN","47822","44.0632","12.4471","42","45.1","9993","9524","19517","731","591","1322","10724","10115","20839","6.3"
"99019","Torriana","EMILIA-ROMAGNA","Rimini","RN","47825","43.9906","12.3865","337","23.1","689","733","1422","91","82","173","780","815","1595","10.8"
"99020","Verucchio","EMILIA-ROMAGNA","Rimini","RN","47826","43.9834","12.4225","300","27.0","4531","4575","9106","411","443","854","4942","5018","9960","8.6"
"99021","Casteldelci","EMILIA-ROMAGNA","Rimini","RN","","43.7911","12.1543","618","49.2","215","217","432","8","5","13","223","222","445","2.9"
"99022","Maiolo","EMILIA-ROMAGNA","Rimini","RN","","43.8741","12.3105","590","24.4","395","423","818","21","9","30","416","432","848","3.5"
"99023","Novafeltria","EMILIA-ROMAGNA","Rimini","RN","","43.8948","12.2877","275","41.8","3355","3240","6595","354","333","687","3709","3573","7282","9.4"
"99024","Pennabilli","EMILIA-ROMAGNA","Rimini","RN","","43.8177","12.2655","629","69.7","1437","1411","2848","94","75","169","1531","1486","3017","5.6"
"99025","San Leo","EMILIA-ROMAGNA","Rimini","RN","","43.8966","12.3439","589","53.3","1316","1324","2640","177","153","330","1493","1477","2970","11.1"
"99026","Sant'Agata Feltria","EMILIA-ROMAGNA","Rimini","RN","","43.8625","12.2079","607","79.3","1067","1075","2142","68","70","138","1135","1145","2280","6.1"
"99027","Talamello","EMILIA-ROMAGNA","Rimini","RN","","43.9047","12.2859","386","10.5","519","469","988","40","32","72","559","501","1060","6.8"
"100001","Cantagallo","TOSCANA","Prato","PO","59025","44.0217","11.0797","423","94.9","1455","1460","2915","104","83","187","1559","1543","3102","6.0"
"100002","Carmignano","TOSCANA","Prato","PO","59015","43.8143","11.0195","189","38.6","6555","6469","13024","535","432","967","7090","6901","13991","6.9"
"100003","Montemurlo","TOSCANA","Prato","PO","59013","43.9269","11.0372","73","30.7","8219","7958","16177","849","882","1731","9068","8840","17908","9.7"
"100004","Poggio a Caiano","TOSCANA","Prato","PO","59016","43.8155","11.0583","45","6.0","4522","4311","8833","433","360","793","4955","4671","9626","8.2"
"100005","Prato","TOSCANA","Prato","PO","59100","43.8777","11.1022","61","97.6","81450","75488","156938","14560","13958","28518","96010","89446","185456","15.4"
"100006","Vaiano","TOSCANA","Prato","PO","59021","43.9672","11.124","150","34.2","4765","4521","9286","284","251","535","5049","4772","9821","5.4"
"100007","Vernio","TOSCANA","Prato","PO","59024","44.0444","11.1495","257","63.3","2876","2754","5630","221","161","382","3097","2915","6012","6.4"
"101001","Belvedere di Spinello","CALABRIA","Crotone","KR","88824","39.2158","16.89","330","30.2","1135","1078","2213","56","58","114","1191","1136","2327","4.9"
"101002","Caccuri","CALABRIA","Crotone","KR","88833","39.2267","16.7764","646","57.3","846","806","1652","26","17","43","872","823","1695","2.5"
"101003","Carfizzi","CALABRIA","Crotone","KR","88817","39.3059","16.9756","512","20.3","377","337","714","18","13","31","395","350","745","4.2"
"101004","Casabona","CALABRIA","Crotone","KR","88822","39.2498","16.953","287","68.9","1461","1317","2778","39","39","78","1500","1356","2856","2.7"
"101005","Castelsilano","CALABRIA","Crotone","KR","88834","39.2684","16.7654","900","39.5","515","500","1015","6","13","19","521","513","1034","1.8"
"101006","Cerenzia","CALABRIA","Crotone","KR","88833","39.2429","16.7871","664","24.3","605","590","1195","11","9","20","616","599","1215","1.6"
"101007","Cirò","CALABRIA","Crotone","KR","88813","39.3799","17.0657","351","70.2","1619","1471","3090","29","6","35","1648","1477","3125","1.1"
"101008","Cirò Marina","CALABRIA","Crotone","KR","88811","39.3675","17.1191","5","41.6","7168","6990","14158","508","385","893","7676","7375","15051","5.9"
"101009","Cotronei","CALABRIA","Crotone","KR","88836","39.1591","16.7779","502","78.1","2694","2505","5199","140","95","235","2834","2600","5434","4.3"
"101010","Crotone","CALABRIA","Crotone","KR","88900","39.0808","17.1271","8","179.8","29552","28033","57585","811","485","1296","30363","28518","58881","2.2"
"101011","Crucoli","CALABRIA","Crotone","KR","88812","39.422","17.006","380","49.8","1593","1503","3096","92","55","147","1685","1558","3243","4.5"
"101012","Cutro","CALABRIA","Crotone","KR","88842","39.0359","16.9746","220","131.9","4855","4705","9560","248","257","505","5103","4962","10065","5.0"
"101013","Isola di Capo Rizzuto","CALABRIA","Crotone","KR","88841","38.958","17.0906","90","125.3","7408","7378","14786","440","601","1041","7848","7979","15827","6.6"
"101014","Melissa","CALABRIA","Crotone","KR","88814","39.3091","17.0271","256","50.9","1722","1659","3381","74","74","148","1796","1733","3529","4.2"
"101015","Mesoraca","CALABRIA","Crotone","KR","88838","39.0829","16.7912","415","93.6","3366","3159","6525","109","84","193","3475","3243","6718","2.9"
"101016","Pallagorio","CALABRIA","Crotone","KR","88818","39.3083","16.9075","554","42.0","672","659","1331","2","4","6","674","663","1337","0.4"
"101017","Petilia Policastro","CALABRIA","Crotone","KR","88837","39.113","16.7843","436","96.4","4569","4532","9101","74","92","166","4643","4624","9267","1.8"
"101018","Roccabernarda","CALABRIA","Crotone","KR","88835","39.1357","16.8734","180","65.5","1707","1689","3396","40","31","71","1747","1720","3467","2.0"
"101019","Rocca di Neto","CALABRIA","Crotone","KR","88821","39.1907","16.999","165","43.6","2703","2640","5343","130","121","251","2833","2761","5594","4.5"
"101020","San Mauro Marchesato","CALABRIA","Crotone","KR","88831","39.1006","16.9231","289","42.0","1100","1029","2129","30","33","63","1130","1062","2192","2.9"
"101021","San Nicola dell'Alto","CALABRIA","Crotone","KR","88817","39.2934","16.9695","579","7.8","464","415","879","14","5","19","478","420","898","2.1"
"101022","Santa Severina","CALABRIA","Crotone","KR","88832","39.1478","16.9159","326","51.9","1128","1088","2216","31","15","46","1159","1103","2262","2.0"
"101023","Savelli","CALABRIA","Crotone","KR","88825","39.3125","16.7826","1.014","48.5","671","632","1303","12","6","18","683","638","1321","1.4"
"101024","Scandale","CALABRIA","Crotone","KR","88831","39.1239","16.9588","350","53.7","1600","1576","3176","80","70","150","1680","1646","3326","4.5"
"101025","Strongoli","CALABRIA","Crotone","KR","88816","39.2671","17.0504","342","85.3","3170","3070","6240","125","121","246","3295","3191","6486","3.8"
"101026","Umbriatico","CALABRIA","Crotone","KR","88823","39.3554","16.9241","422","72.9","447","470","917","9","3","12","456","473","929","1.3"
"101027","Verzino","CALABRIA","Crotone","KR","88819","39.3111","16.8607","549","45.4","1004","949","1953","17","9","26","1021","958","1979","1.3"
"102001","Acquaro","CALABRIA","Vibo Valentia","VV","89832","38.5579","16.1904","262","25.3","1241","1190","2431","16","1","17","1257","1191","2448","0.7"
"102002","Arena","CALABRIA","Vibo Valentia","VV","89832","38.5613","16.2108","496","32.4","777","738","1515","11","6","17","788","744","1532","1.1"
"102003","Briatico","CALABRIA","Vibo Valentia","VV","89817","38.725","16.0331","51","27.8","1877","1967","3844","86","53","139","1963","2020","3983","3.5"
"102004","Brognaturo","CALABRIA","Vibo Valentia","VV","89822","38.6013","16.343","755","24.5","353","314","667","1","2","3","354","316","670","0.4"
"102005","Capistrano","CALABRIA","Vibo Valentia","VV","89818","38.6927","16.2902","352","20.9","573","517","1090","1","6","7","574","523","1097","0.6"
"102006","Cessaniti","CALABRIA","Vibo Valentia","VV","89816","38.6635","16.0263","428","17.9","1631","1705","3336","39","30","69","1670","1735","3405","2.0"
"102007","Dasà","CALABRIA","Vibo Valentia","VV","89832","38.5657","16.1956","258","6.2","640","613","1253","12","7","19","652","620","1272","1.5"
"102008","Dinami","CALABRIA","Vibo Valentia","VV","89833","38.5294","16.1475","260","44.1","1223","1155","2378","30","25","55","1253","1180","2433","2.3"
"102009","Drapia","CALABRIA","Vibo Valentia","VV","89862","38.6655","15.9128","262","21.5","1056","979","2035","37","30","67","1093","1009","2102","3.2"
"102010","Fabrizia","CALABRIA","Vibo Valentia","VV","89823","38.4851","16.3004","947","38.8","1209","1160","2369","3","1","4","1212","1161","2373","0.2"
"102011","Filadelfia","CALABRIA","Vibo Valentia","VV","89814","38.7844","16.2933","570","30.5","2837","2740","5577","38","23","61","2875","2763","5638","1.1"
"102012","Filandari","CALABRIA","Vibo Valentia","VV","89841","38.6161","16.0321","486","18.5","908","897","1805","21","18","39","929","915","1844","2.1"
"102013","Filogaso","CALABRIA","Vibo Valentia","VV","89843","38.6822","16.2262","283","23.7","682","737","1419","15","5","20","697","742","1439","1.4"
"102014","Francavilla Angitola","CALABRIA","Vibo Valentia","VV","89815","38.7751","16.268","290","28.3","984","937","1921","32","23","55","1016","960","1976","2.8"
"102015","Francica","CALABRIA","Vibo Valentia","VV","89851","38.6195","16.1006","322","22.7","800","787","1587","38","38","76","838","825","1663","4.6"
"102016","Gerocarne","CALABRIA","Vibo Valentia","VV","89831","38.5876","16.2193","241","44.9","1153","1191","2344","21","15","36","1174","1206","2380","1.5"
"102017","Ionadi","CALABRIA","Vibo Valentia","VV","89851","38.6294","16.0601","430","8.7","1878","1836","3714","56","52","108","1934","1888","3822","2.8"
"102018","Joppolo","CALABRIA","Vibo Valentia","VV","89863","38.584","15.8967","177","15.3","987","997","1984","64","42","106","1051","1039","2090","5.1"
"102019","Limbadi","CALABRIA","Vibo Valentia","VV","89844","38.5568","15.9817","229","28.9","1719","1665","3384","71","43","114","1790","1708","3498","3.3"
"102020","Maierato","CALABRIA","Vibo Valentia","VV","89843","38.7064","16.1923","258","39.9","1089","993","2082","57","59","116","1146","1052","2198","5.3"
"102021","Mileto","CALABRIA","Vibo Valentia","VV","89852","38.6061","16.064","365","34.9","3323","3287","6610","150","134","284","3473","3421","6894","4.1"
"102022","Mongiana","CALABRIA","Vibo Valentia","VV","89823","38.5027","16.3287","922","20.7","396","394","790","6","0","6","402","394","796","0.8"
"102023","Monterosso Calabro","CALABRIA","Vibo Valentia","VV","89819","38.7182","16.2903","310","18.2","901","864","1765","20","11","31","921","875","1796","1.7"
"102024","Nardodipace","CALABRIA","Vibo Valentia","VV","89824","38.4626","16.3582","1.080","32.8","660","715","1375","4","5","9","664","720","1384","0.7"
"102025","Nicotera","CALABRIA","Vibo Valentia","VV","89844","38.5542","15.9389","212","32.8","3067","3175","6242","135","113","248","3202","3288","6490","3.8"
"102026","Parghelia","CALABRIA","Vibo Valentia","VV","89861","38.6819","15.9229","80","8.0","646","631","1277","22","4","26","668","635","1303","2.0"
"102027","Pizzo","CALABRIA","Vibo Valentia","VV","89812","38.7338","16.1629","44","22.3","4270","4248","8518","232","135","367","4502","4383","8885","4.1"
"102028","Pizzoni","CALABRIA","Vibo Valentia","VV","89834","38.6243","16.2561","290","23.2","624","584","1208","14","11","25","638","595","1233","2.0"
"102029","Polia","CALABRIA","Vibo Valentia","VV","89813","38.7504","16.3115","400","31.8","533","504","1037","4","7","11","537","511","1048","1.0"
"102030","Ricadi","CALABRIA","Vibo Valentia","VV","89866","38.6404","15.8584","284","22.3","2243","2217","4460","175","115","290","2418","2332","4750","6.1"
"102031","Rombiolo","CALABRIA","Vibo Valentia","VV","89841","38.5972","16.0039","460","22.8","2205","2252","4457","109","83","192","2314","2335","4649","4.1"
"102032","San Calogero","CALABRIA","Vibo Valentia","VV","89842","38.5754","16.0235","261","25.1","2196","2174","4370","49","41","90","2245","2215","4460","2.0"
"102033","San Costantino Calabro","CALABRIA","Vibo Valentia","VV","89851","38.7053","16.003","454","7.0","1073","1041","2114","65","59","124","1138","1100","2238","5.5"
"102034","San Gregorio d'Ippona","CALABRIA","Vibo Valentia","VV","89853","38.6411","16.1019","402","12.4","1163","1148","2311","57","54","111","1220","1202","2422","4.6"
"102035","San Nicola da Crissa","CALABRIA","Vibo Valentia","VV","89821","38.6648","16.2861","518","19.3","712","688","1400","10","6","16","722","694","1416","1.1"
"102036","Sant'Onofrio","CALABRIA","Vibo Valentia","VV","89843","38.6951","16.1445","350","18.4","1544","1461","3005","69","74","143","1613","1535","3148","4.5"
"102037","Serra San Bruno","CALABRIA","Vibo Valentia","VV","89822","38.5783","16.3324","790","39.6","3321","3393","6714","88","48","136","3409","3441","6850","2.0"
"102038","Simbario","CALABRIA","Vibo Valentia","VV","89822","38.6123","16.3358","766","19.3","493","452","945","5","6","11","498","458","956","1.2"
"102039","Sorianello","CALABRIA","Vibo Valentia","VV","89831","38.592","16.2345","420","9.7","592","605","1197","9","4","13","601","609","1210","1.1"
"102040","Soriano Calabro","CALABRIA","Vibo Valentia","VV","89831","38.6131","16.1993","268","15.2","1238","1160","2398","42","32","74","1280","1192","2472","3.0"
"102041","Spadola","CALABRIA","Vibo Valentia","VV","89822","38.602","16.3368","754","9.6","410","413","823","19","16","35","429","429","858","4.1"
"102042","Spilinga","CALABRIA","Vibo Valentia","VV","89864","38.6118","15.9171","455","18.7","706","686","1392","44","34","78","750","720","1470","5.3"
"102043","Stefanaconi","CALABRIA","Vibo Valentia","VV","89843","38.675","16.1215","365","23.2","1243","1164","2407","59","60","119","1302","1224","2526","4.7"
"102044","Tropea","CALABRIA","Vibo Valentia","VV","89861","38.677","15.8972","61","3.6","3231","3102","6333","158","64","222","3389","3166","6555","3.4"
"102045","Vallelonga","CALABRIA","Vibo Valentia","VV","89821","38.6492","16.3052","646","17.5","335","333","668","6","8","14","341","341","682","2.1"
"102046","Vazzano","CALABRIA","Vibo Valentia","VV","89834","38.6327","16.2444","357","19.9","562","528","1090","9","7","16","571","535","1106","1.4"
"102047","Vibo Valentia","CALABRIA","Vibo Valentia","VV","89900","38.6758","16.0983","476","46.3","16417","15845","32262","649","446","1095","17066","16291","33357","3.3"
"102048","Zaccanopoli","CALABRIA","Vibo Valentia","VV","89867","38.6642","15.9275","430","6.6","393","381","774","18","10","28","411","391","802","3.5"
"102049","Zambrone","CALABRIA","Vibo Valentia","VV","89868","38.6979","15.9918","222","14.4","879","886","1765","27","13","40","906","899","1805","2.2"
"102050","Zungri","CALABRIA","Vibo Valentia","VV","89867","38.6567","15.9829","554","23.3","969","984","1953","17","15","32","986","999","1985","1.6"
"103001","Antrona Schieranco","PIEMONTE","Verbano-Cusio-Ossola","VB","28841","46.0492","8.15282","902","100.0","239","221","460","2","5","7","241","226","467","1.5"
"103002","Anzola d'Ossola","PIEMONTE","Verbano-Cusio-Ossola","VB","28877","45.9893","8.34757","210","13.9","214","213","427","10","11","21","224","224","448","4.7"
"103003","Arizzano","PIEMONTE","Verbano-Cusio-Ossola","VB","28811","45.9556","8.58094","458","1.6","1044","940","1984","36","20","56","1080","960","2040","2.7"
"103004","Arola","PIEMONTE","Verbano-Cusio-Ossola","VB","28899","45.8084","8.35776","615","6.6","119","120","239","4","7","11","123","127","250","4.4"
"103005","Aurano","PIEMONTE","Verbano-Cusio-Ossola","VB","28812","45.9975","8.58815","683","21.2","50","52","102","1","0","1","51","52","103","1.0"
"103006","Baceno","PIEMONTE","Verbano-Cusio-Ossola","VB","28861","46.2622","8.31926","655","68.7","463","442","905","10","7","17","473","449","922","1.8"
"103007","Bannio Anzino","PIEMONTE","Verbano-Cusio-Ossola","VB","28871","45.9847","8.15582","669","38.9","250","255","505","8","5","13","258","260","518","2.5"
"103008","Baveno","PIEMONTE","Verbano-Cusio-Ossola","VB","28831","45.909","8.50558","205","17.3","2288","2265","4553","225","139","364","2513","2404","4917","7.4"
"103009","Bee","PIEMONTE","Verbano-Cusio-Ossola","VB","28813","45.9611","8.58089","591","3.3","352","328","680","26","23","49","378","351","729","6.7"
"103010","Belgirate","PIEMONTE","Verbano-Cusio-Ossola","VB","28832","45.8384","8.57037","199","8.4","265","225","490","31","25","56","296","250","546","10.3"
"103011","Beura-Cardezza","PIEMONTE","Verbano-Cusio-Ossola","VB","28851","46.0788","8.29789","257","28.9","695","702","1397","22","18","40","717","720","1437","2.8"
"103012","Bognanco","PIEMONTE","Verbano-Cusio-Ossola","VB","28842","46.1192","8.20471","980","58.1","107","114","221","3","6","9","110","120","230","3.9"
"103013","Brovello-Carpugnino","PIEMONTE","Verbano-Cusio-Ossola","VB","28833","45.8423","8.53267","445","8.3","324","343","667","35","19","54","359","362","721","7.5"
"103014","Calasca-Castiglione","PIEMONTE","Verbano-Cusio-Ossola","VB","28873","46.0033","8.16693","665","57.6","308","344","652","19","10","29","327","354","681","4.3"
"103015","Cambiasca","PIEMONTE","Verbano-Cusio-Ossola","VB","28814","45.9627","8.54504","290","3.9","823","791","1614","26","6","32","849","797","1646","1.9"
"103016","Cannero Riviera","PIEMONTE","Verbano-Cusio-Ossola","VB","28821","46.0223","8.67902","225","14.5","450","428","878","53","42","95","503","470","973","9.8"
"103017","Cannobio","PIEMONTE","Verbano-Cusio-Ossola","VB","28822","46.0597","8.69828","214","51.2","2432","2332","4764","148","80","228","2580","2412","4992","4.6"
"103018","Caprezzo","PIEMONTE","Verbano-Cusio-Ossola","VB","28815","45.9809","8.56209","530","7.3","71","88","159","6","3","9","77","91","168","5.4"
"103019","Casale Corte Cerro","PIEMONTE","Verbano-Cusio-Ossola","VB","28881","45.9155","8.41624","372","12.1","1702","1674","3376","69","31","100","1771","1705","3476","2.9"
"103020","Cavaglio-Spoccia","PIEMONTE","Verbano-Cusio-Ossola","VB","28825","46.0694","8.64435","697","18.1","122","122","244","6","5","11","128","127","255","4.3"
"103021","Ceppo Morelli","PIEMONTE","Verbano-Cusio-Ossola","VB","28875","45.971","8.0712","753","40.0","163","171","334","6","1","7","169","172","341","2.1"
"103022","Cesara","PIEMONTE","Verbano-Cusio-Ossola","VB","28891","45.8318","8.36825","499","11.2","288","286","574","12","12","24","300","298","598","4.0"
"103023","Cossogno","PIEMONTE","Verbano-Cusio-Ossola","VB","28801","45.9623","8.50619","398","40.0","285","294","579","6","3","9","291","297","588","1.5"
"103024","Craveggia","PIEMONTE","Verbano-Cusio-Ossola","VB","28852","46.1413","8.48706","889","36.5","370","351","721","4","3","7","374","354","728","1.0"
"103025","Crevoladossola","PIEMONTE","Verbano-Cusio-Ossola","VB","28865","46.1622","8.30592","375","39.7","2350","2273","4623","69","34","103","2419","2307","4726","2.2"
"103026","Crodo","PIEMONTE","Verbano-Cusio-Ossola","VB","28862","46.2249","8.32341","505","61.7","718","706","1424","27","21","48","745","727","1472","3.3"
"103027","Cursolo-Orasso","PIEMONTE","Verbano-Cusio-Ossola","VB","28827","46.0959","8.58689","886","21.0","50","49","99","5","2","7","55","51","106","6.6"
"103028","Domodossola","PIEMONTE","Verbano-Cusio-Ossola","VB","28845","46.1132","8.29198","272","36.9","9058","8278","17336","529","310","839","9587","8588","18175","4.6"
"103029","Druogno","PIEMONTE","Verbano-Cusio-Ossola","VB","28853","46.1332","8.42987","836","29.0","490","450","940","25","12","37","515","462","977","3.8"
"103030","Falmenta","PIEMONTE","Verbano-Cusio-Ossola","VB","28827","46.065","8.57161","715","16.2","74","76","150","4","3","7","78","79","157","4.5"
"103031","Formazza","PIEMONTE","Verbano-Cusio-Ossola","VB","28863","46.3759","8.42724","1.280","130.5","205","229","434","6","2","8","211","231","442","1.8"
"103032","Germagno","PIEMONTE","Verbano-Cusio-Ossola","VB","28887","45.8918","8.38807","602","3.0","89","97","186","0","0","0","89","97","186","0.0"
"103033","Ghiffa","PIEMONTE","Verbano-Cusio-Ossola","VB","28823","45.9564","8.61687","201","14.1","1148","1140","2288","65","41","106","1213","1181","2394","4.4"
"103034","Gignese","PIEMONTE","Verbano-Cusio-Ossola","VB","28836","45.8615","8.50965","707","14.9","420","455","875","41","27","68","461","482","943","7.2"
"103035","Gravellona Toce","PIEMONTE","Verbano-Cusio-Ossola","VB","28883","45.9283","8.43246","211","14.7","3682","3418","7100","349","302","651","4031","3720","7751","8.4"
"103036","Gurro","PIEMONTE","Verbano-Cusio-Ossola","VB","28828","46.077","8.5401","812","13.2","125","111","236","4","7","11","129","118","247","4.5"
"103037","Intragna","PIEMONTE","Verbano-Cusio-Ossola","VB","28816","45.9947","8.57386","729","9.9","56","50","106","1","0","1","57","50","107","0.9"
"103038","Loreglia","PIEMONTE","Verbano-Cusio-Ossola","VB","28893","45.9064","8.37098","719","9.3","132","130","262","0","0","0","132","130","262","0.0"
"103039","Macugnaga","PIEMONTE","Verbano-Cusio-Ossola","VB","28876","45.9657","7.97511","1.327","99.4","288","302","590","7","4","11","295","306","601","1.8"
"103040","Madonna del Sasso","PIEMONTE","Verbano-Cusio-Ossola","VB","28894","45.776","8.35243","696","15.3","171","196","367","12","17","29","183","213","396","7.3"
"103041","Malesco","PIEMONTE","Verbano-Cusio-Ossola","VB","28854","46.127","8.50036","761","43.2","725","695","1420","26","19","45","751","714","1465","3.1"
"103042","Masera","PIEMONTE","Verbano-Cusio-Ossola","VB","28855","46.1343","8.32614","297","20.1","747","743","1490","25","12","37","772","755","1527","2.4"
"103043","Massiola","PIEMONTE","Verbano-Cusio-Ossola","VB","28895","45.9124","8.31895","772","8.1","72","65","137","0","0","0","72","65","137","0.0"
"103044","Mergozzo","PIEMONTE","Verbano-Cusio-Ossola","VB","28802","45.9617","8.44456","204","27.3","1068","1019","2087","72","37","109","1140","1056","2196","5.0"
"103045","Miazzina","PIEMONTE","Verbano-Cusio-Ossola","VB","28817","45.975","8.52609","721","21.6","188","209","397","10","7","17","198","216","414","4.1"
"103046","Montecrestese","PIEMONTE","Verbano-Cusio-Ossola","VB","28864","46.1649","8.32668","486","86.5","602","628","1230","20","5","25","622","633","1255","2.0"
"103047","Montescheno","PIEMONTE","Verbano-Cusio-Ossola","VB","28843","46.071","8.21499","512","22.5","200","193","393","10","11","21","210","204","414","5.1"
"103048","Nonio","PIEMONTE","Verbano-Cusio-Ossola","VB","28891","45.8458","8.37759","476","10.1","433","415","848","20","10","30","453","425","878","3.4"
"103049","Oggebbio","PIEMONTE","Verbano-Cusio-Ossola","VB","28824","45.9905","8.6468","265","20.2","402","400","802","49","30","79","451","430","881","9.0"
"103050","Omegna","PIEMONTE","Verbano-Cusio-Ossola","VB","28887","45.8773","8.4096","295","30.8","7640","7169","14809","535","400","935","8175","7569","15744","5.9"
"103051","Ornavasso","PIEMONTE","Verbano-Cusio-Ossola","VB","28877","45.9685","8.41195","215","25.8","1686","1576","3262","69","76","145","1755","1652","3407","4.3"
"103052","Pallanzeno","PIEMONTE","Verbano-Cusio-Ossola","VB","28884","46.0396","8.26033","230","4.4","572","573","1145","22","9","31","594","582","1176","2.6"
"103053","Piedimulera","PIEMONTE","Verbano-Cusio-Ossola","VB","28885","46.0211","8.25737","247","7.6","738","731","1469","48","42","90","786","773","1559","5.8"
"103054","Pieve Vergonte","PIEMONTE","Verbano-Cusio-Ossola","VB","28886","46.0085","8.26522","232","41.9","1322","1259","2581","36","27","63","1358","1286","2644","2.4"
"103055","Premeno","PIEMONTE","Verbano-Cusio-Ossola","VB","28818","45.9771","8.59295","840","7.4","364","355","719","19","8","27","383","363","746","3.6"
"103056","Premia","PIEMONTE","Verbano-Cusio-Ossola","VB","28866","46.2684","8.34029","800","89.2","281","285","566","9","2","11","290","287","577","1.9"
"103057","Premosello-Chiovenda","PIEMONTE","Verbano-Cusio-Ossola","VB","28803","46.0041","8.33226","222","34.1","996","943","1939","45","50","95","1041","993","2034","4.7"
"103058","Quarna Sopra","PIEMONTE","Verbano-Cusio-Ossola","VB","28898","45.8725","8.37332","860","9.5","156","129","285","4","0","4","160","129","289","1.4"
"103059","Quarna Sotto","PIEMONTE","Verbano-Cusio-Ossola","VB","28896","45.8677","8.36275","802","16.0","207","202","409","10","1","11","217","203","420","2.6"
"103060","Re","PIEMONTE","Verbano-Cusio-Ossola","VB","28856","46.1321","8.5476","710","27.2","385","354","739","10","8","18","395","362","757","2.4"
"103061","San Bernardino Verbano","PIEMONTE","Verbano-Cusio-Ossola","VB","28804","45.9561","8.51837","304","26.0","671","675","1346","23","15","38","694","690","1384","2.7"
"103062","Santa Maria Maggiore","PIEMONTE","Verbano-Cusio-Ossola","VB","28857","46.1338","8.45977","816","53.1","613","612","1225","25","14","39","638","626","1264","3.1"
"103063","Seppiana","PIEMONTE","Verbano-Cusio-Ossola","VB","28843","46.0588","8.21674","557","5.7","85","73","158","3","0","3","88","73","161","1.9"
"103064","Stresa","PIEMONTE","Verbano-Cusio-Ossola","VB","28838","45.8996","8.53933","200","33.2","2227","2096","4323","301","192","493","2528","2288","4816","10.2"
"103065","Toceno","PIEMONTE","Verbano-Cusio-Ossola","VB","28858","46.143","8.47193","907","15.8","381","378","759","6","6","12","387","384","771","1.6"
"103066","Trarego Viggiona","PIEMONTE","Verbano-Cusio-Ossola","VB","28826","46.0348","8.67536","771","18.8","175","185","360","18","14","32","193","199","392","8.2"
"103067","Trasquera","PIEMONTE","Verbano-Cusio-Ossola","VB","28868","46.2128","8.21493","1.100","39.5","101","107","208","1","2","3","102","109","211","1.4"
"103068","Trontano","PIEMONTE","Verbano-Cusio-Ossola","VB","28859","46.1221","8.33248","520","57.9","829","828","1657","32","13","45","861","841","1702","2.6"
"103069","Valstrona","PIEMONTE","Verbano-Cusio-Ossola","VB","28897","45.9068","8.34004","525","48.9","627","635","1262","6","0","6","633","635","1268","0.5"
"103070","Vanzone con San Carlo","PIEMONTE","Verbano-Cusio-Ossola","VB","28879","45.9797","8.11186","677","16.2","218","208","426","6","3","9","224","211","435","2.1"
"103071","Varzo","PIEMONTE","Verbano-Cusio-Ossola","VB","28868","46.2089","8.2526","568","94.5","1045","1017","2062","27","17","44","1072","1034","2106","2.1"
"103072","Verbania","PIEMONTE","Verbano-Cusio-Ossola","VB","28900","45.9282","8.55547","197","37.7","14783","13202","27985","1358","989","2347","16141","14191","30332","7.7"
"103073","Viganella","PIEMONTE","Verbano-Cusio-Ossola","VB","28841","46.0457","8.18118","582","13.7","74","77","151","10","13","23","84","90","174","13.2"
"103074","Vignone","PIEMONTE","Verbano-Cusio-Ossola","VB","28819","45.962","8.56493","449","3.6","589","608","1197","12","11","23","601","619","1220","1.9"
"103075","Villadossola","PIEMONTE","Verbano-Cusio-Ossola","VB","28844","46.071","8.26286","257","18.0","3376","3113","6489","175","113","288","3551","3226","6777","4.2"
"103076","Villette","PIEMONTE","Verbano-Cusio-Ossola","VB","28856","46.1303","8.53149","807","7.5","133","128","261","2","1","3","135","129","264","1.1"
"103077","Vogogna","PIEMONTE","Verbano-Cusio-Ossola","VB","28805","46.0071","8.29394","226","15.3","856","812","1668","42","41","83","898","853","1751","4.7"
"104001","Aggius","SARDEGNA","Olbia-Tempio","OT","7020","40.9303","9.06678","514","83.6","808","759","1567","18","17","35","826","776","1602","2.2"
"104002","Aglientu","SARDEGNA","Olbia-Tempio","OT","7020","41.0786","9.1131","420","148.6","531","560","1091","52","28","80","583","588","1171","6.8"
"104003","Alà dei Sardi","SARDEGNA","Olbia-Tempio","OT","7020","40.6481","9.3248","663","188.6","929","950","1879","32","36","68","961","986","1947","3.5"
"104004","Arzachena","SARDEGNA","Olbia-Tempio","OT","7021","41.0798","9.38722","85","228.6","5375","5493","10868","349","230","579","5724","5723","11447","5.1"
"104005","Badesi","SARDEGNA","Olbia-Tempio","OT","7030","40.9677","8.88254","102","30.7","943","895","1838","36","24","60","979","919","1898","3.2"
"104006","Berchidda","SARDEGNA","Olbia-Tempio","OT","7022","40.7903","9.23422","290","201.9","1447","1428","2875","13","9","22","1460","1437","2897","0.8"
"104007","Bortigiadas","SARDEGNA","Olbia-Tempio","OT","7030","40.8917","9.04294","479","76.8","408","383","791","5","4","9","413","387","800","1.1"
"104008","Buddusò","SARDEGNA","Olbia-Tempio","OT","7020","40.5755","9.25798","700","218.0","1936","1967","3903","37","39","76","1973","2006","3979","1.9"
"104009","Budoni","SARDEGNA","Olbia-Tempio","OT","8020","40.7039","9.70529","16","55.9","2313","2270","4583","143","120","263","2456","2390","4846","5.4"
"104010","Calangianus","SARDEGNA","Olbia-Tempio","OT","7023","40.8888","9.25639","500","126.4","2082","2086","4168","60","39","99","2142","2125","4267","2.3"
"104011","Golfo Aranci","SARDEGNA","Olbia-Tempio","OT","7020","41.0056","9.61604","2","38.0","1142","1090","2232","39","17","56","1181","1107","2288","2.4"
"104012","La Maddalena","SARDEGNA","Olbia-Tempio","OT","7024","41.222","9.41001","19","49.4","5311","5249","10560","229","147","376","5540","5396","10936","3.4"
"104013","Loiri Porto San Paolo","SARDEGNA","Olbia-Tempio","OT","7020","40.8746","9.62718","100","117.8","1526","1570","3096","86","52","138","1612","1622","3234","4.3"
"104014","Luogosanto","SARDEGNA","Olbia-Tempio","OT","7020","41.0471","9.20294","321","135.5","913","912","1825","42","38","80","955","950","1905","4.2"
"104015","Luras","SARDEGNA","Olbia-Tempio","OT","7025","40.9367","9.17468","508","87.0","1281","1227","2508","71","72","143","1352","1299","2651","5.4"
"104016","Monti","SARDEGNA","Olbia-Tempio","OT","7020","40.8066","9.32708","300","123.4","1183","1207","2390","57","41","98","1240","1248","2488","3.9"
"104017","Olbia","SARDEGNA","Olbia-Tempio","OT","7026","40.9244","9.49506","15","376.1","25248","24401","49649","1941","1717","3658","27189","26118","53307","6.9"
"104018","Oschiri","SARDEGNA","Olbia-Tempio","OT","7027","40.7193","9.09997","202","216.1","1703","1716","3419","11","6","17","1714","1722","3436","0.5"
"104019","Padru","SARDEGNA","Olbia-Tempio","OT","7020","40.7662","9.52077","171","130.0","988","1052","2040","53","37","90","1041","1089","2130","4.2"
"104020","Palau","SARDEGNA","Olbia-Tempio","OT","7020","41.1788","9.38399","5","44.4","1705","1742","3447","183","142","325","1888","1884","3772","8.6"
"104021","Sant'Antonio di Gallura","SARDEGNA","Olbia-Tempio","OT","7030","40.9922","9.30143","355","81.3","743","777","1520","54","45","99","797","822","1619","6.1"
"104022","Santa Teresa Gallura","SARDEGNA","Olbia-Tempio","OT","7028","41.2376","9.19129","44","101.2","2287","2324","4611","240","167","407","2527","2491","5018","8.1"
"104023","San Teodoro","SARDEGNA","Olbia-Tempio","OT","8020","40.7769","9.67033","15","104.9","2069","2193","4262","168","110","278","2237","2303","4540","6.1"
"104024","Telti","SARDEGNA","Olbia-Tempio","OT","7020","40.8754","9.35274","332","84.7","1032","1074","2106","66","50","116","1098","1124","2222","5.2"
"104025","Tempio Pausania","SARDEGNA","Olbia-Tempio","OT","7029","40.8985","9.10412","566","213.7","6886","6676","13562","228","156","384","7114","6832","13946","2.8"
"104026","Trinità d'Agultu e Vignola","SARDEGNA","Olbia-Tempio","OT","7038","40.9935","8.94662","365","136.4","1082","1027","2109","30","16","46","1112","1043","2155","2.1"
"105001","Arzana","SARDEGNA","Ogliastra","OG","8040","39.9138","9.52993","672","162.6","1235","1251","2486","13","2","15","1248","1253","2501","0.6"
"105002","Bari Sardo","SARDEGNA","Ogliastra","OG","8042","39.8419","9.64666","51","37.5","1977","1882","3859","40","39","79","2017","1921","3938","2.0"
"105003","Baunei","SARDEGNA","Ogliastra","OG","8040","40.0287","9.66645","480","216.5","1886","1799","3685","21","10","31","1907","1809","3716","0.8"
"105004","Cardedu","SARDEGNA","Ogliastra","OG","8040","39.7971","9.62342","40","32.3","912","864","1776","22","11","33","934","875","1809","1.8"
"105005","Elini","SARDEGNA","Ogliastra","OG","8040","39.8996","9.53085","472","10.9","276","272","548","2","0","2","278","272","550","0.4"
"105006","Gairo","SARDEGNA","Ogliastra","OG","8040","39.8484","9.50535","685","78.5","750","740","1490","18","6","24","768","746","1514","1.6"
"105007","Girasole","SARDEGNA","Ogliastra","OG","8040","39.9533","9.66124","8","13.0","595","586","1181","7","3","10","602","589","1191","0.8"
"105008","Ilbono","SARDEGNA","Ogliastra","OG","8040","39.8929","9.54579","400","30.9","1120","1075","2195","9","3","12","1129","1078","2207","0.5"
"105009","Jerzu","SARDEGNA","Ogliastra","OG","8044","39.7892","9.52179","427","102.6","1633","1567","3200","16","12","28","1649","1579","3228","0.9"
"105010","Lanusei","SARDEGNA","Ogliastra","OG","8045","39.8189","9.60073","595","53.4","2779","2680","5459","24","9","33","2803","2689","5492","0.6"
"105011","Loceri","SARDEGNA","Ogliastra","OG","8040","39.8574","9.58265","190","19.3","645","602","1247","18","13","31","663","615","1278","2.4"
"105012","Lotzorai","SARDEGNA","Ogliastra","OG","8040","39.9702","9.66151","11","16.8","1058","1054","2112","25","14","39","1083","1068","2151","1.8"
"105013","Osini","SARDEGNA","Ogliastra","OG","8040","39.8222","9.49715","645","39.7","389","413","802","6","3","9","395","416","811","1.1"
"105014","Perdasdefogu","SARDEGNA","Ogliastra","OG","8046","39.6683","9.44504","599","77.7","1002","1027","2029","11","2","13","1013","1029","2042","0.6"
"105015","Seui","SARDEGNA","Ogliastra","OG","8037","39.8397","9.32362","820","148.2","671","688","1359","2","0","2","673","688","1361","0.1"
"105016","Talana","SARDEGNA","Ogliastra","OG","8040","40.0414","9.49649","682","117.9","543","523","1066","2","1","3","545","524","1069","0.3"
"105017","Tertenia","SARDEGNA","Ogliastra","OG","8047","39.6946","9.57697","121","117.8","1876","1894","3770","33","12","45","1909","1906","3815","1.2"
"105018","Tortolì","SARDEGNA","Ogliastra","OG","8048","39.9266","9.65757","13","40.0","5309","5191","10500","138","105","243","5447","5296","10743","2.3"
"105019","Triei","SARDEGNA","Ogliastra","OG","8040","40.0207","9.623","140","28.5","529","592","1121","2","3","5","531","595","1126","0.4"
"105020","Ulassai","SARDEGNA","Ogliastra","OG","8040","39.8114","9.49853","775","122.1","771","744","1515","1","1","2","772","745","1517","0.1"
"105021","Urzulei","SARDEGNA","Ogliastra","OG","8040","40.0931","9.50826","511","129.9","660","632","1292","3","0","3","663","632","1295","0.2"
"105022","Ussassai","SARDEGNA","Ogliastra","OG","8040","39.8097","9.39437","710","47.3","304","291","595","3","1","4","307","292","599","0.7"
"105023","Villagrande Strisaili","SARDEGNA","Ogliastra","OG","8049","39.9582","9.50993","700","210.8","1663","1679","3342","30","4","34","1693","1683","3376","1.0"
"106001","Arbus","SARDEGNA","Medio Campidano","VS","9031","39.5253","8.60095","311","267.2","3285","3234","6519","45","11","56","3330","3245","6575","0.9"
"106002","Barumini","SARDEGNA","Medio Campidano","VS","9021","39.7037","9.0045","202","26.6","648","648","1296","9","5","14","657","653","1310","1.1"
"106003","Collinas","SARDEGNA","Medio Campidano","VS","9020","39.6406","8.84041","249","20.8","442","442","884","0","1","1","442","443","885","0.1"
"106004","Furtei","SARDEGNA","Medio Campidano","VS","9040","39.5636","8.94834","90","26.1","817","839","1656","11","7","18","828","846","1674","1.1"
"106005","Genuri","SARDEGNA","Medio Campidano","VS","9020","39.7436","8.92384","230","7.6","176","167","343","2","0","2","178","167","345","0.6"
"106006","Gesturi","SARDEGNA","Medio Campidano","VS","9020","39.7336","9.02049","310","46.9","635","643","1278","2","0","2","637","643","1280","0.2"
"106007","Gonnosfanadiga","SARDEGNA","Medio Campidano","VS","9035","39.4912","8.66281","180","125.2","3434","3238","6672","20","10","30","3454","3248","6702","0.4"
"106008","Guspini","SARDEGNA","Medio Campidano","VS","9036","39.5393","8.62733","130","174.7","6167","6009","12176","59","37","96","6226","6046","12272","0.8"
"106009","Las Plassas","SARDEGNA","Medio Campidano","VS","9020","39.67","8.97422","148","11.1","124","129","253","3","1","4","127","130","257","1.6"
"106010","Lunamatrona","SARDEGNA","Medio Campidano","VS","9022","39.6505","8.89922","180","20.6","898","868","1766","12","5","17","910","873","1783","1.0"
"106011","Pabillonis","SARDEGNA","Medio Campidano","VS","9030","39.5932","8.72196","40","37.6","1439","1437","2876","23","49","72","1462","1486","2948","2.4"
"106012","Pauli Arbarei","SARDEGNA","Medio Campidano","VS","9020","39.6618","8.92247","136","15.1","311","333","644","6","1","7","317","334","651","1.1"
"106013","Samassi","SARDEGNA","Medio Campidano","VS","9030","39.4817","8.9066","56","42.2","2705","2585","5290","18","13","31","2723","2598","5321","0.6"
"106014","San Gavino Monreale","SARDEGNA","Medio Campidano","VS","9037","39.5535","8.79267","54","87.5","4508","4300","8808","54","32","86","4562","4332","8894","1.0"
"106015","Sanluri","SARDEGNA","Medio Campidano","VS","9025","39.5594","8.90367","135","84.2","4281","4095","8376","51","33","84","4332","4128","8460","1.0"
"106016","Sardara","SARDEGNA","Medio Campidano","VS","9030","39.6138","8.82099","155","56.1","2116","2033","4149","13","6","19","2129","2039","4168","0.5"
"106017","Segariu","SARDEGNA","Medio Campidano","VS","9040","39.5637","8.98182","117","16.7","651","616","1267","5","5","10","656","621","1277","0.8"
"106018","Serramanna","SARDEGNA","Medio Campidano","VS","9038","39.4281","8.91679","30","83.9","4575","4557","9132","69","58","127","4644","4615","9259","1.4"
"106019","Serrenti","SARDEGNA","Medio Campidano","VS","9027","39.4912","8.97501","114","42.8","2503","2507","5010","13","5","18","2516","2512","5028","0.4"
"106020","Setzu","SARDEGNA","Medio Campidano","VS","9029","39.7229","8.93937","206","7.8","70","74","144","0","0","0","70","74","144","0.0"
"106021","Siddi","SARDEGNA","Medio Campidano","VS","9020","39.6722","8.88798","184","11.0","344","351","695","1","0","1","345","351","696","0.1"
"106022","Tuili","SARDEGNA","Medio Campidano","VS","9029","39.714","8.96323","208","24.5","530","529","1059","2","1","3","532","530","1062","0.3"
"106023","Turri","SARDEGNA","Medio Campidano","VS","9020","39.7057","8.91644","164","9.6","222","217","439","1","2","3","223","219","442","0.7"
"106024","Ussaramanna","SARDEGNA","Medio Campidano","VS","9020","39.6917","8.90936","158","9.8","268","286","554","2","0","2","270","286","556","0.4"
"106025","Villacidro","SARDEGNA","Medio Campidano","VS","9039","39.4273","8.72609","267","183.6","7157","7052","14209","40","32","72","7197","7084","14281","0.5"
"106026","Villamar","SARDEGNA","Medio Campidano","VS","9020","39.6162","8.95512","108","38.6","1406","1437","2843","15","14","29","1421","1451","2872","1.0"
"106027","Villanovaforru","SARDEGNA","Medio Campidano","VS","9020","39.6326","8.87005","310","11.0","320","353","673","4","4","8","324","357","681","1.2"
"106028","Villanovafranca","SARDEGNA","Medio Campidano","VS","9020","39.6425","8.9994","300","27.5","696","724","1420","9","4","13","705","728","1433","0.9"
"107001","Buggerru","SARDEGNA","Carbonia-Iglesias","CI","9010","39.3975","8.40101","51","48.2","568","530","1098","9","1","10","577","531","1108","0.9"
"107002","Calasetta","SARDEGNA","Carbonia-Iglesias","CI","9011","39.107","8.36772","9","31.0","1421","1359","2780","29","13","42","1450","1372","2822","1.5"
"107003","Carbonia","SARDEGNA","Carbonia-Iglesias","CI","9013","39.1694","8.52267","111","145.6","14930","13698","28628","149","105","254","15079","13803","28882","0.9"
"107004","Carloforte","SARDEGNA","Carbonia-Iglesias","CI","9014","39.1456","8.3059","10","50.2","3111","3104","6215","57","29","86","3168","3133","6301","1.4"
"107005","Domusnovas","SARDEGNA","Carbonia-Iglesias","CI","9015","39.3627","8.62706","152","80.5","3247","3147","6394","13","9","22","3260","3156","6416","0.3"
"107006","Fluminimaggiore","SARDEGNA","Carbonia-Iglesias","CI","9010","39.4378","8.49934","58","108.2","1482","1459","2941","21","4","25","1503","1463","2966","0.8"
"107007","Giba","SARDEGNA","Carbonia-Iglesias","CI","9010","39.072","8.63394","59","34.7","1052","1028","2080","27","13","40","1079","1041","2120","1.9"
"107008","Gonnesa","SARDEGNA","Carbonia-Iglesias","CI","9010","39.2673","8.4719","42","47.5","2531","2535","5066","45","24","69","2576","2559","5135","1.3"
"107009","Iglesias","SARDEGNA","Carbonia-Iglesias","CI","9016","39.3102","8.5364","200","207.6","14138","13239","27377","189","108","297","14327","13347","27674","1.1"
"107010","Masainas","SARDEGNA","Carbonia-Iglesias","CI","9010","39.051","8.62912","56","22.0","676","656","1332","7","11","18","683","667","1350","1.3"
"107011","Musei","SARDEGNA","Carbonia-Iglesias","CI","9010","39.3024","8.66762","119","20.3","729","780","1509","7","6","13","736","786","1522","0.9"
"107012","Narcao","SARDEGNA","Carbonia-Iglesias","CI","9010","39.1696","8.67453","125","86.0","1670","1653","3323","23","27","50","1693","1680","3373","1.5"
"107013","Nuxis","SARDEGNA","Carbonia-Iglesias","CI","9010","39.1518","8.73637","190","61.5","797","796","1593","28","10","38","825","806","1631","2.3"
"107014","Perdaxius","SARDEGNA","Carbonia-Iglesias","CI","9010","39.1609","8.61126","98","29.6","719","745","1464","5","6","11","724","751","1475","0.7"
"107015","Piscinas","SARDEGNA","Carbonia-Iglesias","CI","9010","39.0767","8.66625","66","14.0","448","405","853","8","11","19","456","416","872","2.2"
"107016","Portoscuso","SARDEGNA","Carbonia-Iglesias","CI","9010","39.2139","8.40746","6","39.1","2643","2561","5204","17","15","32","2660","2576","5236","0.6"
"107017","San Giovanni Suergiu","SARDEGNA","Carbonia-Iglesias","CI","9010","39.1114","8.5213","16","70.6","2966","3008","5974","34","12","46","3000","3020","6020","0.8"
"107018","Santadi","SARDEGNA","Carbonia-Iglesias","CI","9010","39.0939","8.71302","135","115.6","1800","1758","3558","10","2","12","1810","1760","3570","0.3"
"107019","Sant'Anna Arresi","SARDEGNA","Carbonia-Iglesias","CI","9010","39.0037","8.64338","77","36.7","1327","1351","2678","23","11","34","1350","1362","2712","1.3"
"107020","Sant'Antioco","SARDEGNA","Carbonia-Iglesias","CI","9017","39.0702","8.45238","7","87.5","5706","5686","11392","67","37","104","5773","5723","11496","0.9"
"107021","Tratalias","SARDEGNA","Carbonia-Iglesias","CI","9010","39.1039","8.57828","30","31.0","557","544","1101","6","0","6","563","544","1107","0.5"
"107022","Villamassargia","SARDEGNA","Carbonia-Iglesias","CI","9010","39.2762","8.6421","121","91.5","1814","1830","3644","8","3","11","1822","1833","3655","0.3"
"107023","Villaperuccio","SARDEGNA","Carbonia-Iglesias","CI","9010","39.1122","8.6714","68","36.3","547","535","1082","7","8","15","554","543","1097","1.4"
"108001","Agrate Brianza","LOMBARDIA","Monza e della Brianza","MB","20041","45.5755","9.35145","165","11.3","6974","6717","13691","560","519","1079","7534","7236","14770","7.3"
"108002","Aicurzio","LOMBARDIA","Monza e della Brianza","MB","20040","45.641","9.40977","230","2.5","977","933","1910","79","78","157","1056","1011","2067","7.6"
"108003","Albiate","LOMBARDIA","Monza e della Brianza","MB","20042","45.6572","9.24962","233","2.9","2921","2793","5714","252","224","476","3173","3017","6190","7.7"
"108004","Arcore","LOMBARDIA","Monza e della Brianza","MB","20043","45.6283","9.3247","193","9.3","8303","7791","16094","651","540","1191","8954","8331","17285","6.9"
"108005","Barlassina","LOMBARDIA","Monza e della Brianza","MB","20030","45.6559","9.13041","227","2.9","3233","3099","6332","253","241","494","3486","3340","6826","7.2"
"108006","Bellusco","LOMBARDIA","Monza e della Brianza","MB","20040","45.6187","9.42001","214","6.5","3400","3288","6688","278","246","524","3678","3534","7212","7.3"
"108007","Bernareggio","LOMBARDIA","Monza e della Brianza","MB","20044","45.6474","9.40454","234","5.9","4776","4931","9707","440","408","848","5216","5339","10555","8.0"
"108008","Besana in Brianza","LOMBARDIA","Monza e della Brianza","MB","20045","45.7035","9.28969","335","15.8","7474","7222","14696","454","360","814","7928","7582","15510","5.2"
"108009","Biassono","LOMBARDIA","Monza e della Brianza","MB","20046","45.6279","9.27155","202","4.9","5701","5429","11130","317","250","567","6018","5679","11697","4.8"
"108010","Bovisio-Masciago","LOMBARDIA","Monza e della Brianza","MB","20030","45.6097","9.14642","188","4.9","7943","7616","15559","549","488","1037","8492","8104","16596","6.2"
"108011","Briosco","LOMBARDIA","Monza e della Brianza","MB","20040","45.7097","9.24139","271","6.6","2869","2894","5763","112","91","203","2981","2985","5966","3.4"
"108012","Brugherio","LOMBARDIA","Monza e della Brianza","MB","20047","45.5539","9.29796","145","10.3","16007","15199","31206","1069","895","1964","17076","16094","33170","5.9"
"108013","Burago di Molgora","LOMBARDIA","Monza e della Brianza","MB","20040","45.5958","9.38013","182","3.4","2065","1928","3993","134","113","247","2199","2041","4240","5.8"
"108014","Camparada","LOMBARDIA","Monza e della Brianza","MB","20050","45.6547","9.32251","243","1.6","1047","952","1999","44","31","75","1091","983","2074","3.6"
"108015","Carate Brianza","LOMBARDIA","Monza e della Brianza","MB","20048","45.6726","9.23317","250","10.0","8528","8056","16584","609","491","1100","9137","8547","17684","6.2"
"108016","Carnate","LOMBARDIA","Monza e della Brianza","MB","20040","45.6481","9.37867","237","3.5","3248","3238","6486","361","330","691","3609","3568","7177","9.6"
"108017","Cavenago di Brianza","LOMBARDIA","Monza e della Brianza","MB","20040","45.5847","9.41314","176","4.5","3185","3155","6340","292","251","543","3477","3406","6883","7.9"
"108018","Ceriano Laghetto","LOMBARDIA","Monza e della Brianza","MB","20020","45.6296","9.0809","216","7.1","3109","2999","6108","132","84","216","3241","3083","6324","3.4"
"108019","Cesano Maderno","LOMBARDIA","Monza e della Brianza","MB","20031","45.6297","9.14986","198","11.5","17234","16756","33990","1528","1492","3020","18762","18248","37010","8.2"
"108020","Cogliate","LOMBARDIA","Monza e della Brianza","MB","20020","45.639","9.08245","236","7.0","4087","4084","8171","144","135","279","4231","4219","8450","3.3"
"108021","Concorezzo","LOMBARDIA","Monza e della Brianza","MB","20049","45.5867","9.33168","171","8.5","7208","6854","14062","603","528","1131","7811","7382","15193","7.4"
"108022","Correzzana","LOMBARDIA","Monza e della Brianza","MB","20050","45.6646","9.30373","255","2.5","1255","1306","2561","55","41","96","1310","1347","2657","3.6"
"108023","Desio","LOMBARDIA","Monza e della Brianza","MB","20033","45.6232","9.21004","196","14.8","19055","18223","37278","1557","1562","3119","20612","19785","40397","7.7"
"108024","Giussano","LOMBARDIA","Monza e della Brianza","MB","20034","45.6993","9.20722","260","10.3","11731","11465","23196","703","628","1331","12434","12093","24527","5.4"
"108025","Lazzate","LOMBARDIA","Monza e della Brianza","MB","20020","45.6734","9.08468","257","5.3","3774","3667","7441","101","61","162","3875","3728","7603","2.1"
"108026","Lesmo","LOMBARDIA","Monza e della Brianza","MB","20050","45.6503","9.31151","241","5.1","3901","3746","7647","252","195","447","4153","3941","8094","5.5"
"108027","Limbiate","LOMBARDIA","Monza e della Brianza","MB","20051","45.6009","9.13348","187","12.4","15706","15267","30973","1457","1473","2930","17163","16740","33903","8.6"
"108028","Lissone","LOMBARDIA","Monza e della Brianza","MB","20035","45.6122","9.24147","191","9.3","20015","19268","39283","1594","1343","2937","21609","20611","42220","7.0"
"108029","Macherio","LOMBARDIA","Monza e della Brianza","MB","20050","45.6396","9.26696","215","3.2","3447","3325","6772","195","163","358","3642","3488","7130","5.0"
"108030","Meda","LOMBARDIA","Monza e della Brianza","MB","20036","45.6624","9.1616","221","8.3","10954","10485","21439","834","800","1634","11788","11285","23073","7.1"
"108031","Mezzago","LOMBARDIA","Monza e della Brianza","MB","20050","45.6278","9.44246","219","4.2","1924","1849","3773","184","149","333","2108","1998","4106","8.1"
"108032","Misinto","LOMBARDIA","Monza e della Brianza","MB","20020","45.6641","9.08171","252","5.1","2536","2572","5108","61","26","87","2597","2598","5195","1.7"
"108033","Monza","LOMBARDIA","Monza e della Brianza","MB","20052","45.5872","9.27221","162","33.0","56510","51412","107922","6348","5586","11934","62858","56998","119856","10.0"
"108034","Muggiò","LOMBARDIA","Monza e della Brianza","MB","20053","45.5904","9.22751","186","5.5","11125","10732","21857","726","625","1351","11851","11357","23208","5.8"
"108035","Nova Milanese","LOMBARDIA","Monza e della Brianza","MB","20054","45.5881","9.19752","175","5.8","10598","10261","20859","775","681","1456","11373","10942","22315","6.5"
"108036","Ornago","LOMBARDIA","Monza e della Brianza","MB","20060","45.5997","9.41957","193","5.8","2258","2194","4452","139","111","250","2397","2305","4702","5.3"
"108037","Renate","LOMBARDIA","Monza e della Brianza","MB","20055","45.7256","9.28131","314","2.8","1932","1860","3792","179","206","385","2111","2066","4177","9.2"
"108038","Ronco Briantino","LOMBARDIA","Monza e della Brianza","MB","20050","45.6677","9.40392","247","3.0","1598","1597","3195","97","97","194","1695","1694","3389","5.7"
"108039","Seregno","LOMBARDIA","Monza e della Brianza","MB","20038","45.6531","9.20677","222","13.0","20851","19467","40318","1461","1222","2683","22312","20689","43001","6.2"
"108040","Seveso","LOMBARDIA","Monza e della Brianza","MB","20030","45.64","9.14414","211","7.4","10837","10474","21311","724","698","1422","11561","11172","22733","6.3"
"108041","Sovico","LOMBARDIA","Monza e della Brianza","MB","20050","45.646","9.26171","221","3.2","3920","3658","7578","278","213","491","4198","3871","8069","6.1"
"108042","Sulbiate","LOMBARDIA","Monza e della Brianza","MB","20050","45.6396","9.42694","227","5.3","1908","1863","3771","145","151","296","2053","2014","4067","7.3"
"108043","Triuggio","LOMBARDIA","Monza e della Brianza","MB","20050","45.6618","9.26849","231","8.4","4022","4018","8040","264","242","506","4286","4260","8546","5.9"
"108044","Usmate Velate","LOMBARDIA","Monza e della Brianza","MB","20040","45.6501","9.34297","221","10.0","4655","4618","9273","402","358","760","5057","4976","10033","7.6"
"108045","Varedo","LOMBARDIA","Monza e della Brianza","MB","20039","45.5964","9.15346","180","4.8","6120","5872","11992","418","363","781","6538","6235","12773","6.1"
"108046","Vedano al Lambro","LOMBARDIA","Monza e della Brianza","MB","20057","45.6103","9.27125","187","2.0","3573","3389","6962","271","193","464","3844","3582","7426","6.2"
"108047","Veduggio con Colzano","LOMBARDIA","Monza e della Brianza","MB","20050","45.7346","9.26869","305","3.5","2090","2120","4210","96","128","224","2186","2248","4434","5.1"
"108048","Verano Brianza","LOMBARDIA","Monza e della Brianza","MB","20050","45.6861","9.22345","264","3.5","4496","4380","8876","192","207","399","4688","4587","9275","4.3"
"108049","Villasanta","LOMBARDIA","Monza e della Brianza","MB","20058","45.6074","9.30612","173","4.9","6621","6214","12835","413","371","784","7034","6585","13619","5.8"
"108050","Vimercate","LOMBARDIA","Monza e della Brianza","MB","20059","45.6169","9.37177","194","20.7","12088","11146","23234","1113","962","2075","13201","12108","25309","8.2"
"108051","Busnago","LOMBARDIA","Monza e della Brianza","MB","","45.6108","9.47177","210","5.9","3024","3028","6052","200","161","361","3224","3189","6413","5.6"
"108052","Caponago","LOMBARDIA","Monza e della Brianza","MB","","45.569","9.37275","158","5.0","2481","2489","4970","135","121","256","2616","2610","5226","4.9"
"108053","Cornate d'Adda","LOMBARDIA","Monza e della Brianza","MB","","45.6334","9.47196","236","13.7","4794","4700","9494","461","408","869","5255","5108","10363","8.4"
"108054","Lentate sul Seveso","LOMBARDIA","Monza e della Brianza","MB","","45.6779","9.11828","250","14.0","7352","7307","14659","427","400","827","7779","7707","15486","5.3"
"108055","Roncello","LOMBARDIA","Monza e della Brianza","MB","","45.6012","9.45828","196","3.1","1831","1859","3690","122","113","235","1953","1972","3925","6.0"
"109001","Altidona","MARCHE","Fermo","FM","63017","43.1095","13.8003","224","12.9","1519","1500","3019","138","77","215","1657","1577","3234","6.6"
"109002","Amandola","MARCHE","Fermo","FM","63021","42.9981","13.3472","500","69.4","1759","1681","3440","146","123","269","1905","1804","3709","7.3"
"109003","Belmonte Piceno","MARCHE","Fermo","FM","63029","43.0911","13.5404","312","10.6","311","298","609","29","26","55","340","324","664","8.3"
"109004","Campofilone","MARCHE","Fermo","FM","63016","43.0807","13.822","202","12.1","869","871","1740","107","104","211","976","975","1951","10.8"
"109005","Falerone","MARCHE","Fermo","FM","63020","43.1057","13.4703","432","24.5","1544","1443","2987","212","196","408","1756","1639","3395","12.0"
"109006","Fermo","MARCHE","Fermo","FM","63023","43.1628","13.7183","319","124.2","17611","16408","34019","1585","1412","2997","19196","17820","37016","8.1"
"109007","Francavilla d'Ete","MARCHE","Fermo","FM","63010","43.1891","13.5404","231","10.2","421","443","864","79","66","145","500","509","1009","14.4"
"109008","Grottazzolina","MARCHE","Fermo","FM","63024","43.119","13.603","227","9.3","1547","1399","2946","179","162","341","1726","1561","3287","10.4"
"109009","Lapedona","MARCHE","Fermo","FM","63026","43.1098","13.7739","263","14.8","551","559","1110","32","33","65","583","592","1175","5.5"
"109010","Magliano di Tenna","MARCHE","Fermo","FM","63025","43.1392","13.5871","293","7.8","642","642","1284","79","63","142","721","705","1426","10.0"
"109011","Massa Fermana","MARCHE","Fermo","FM","63020","43.1587","13.4801","340","7.7","407","403","810","112","80","192","519","483","1002","19.2"
"109012","Monsampietro Morico","MARCHE","Fermo","FM","63029","43.0442","13.561","289","9.6","298","323","621","33","28","61","331","351","682","8.9"
"109013","Montappone","MARCHE","Fermo","FM","63020","43.1389","13.4688","370","10.4","798","777","1575","97","77","174","895","854","1749","9.9"
"109014","Montefalcone Appennino","MARCHE","Fermo","FM","63028","42.9878","13.4591","757","16.0","200","211","411","18","16","34","218","227","445","7.6"
"109015","Montefortino","MARCHE","Fermo","FM","63044","42.9431","13.3447","612","78.3","579","587","1166","26","22","48","605","609","1214","4.0"
"109016","Monte Giberto","MARCHE","Fermo","FM","63020","43.091","13.6301","322","12.7","387","341","728","45","42","87","432","383","815","10.7"
"109017","Montegiorgio","MARCHE","Fermo","FM","63025","43.1297","13.5386","411","47.4","3199","3072","6271","363","331","694","3562","3403","6965","10.0"
"109018","Montegranaro","MARCHE","Fermo","FM","63014","43.2252","13.629","279","31.3","6062","5995","12057","564","532","1096","6626","6527","13153","8.3"
"109019","Monteleone di Fermo","MARCHE","Fermo","FM","63029","43.0476","13.5303","427","8.1","186","201","387","26","23","49","212","224","436","11.2"
"109020","Montelparo","MARCHE","Fermo","FM","63020","43.0115","13.5553","588","21.6","396","379","775","43","43","86","439","422","861","10.0"
"109021","Monte Rinaldo","MARCHE","Fermo","FM","63020","43.0223","13.5842","475","7.8","176","192","368","14","15","29","190","207","397","7.3"
"109022","Monterubbiano","MARCHE","Fermo","FM","63026","43.0854","13.7181","463","32.1","1118","1080","2198","93","60","153","1211","1140","2351","6.5"
"109023","Monte San Pietrangeli","MARCHE","Fermo","FM","63010","43.1993","13.5784","241","18.3","1155","1091","2246","161","140","301","1316","1231","2547","11.8"
"109024","Monte Urano","MARCHE","Fermo","FM","63015","43.2081","13.6725","247","16.7","3729","3679","7408","464","411","875","4193","4090","8283","10.6"
"109025","Monte Vidon Combatte","MARCHE","Fermo","FM","63027","43.0563","13.6189","393","10.9","213","198","411","30","18","48","243","216","459","10.5"
"109026","Monte Vidon Corrado","MARCHE","Fermo","FM","63020","43.1206","13.4801","429","6.0","350","325","675","48","54","102","398","379","777","13.1"
"109027","Montottone","MARCHE","Fermo","FM","63020","43.0625","13.5896","277","16.4","486","458","944","42","25","67","528","483","1011","6.6"
"109028","Moresco","MARCHE","Fermo","FM","63026","43.086","13.73","405","6.3","284","266","550","30","25","55","314","291","605","9.1"
"109029","Ortezzano","MARCHE","Fermo","FM","63020","43.0308","13.6055","301","7.0","384","352","736","32","23","55","416","375","791","7.0"
"109030","Pedaso","MARCHE","Fermo","FM","63016","43.0989","13.8412","4","3.7","1213","1151","2364","204","203","407","1417","1354","2771","14.7"
"109031","Petritoli","MARCHE","Fermo","FM","63027","43.0684","13.6591","358","23.8","1136","1077","2213","123","104","227","1259","1181","2440","9.3"
"109032","Ponzano di Fermo","MARCHE","Fermo","FM","63020","43.1018","13.6583","248","14.4","782","793","1575","69","64","133","851","857","1708","7.8"
"109033","Porto San Giorgio","MARCHE","Fermo","FM","63017","43.1763","13.797","4","8.6","8036","7156","15192","516","249","765","8552","7405","15957","4.8"
"109034","Porto Sant'Elpidio","MARCHE","Fermo","FM","63018","43.2549","13.7564","4","18.1","11524","10894","22418","1499","1407","2906","13023","12301","25324","11.5"
"109035","Rapagnano","MARCHE","Fermo","FM","63025","43.1614","13.594","316","12.5","951","896","1847","99","98","197","1050","994","2044","9.6"
"109036","Santa Vittoria in Matenano","MARCHE","Fermo","FM","63028","43.0198","13.4859","625","26.0","678","638","1316","57","49","106","735","687","1422","7.5"
"109037","Sant'Elpidio a Mare","MARCHE","Fermo","FM","63019","43.2304","13.6891","251","50.4","7919","7650","15569","743","656","1399","8662","8306","16968","8.2"
"109038","Servigliano","MARCHE","Fermo","FM","63029","43.058","13.4859","215","18.5","1123","1084","2207","84","56","140","1207","1140","2347","6.0"
"109039","Smerillo","MARCHE","Fermo","FM","63020","43.0048","13.4456","806","11.3","182","171","353","23","13","36","205","184","389","9.3"
"109040","Torre San Patrizio","MARCHE","Fermo","FM","63010","43.1869","13.6066","224","11.9","924","918","1842","124","112","236","1048","1030","2078","11.4"
"110001","Andria","PUGLIA","Barletta-Andria-Trani","BT","70031","41.2252","16.2909","151","407.9","49952","48666","98618","810","624","1434","50762","49290","100052","1.4"
"110002","Barletta","PUGLIA","Barletta-Andria-Trani","BT","70051","41.3197","16.2838","15","146.9","46429","46186","92615","902","722","1624","47331","46908","94239","1.7"
"110003","Bisceglie","PUGLIA","Barletta-Andria-Trani","BT","70052","41.2402","16.4958","16","68.5","27105","26712","53817","521","340","861","27626","27052","54678","1.6"
"110004","Canosa di Puglia","PUGLIA","Barletta-Andria-Trani","BT","70053","41.2227","16.067","105","149.5","15077","14607","29684","412","326","738","15489","14933","30422","2.4"
"110005","Margherita di Savoia","PUGLIA","Barletta-Andria-Trani","BT","71044","41.3734","16.1507","1","36.4","6100","5893","11993","121","79","200","6221","5972","12193","1.6"
"110006","Minervino Murge","PUGLIA","Barletta-Andria-Trani","BT","70055","41.0856","16.0774","429","255.4","4726","4512","9238","58","37","95","4784","4549","9333","1.0"
"110007","San Ferdinando di Puglia","PUGLIA","Barletta-Andria-Trani","BT","71046","41.3039","16.0719","68","41.8","6758","6640","13398","280","238","518","7038","6878","13916","3.7"
"110008","Spinazzola","PUGLIA","Barletta-Andria-Trani","BT","70058","40.9685","16.0895","435","182.6","3432","3163","6595","100","60","160","3532","3223","6755","2.4"
"110009","Trani","PUGLIA","Barletta-Andria-Trani","BT","70059","41.2775","16.4178","7","102.1","27428","26816","54244","787","811","1598","28215","27627","55842","2.9"
"110010","Trinitapoli","PUGLIA","Barletta-Andria-Trani","BT","71049","41.3571","16.0863","5","147.6","7188","6782","13970","183","140","323","7371","6922","14293","2.3"
